0.00015320
0.00334040
0.00196240
0.00247930
0.00317130
0.00195580
0.00252990
0.00283460
0.00166140
0.00230380
0.00315470
0.00208910
0.00180780
0.00213750
0.00239730
0.00256110
0.00175860
0.00192600
0.00234560
0.00199410
0.00167260
0.00208500
0.00240370
0.00252910
0.00189980
0.00203870
0.00248440
0.00207060
0.00160640
0.00246080
0.00264220
0.00203930
0.00160520
0.00206040
0.00232840
0.00224190
0.00170600
0.00184520
0.00215110
0.00182130
0.00148090
0.00204040
0.00242160
0.00219030
0.00154620
0.00189390
0.00259340
0.00184750
0.00159410
0.00179500
0.00216250
0.00177320
0.00145610
0.00184010
0.00220110
0.00178410
0.00147030
0.00172940
0.00267080
0.00240980
0.00153950
0.00181770
0.00238140
0.00196360
0.00156270
0.00198390
0.00224940
0.00187430
0.00143390
0.00248850
0.00249830
0.00197350
0.00156620
0.00178800
0.00225980
0.00178320
0.00162700
0.00190580
0.00247320
0.00207080
0.00167410
0.00188500
0.00232230
0.00196680
0.00162310
0.00191910
0.00244530
0.00198800
0.00169330
0.00201760
0.00243820
0.00196050
0.00154210
0.00195790
0.00236900
0.00198430
0.00166360
0.00197990
0.00215460
0.00198470
0.00170060
0.00205370
0.00256890
0.00186220
0.00153920
0.00189590
0.00225890
0.00185220
0.00144440
0.00196450
0.00237320
0.00188040
0.00165820
0.00208850
0.00236690
0.00200490
0.00150140
0.00188020
0.00233690
0.00178100
0.00148710
0.00187760
0.00237120
0.00187970
0.00160210
0.00194580
0.00226850
0.00178640
0.00148510
0.00193480
0.00228750
0.00200990
0.00168470
0.00211970
0.00224050
0.00182280
0.00145710
0.00177360
0.00230000
0.00183020
0.00144060
0.00185460
0.00216120
0.00198910
0.00195550
0.00192070
0.00214480
0.00178820
0.00152500
0.00173190
0.00211900
0.00174700
0.00153430
0.00173980
0.00230490
0.00185580
0.00141390
0.00181950
0.00210180
0.00171040
0.00152140
0.00177590
0.00223370
0.00178060
0.00143420
0.00216070
0.00230120
0.00225330
0.00154070
0.00220430
0.00271160
0.00281860
0.00162240
0.00194020
0.00343170
0.00183620
0.00149080
0.00197260
0.00236260
0.00238610
0.00155930
0.00186730
0.00225130
0.00180290
0.00152450
0.00182510
0.00226590
0.00189280
0.00143990
0.00203390
0.00223100
0.00178920
0.00143780
0.00200550
0.00215280
0.00187980
0.00153630
0.00185390
0.00287320
0.00208530
0.00175980
