0.00227740
0.00299780
0.00229780
0.00416890
0.00229230
0.00450030
0.00242790
0.00288970
0.00238710
0.00245570
0.00285020
0.00232090
0.00241870
0.00251910
0.00244980
0.00234770
0.00232310
0.00233050
0.00228660
0.00236830
0.00234240
0.00229960
0.00251050
0.00234980
0.00245720
0.00239620
0.00328350
0.00259380
0.00263910
0.00292360
0.00238530
0.00272320
0.00260060
0.00399680
0.00000000
0.00000000
0.00000000
0.00000000
0.00256330
0.00329320
0.00395700
0.00353660
0.00331310
0.00329450
0.00320900
0.00242720
0.00255610
0.00246670
0.00257700
0.00240340
0.00295610
0.00307500
0.00259820
0.00337930
0.00546490
0.00444250
0.00264920
0.00289470
0.00464060
0.00283650
0.00320860
0.00291560
0.00262930
0.00248660
0.00382180
0.00354950
0.00269680
0.00284600
0.00312320
0.00250050
0.00267080
0.00268160
0.00268340
0.00283490
0.00316360
0.00439810
0.00427210
0.00649850
0.00000000
0.00000000
0.00000000
0.00000000
0.00231700
0.00176840
0.00135780
0.00096920
0.00094720
0.00107330
0.00099990
0.00135300
0.00126680
0.00108480
0.00161410
0.00277600
0.00209870
0.00103590
0.00119770
0.00313840
0.00138260
0.00124940
0.00103700
0.00082240
0.00094590
0.00092280
0.00135460
0.00098650
0.00090390
0.00089270
0.00093120
0.00093630
0.00082140
0.00080370
0.00072810
0.00000000
0.00000000
0.00000000
0.00000000
0.00091110
0.00112300
0.00077120
0.00061300
0.00061430
0.00061500
0.00064180
0.00059890
0.00073010
0.00067210
0.00082010
0.00072410
0.00118030
0.00129100
0.00065880
0.00064460
0.00062460
0.00064560
0.00066000
0.00086510
0.00062450
0.00064970
0.00094010
0.00100930
0.00074550
0.00082580
0.00068890
0.00079700
0.00087900
0.00089800
0.00064170
0.00067610
0.00066530
0.00241720
0.00112980
0.00070560
0.00057940
0.00054640
0.00062030
0.00057200
0.00066710
0.00056080
0.00122020
0.00058240
0.00058570
0.00063720
0.00070720
0.00059880
0.00056000
0.00062300
0.00062290
0.00069600
0.00070990
0.00066240
0.00066790
0.00070180
0.00083440
0.00070550
0.00064810
0.00070540
0.00087190
0.00066920
0.00072190
0.00079860
0.00000000
0.00000000
0.00000000
0.00000000
0.00108890
0.00136460
0.00130520
0.00130550
0.00402300
0.00121010
0.00202110
0.00115370
0.00113670
0.00171130
0.00137200
0.00151460
0.00130450
0.00107410
0.00102630
0.00110500
0.00108240
0.00104020
0.00103560
0.00115870
0.00110530
0.00000000
0.00000000
0.00000000
0.00000000
0.00114120
0.00154000
0.00169770
0.00159210
0.00155820
0.00151240
0.00154650
0.00151650
0.00148470
0.00179320
0.00149420
0.00149410
0.00151800
0.00164900
0.00148030
0.00149370
0.00148830
0.00149550
0.00149550
0.00152280
0.00148880
0.00152060
0.00178970
0.00155530
0.00147420
0.00150450
0.00151620
0.00148060
0.00148600
0.00170480
0.00165250
0.00150060
0.00155500
0.00000000
0.00000000
0.00000000
0.00000000
0.00076230
0.00110910
0.00125780
0.00101250
0.00091240
0.00093720
0.00113420
0.00090910
0.00092480
0.00092390
0.00093440
0.00091980
0.00112710
0.00092850
0.00094250
0.00091920
0.00098340
0.00099830
0.00090540
0.00107320
0.00094290
0.00102840
0.00093810
0.00092440
0.00096220
0.00089510
0.00091900
0.00091470
0.00092480
0.00104590
0.00090220
0.00090580
0.00093360
0.00090730
0.00093760
0.00091690
0.00176260
0.00095700
0.00113700
0.00122660
0.00167910
0.00097980
0.00096010
0.00090940
0.00090810
0.00099680
0.00091050
0.01010900
0.00102540
0.00102570
0.00115340
0.00111010
0.00100250
0.00093160
0.00000000
0.00000000
0.00000000
0.00000000
0.00235430
0.00356000
0.00312530
0.00329670
0.00302300
