1
264.00,119.13,113.00,81.74
262.00,120.13,113.00,81.74
260.00,121.13,113.00,81.74
258.00,122.13,113.00,81.74
257.00,123.13,113.00,81.74
256.00,123.13,113.00,81.74
254.00,124.13,113.00,81.74
253.00,124.13,113.00,81.74
252.00,124.13,113.00,81.74
252.00,124.13,113.00,81.74
252.00,124.13,113.00,81.74
252.00,124.13,113.00,81.74
252.00,124.13,113.00,81.74
252.00,124.13,113.00,81.74
252.00,124.13,113.00,81.74
252.00,124.13,113.00,81.74
252.00,124.13,113.00,81.74
252.00,124.13,113.00,81.74
252.00,124.13,113.00,81.74
252.00,124.13,113.00,81.74
252.00,124.13,113.00,81.74
252.00,123.13,113.00,81.74
252.00,123.13,113.00,81.74
252.00,123.13,113.00,81.74
250.00,123.13,113.00,81.74
248.00,123.13,113.00,81.74
246.00,123.13,113.00,81.74
244.00,122.13,113.00,81.74
241.00,120.13,113.00,81.74
239.00,119.13,113.00,81.74
236.00,117.13,113.00,81.74
233.00,115.13,113.00,81.74
2
0
0
0
0
1
349.57,140.64,118.94,94.90
347.57,139.64,118.94,94.90
344.57,139.64,118.94,94.90
342.57,138.64,118.94,94.90
340.57,138.64,118.94,94.90
339.57,138.64,118.94,94.90
337.57,138.64,118.94,94.90
336.57,138.64,118.94,94.90
334.57,138.64,118.94,94.90
333.57,138.64,118.94,94.90
331.57,138.64,118.94,94.90
330.57,138.64,118.94,94.90
329.57,138.64,118.94,94.90
327.57,138.64,118.94,94.90
327.57,138.64,118.94,94.90
326.57,137.64,118.94,94.90
324.57,135.64,118.94,94.90
322.57,133.64,118.94,94.90
319.57,131.64,118.94,94.90
316.57,128.64,118.94,94.90
313.57,125.64,118.94,94.90
310.57,122.64,118.94,94.90
306.57,118.64,118.94,94.90
302.57,115.64,118.94,94.90
298.57,112.64,118.94,94.90
293.57,108.64,118.94,94.90
289.57,105.64,118.94,94.90
284.57,102.64,118.94,94.90
280.57,99.64,118.94,94.90
277.57,97.64,118.94,94.90
272.57,95.64,118.94,94.90
269.57,93.64,118.94,94.90
265.57,92.64,118.94,94.90
261.57,92.64,118.94,94.90
257.57,92.64,118.94,94.90
253.57,92.64,118.94,94.90
249.57,92.64,118.94,94.90
245.57,92.64,118.94,94.90
2
0
0
0
0
1
354.00,136.00,22.00,51.00
354.00,135.00,22.00,51.00
356.00,134.00,22.00,51.00
356.00,134.00,22.00,51.00
355.00,135.00,22.00,51.00
355.00,137.00,22.00,51.00
355.00,138.00,22.00,51.00
355.00,139.00,22.00,51.00
355.00,139.00,22.00,51.00
354.00,140.00,22.00,51.00
354.00,141.00,22.00,51.00
354.00,142.00,22.00,51.00
354.00,143.00,22.00,51.00
353.00,144.00,22.00,51.00
352.00,145.00,22.00,51.00
351.00,146.00,22.00,51.00
351.00,147.00,22.00,51.00
351.00,149.00,22.00,51.00
350.00,151.00,22.00,51.00
350.00,153.00,22.00,51.00
350.00,155.00,22.00,51.00
350.00,157.00,22.00,51.00
350.00,158.00,22.00,51.00
349.00,159.00,22.00,51.00
349.00,160.00,22.00,51.00
349.00,162.00,22.00,51.00
348.00,163.00,22.00,51.00
348.00,165.00,22.00,51.00
348.00,166.00,22.00,51.00
2
0
0
0
0
1
329.00,139.00,24.00,33.00
329.00,139.00,24.00,33.00
329.00,139.00,24.00,33.00
329.00,139.00,24.00,33.00
329.00,140.00,24.00,33.00
329.00,140.00,24.00,33.00
330.00,140.00,24.00,33.00
328.00,140.00,24.00,33.00
328.00,140.00,24.00,33.00
327.00,140.00,24.00,33.00
326.00,139.00,24.00,33.00
325.00,139.00,24.00,33.00
325.00,139.00,24.00,33.00
325.00,139.00,24.00,33.00
325.00,139.00,24.00,33.00
325.00,139.00,24.00,33.00
325.00,139.00,24.00,33.00
325.00,139.00,24.00,33.00
326.00,139.00,24.00,33.00
326.00,139.00,24.00,33.00
326.00,139.00,24.00,33.00
326.00,139.00,24.00,33.00
326.00,139.00,24.00,33.00
326.00,139.00,24.00,33.00
326.00,139.00,24.00,33.00
326.00,139.00,24.00,33.00
326.00,139.00,24.00,33.00
326.00,139.00,24.00,33.00
326.00,139.00,24.00,33.00
326.00,139.00,24.00,33.00
326.00,139.00,24.00,33.00
326.00,139.00,24.00,33.00
326.00,139.00,24.00,33.00
326.00,139.00,24.00,33.00
326.00,139.00,24.00,33.00
326.00,139.00,24.00,33.00
326.00,139.00,24.00,33.00
326.00,139.00,24.00,33.00
326.00,139.00,24.00,33.00
326.00,139.00,24.00,33.00
326.00,139.00,24.00,33.00
326.00,139.00,24.00,33.00
326.00,139.00,24.00,33.00
326.00,139.00,24.00,33.00
326.00,139.00,24.00,33.00
326.00,139.00,24.00,33.00
326.00,139.00,24.00,33.00
326.00,139.00,24.00,33.00
326.00,139.00,24.00,33.00
326.00,139.00,24.00,33.00
326.00,139.00,24.00,33.00
326.00,139.00,24.00,33.00
326.00,139.00,24.00,33.00
326.00,139.00,24.00,33.00
326.00,139.00,24.00,33.00
326.00,140.00,24.00,33.00
326.00,140.00,24.00,33.00
326.00,140.00,24.00,33.00
326.00,141.00,24.00,33.00
326.00,141.00,24.00,33.00
326.00,141.00,24.00,33.00
326.00,141.00,24.00,33.00
2
0
0
0
0
1
367.00,114.00,73.00,26.00
368.00,113.00,73.00,26.00
368.00,113.00,73.00,26.00
367.00,113.00,73.00,26.00
366.00,113.00,73.00,26.00
366.00,113.00,73.00,26.00
365.00,113.00,73.00,26.00
365.00,113.00,73.00,26.00
365.00,113.00,73.00,26.00
365.00,113.00,73.00,26.00
365.00,113.00,73.00,26.00
364.00,113.00,73.00,26.00
362.00,113.00,73.00,26.00
360.00,114.00,73.00,26.00
357.00,115.00,73.00,26.00
354.00,118.00,73.00,26.00
349.00,120.00,73.00,26.00
344.00,122.00,73.00,26.00
338.00,125.00,73.00,26.00
2
0
0
0
0
1
409.49,98.40,71.52,44.20
408.49,99.40,71.52,44.20
407.49,100.40,71.52,44.20
405.49,102.40,71.52,44.20
403.49,104.40,71.52,44.20
402.49,105.40,71.52,44.20
401.49,106.40,71.52,44.20
399.49,108.40,71.52,44.20
398.49,110.40,71.52,44.20
397.49,112.40,71.52,44.20
395.49,114.40,71.52,44.20
394.49,115.40,71.52,44.20
393.49,117.40,71.52,44.20
392.49,119.40,71.52,44.20
392.49,120.40,71.52,44.20
392.49,121.40,71.52,44.20
391.49,122.40,71.52,44.20
391.49,123.40,71.52,44.20
390.49,124.40,71.52,44.20
390.49,125.40,71.52,44.20
390.49,125.40,71.52,44.20
388.49,125.40,71.52,44.20
386.49,125.40,71.52,44.20
384.49,125.40,71.52,44.20
382.49,126.40,71.52,44.20
381.49,127.40,71.52,44.20
380.49,128.40,71.52,44.20
379.49,131.40,71.52,44.20
379.49,134.40,71.52,44.20
378.49,136.40,71.52,44.20
376.49,139.40,71.52,44.20
2
0
0
0
0
1
449.86,135.42,36.61,54.16
448.86,136.42,36.61,54.16
448.86,137.42,36.61,54.16
448.86,137.42,36.61,54.16
448.86,136.42,36.61,54.16
446.86,135.42,36.61,54.16
445.86,134.42,36.61,54.16
444.86,133.42,36.61,54.16
443.86,133.42,36.61,54.16
441.86,134.42,36.61,54.16
439.86,135.42,36.61,54.16
437.86,135.42,36.61,54.16
436.86,136.42,36.61,54.16
436.86,136.42,36.61,54.16
436.86,136.42,36.61,54.16
437.86,136.42,36.61,54.16
438.86,136.42,36.61,54.16
439.86,136.42,36.61,54.16
438.86,136.42,36.61,54.16
438.86,136.42,36.61,54.16
437.86,136.42,36.61,54.16
437.86,136.42,36.61,54.16
436.86,136.42,36.61,54.16
434.86,136.42,36.61,54.16
430.86,136.42,36.61,54.16
428.86,136.42,36.61,54.16
426.86,136.42,36.61,54.16
425.86,136.42,36.61,54.16
425.86,136.42,36.61,54.16
425.86,136.42,36.61,54.16
425.86,136.42,36.61,54.16
425.86,136.42,36.61,54.16
425.86,136.42,36.61,54.16
425.86,136.42,36.61,54.16
425.86,136.42,36.61,54.16
424.86,136.42,36.61,54.16
424.86,136.42,36.61,54.16
425.86,136.42,36.61,54.16
425.86,136.42,36.61,54.16
424.86,137.42,36.61,54.16
425.86,136.42,36.61,54.16
425.86,136.42,36.61,54.16
425.86,136.42,36.61,54.16
425.86,136.42,36.61,54.16
425.86,136.42,36.61,54.16
425.86,136.42,36.61,54.16
425.86,136.42,36.61,54.16
425.86,136.42,36.61,54.16
425.86,136.42,36.61,54.16
425.86,136.42,36.61,54.16
425.86,136.42,36.61,54.16
425.86,136.42,36.61,54.16
2
0
0
0
0
1
355.16,191.44,83.15,90.13
355.16,190.44,83.15,90.13
354.16,189.44,83.15,90.13
354.16,187.44,83.15,90.13
