0.00227740 0
0.00299780 1
0.00229780 1
0.00416890 1
0.00229230 1
0.00450030 1
0.00242790 1
0.00288970 1
0.00238710 1
0.00245570 1
0.00285020 1
0.00232090 1
0.00241870 1
0.00251910 1
0.00244980 1
0.00234770 1
0.00232310 1
0.00233050 1
0.00228660 1
0.00236830 1
0.00234240 1
0.00229960 1
0.00251050 1
0.00234980 1
0.00245720 1
0.00239620 1
0.00328350 1
0.00259380 1
0.00263910 1
0.00292360 1
0.00238530 1
0.00272320 1
0.00260060 1
0.00399680 1
-
-
-
-
0.00256330 0
0.00329320 1
0.00395700 1
0.00353660 1
0.00331310 1
0.00329450 1
0.00320900 1
0.00242720 1
0.00255610 1
0.00246670 1
0.00257700 1
0.00240340 1
0.00295610 1
0.00307500 1
0.00259820 1
0.00337930 1
0.00546490 1
0.00444250 1
0.00264920 1
0.00289470 1
0.00464060 1
0.00283650 1
0.00320860 1
0.00291560 1
0.00262930 1
0.00248660 1
0.00382180 1
0.00354950 1
0.00269680 1
0.00284600 1
0.00312320 1
0.00250050 1
0.00267080 1
0.00268160 1
0.00268340 1
0.00283490 1
0.00316360 1
0.00439810 1
0.00427210 1
0.00649850 1
-
-
-
-
0.00231700 0
0.00176840 1
0.00135780 1
0.00096920 1
0.00094720 1
0.00107330 1
0.00099990 1
0.00135300 1
0.00126680 1
0.00108480 1
0.00161410 1
0.00277600 1
0.00209870 1
0.00103590 1
0.00119770 1
0.00313840 1
0.00138260 1
0.00124940 1
0.00103700 1
0.00082240 1
0.00094590 1
0.00092280 1
0.00135460 1
0.00098650 1
0.00090390 1
0.00089270 1
0.00093120 1
0.00093630 1
0.00082140 1
0.00080370 1
0.00072810 1
-
-
-
-
0.00091110 0
0.00112300 1
0.00077120 1
0.00061300 1
0.00061430 1
0.00061500 1
0.00064180 1
0.00059890 1
0.00073010 1
0.00067210 1
0.00082010 1
0.00072410 1
0.00118030 1
0.00129100 1
0.00065880 1
0.00064460 1
0.00062460 1
0.00064560 1
0.00066000 1
0.00086510 1
0.00062450 1
0.00064970 1
0.00094010 1
0.00100930 1
0.00074550 1
0.00082580 1
0.00068890 1
0.00079700 1
0.00087900 1
0.00089800 1
0.00064170 1
0.00067610 1
0.00066530 1
0.00241720 1
0.00112980 1
0.00070560 1
0.00057940 1
0.00054640 1
0.00062030 1
0.00057200 1
0.00066710 1
0.00056080 1
0.00122020 1
0.00058240 1
0.00058570 1
0.00063720 1
0.00070720 1
0.00059880 1
0.00056000 1
0.00062300 1
0.00062290 1
0.00069600 1
0.00070990 1
0.00066240 1
0.00066790 1
0.00070180 1
0.00083440 1
0.00070550 1
0.00064810 1
0.00070540 1
0.00087190 1
0.00066920 1
0.00072190 1
0.00079860 1
-
-
-
-
0.00108890 0
0.00136460 1
0.00130520 1
0.00130550 1
0.00402300 1
0.00121010 1
0.00202110 1
0.00115370 1
0.00113670 1
0.00171130 1
0.00137200 1
0.00151460 1
0.00130450 1
0.00107410 1
0.00102630 1
0.00110500 1
0.00108240 1
0.00104020 1
0.00103560 1
0.00115870 1
0.00110530 1
-
-
-
-
0.00114120 0
0.00154000 1
0.00169770 1
0.00159210 1
0.00155820 1
0.00151240 1
0.00154650 1
0.00151650 1
0.00148470 1
0.00179320 1
0.00149420 1
0.00149410 1
0.00151800 1
0.00164900 1
0.00148030 1
0.00149370 1
0.00148830 1
0.00149550 1
0.00149550 1
0.00152280 1
0.00148880 1
0.00152060 1
0.00178970 1
0.00155530 1
0.00147420 1
0.00150450 1
0.00151620 1
0.00148060 1
0.00148600 1
0.00170480 1
0.00165250 1
0.00150060 1
0.00155500 1
-
-
-
-
0.00076230 0
0.00110910 1
0.00125780 1
0.00101250 1
0.00091240 1
0.00093720 1
0.00113420 1
0.00090910 1
0.00092480 1
0.00092390 1
0.00093440 1
0.00091980 1
0.00112710 1
0.00092850 1
0.00094250 1
0.00091920 1
0.00098340 1
0.00099830 1
0.00090540 1
0.00107320 1
0.00094290 1
0.00102840 1
0.00093810 1
0.00092440 1
0.00096220 1
0.00089510 1
0.00091900 1
0.00091470 1
0.00092480 1
0.00104590 1
0.00090220 1
0.00090580 1
0.00093360 1
0.00090730 1
0.00093760 1
0.00091690 1
0.00176260 1
0.00095700 1
0.00113700 1
0.00122660 1
0.00167910 1
0.00097980 1
0.00096010 1
0.00090940 1
0.00090810 1
0.00099680 1
0.00091050 1
0.01010900 1
0.00102540 1
0.00102570 1
0.00115340 1
0.00111010 1
0.00100250 1
0.00093160 1
-
-
-
-
0.00235430 0
0.00356000 1
0.00312530 1
0.00329670 1
0.00302300 1
