0.00301060
0.00288870
0.00096230
0.00087270
0.00082430
0.00153520
0.00098030
0.00083910
0.00272750
0.00101200
0.00090110
0.00088790
0.00094380
0.00108210
0.00107570
0.00086530
0.00089300
0.00126530
0.00088960
0.00084100
0.00094330
0.00089230
0.00096950
0.00124660
0.00099820
0.00086540
0.00082310
0.00086610
0.00087470
0.00091580
0.00085520
0.00084880
0.00085060
0.00081260
0.00083680
0.00086740
0.00089950
0.00083250
0.00087380
0.00086770
0.00088290
0.00095380
0.00086990
0.00081850
0.00091940
0.00086720
0.00087760
0.00088320
0.00087940
0.00082900
0.00096850
0.00087380
0.00085740
0.00086940
0.00090550
0.00087890
0.00083810
0.00086760
0.00083840
0.00087780
0.00158400
0.00088230
0.00093070
0.00091350
0.00089230
0.00101570
0.00088740
0.00086840
0.00087080
0.00100780
0.00086140
0.00088080
0.00088690
0.00087160
0.00088270
0.00084590
0.00084650
0.00084930
0.00085070
0.00084990
0.00085970
0.00082900
0.00084710
0.00084580
0.00103880
0.00153050
0.00087000
0.00085690
0.00115320
0.00086910
0.00086100
0.00083130
0.00081330
0.00100130
0.00089440
0.00084380
0.00085420
0.00077030
0.00084800
0.00093460
0.00084230
0.00096670
0.00132550
0.00096600
0.00095390
0.00087120
0.00099220
0.00091770
0.00090840
0.00088240
0.00093430
0.00091870
0.00169340
0.00101230
0.00092660
0.00101800
0.00091830
0.00091060
0.00098440
0.00091840
0.00093460
0.00089120
0.00089900
0.00091250
0.00091520
0.00089760
0.00093500
0.00094960
0.00090510
0.00085550
0.00088840
0.00090220
0.00089210
0.00111700
0.00093940
0.00094750
0.00086780
0.00097060
0.00097390
0.00091470
0.00090400
0.00088280
0.00089150
0.00087700
0.00089600
0.00090220
0.00088930
0.00102370
0.00089060
0.00085590
0.00090310
0.00093920
0.00089300
0.00091380
0.00087880
0.00090290
0.00095130
0.00089050
0.00089170
0.00089590
0.00095210
0.00089080
0.00110320
0.00096030
0.00092790
0.00099730
0.00091360
0.00088130
0.00089590
0.00094750
0.00091150
0.00088680
0.00090430
0.00082150
0.00082020
0.00088940
0.00083410
0.00081170
0.00083660
0.00085400
0.00086360
0.00085190
0.00083600
0.00082460
0.00086790
0.00085630
0.00082510
0.00131600
0.00101130
0.00088060
0.00089760
0.00091650
0.00090120
0.00094720
0.00092300
0.00088550
0.00087850
0.00089160
0.00090670
0.00094320
0.00093340
0.00092690
0.00086910
0.00094970
0.00087520
0.00093720
0.00091070
0.00088350
0.00088500
0.00086710
0.00175360
0.00111030
0.00100840
0.00137400
0.00100260
0.00104070
0.00097180
0.00108780
0.00110780
0.00093580
0.00107650
0.00275220
0.00098800
0.00094920
0.00102190
0.00089750
0.00097090
0.00099420
0.00090350
0.00090030
0.00089660
0.00097290
0.00109820
0.00097340
0.00084340
0.00085050
0.00130470
0.00094000
0.00096000
0.00087700
0.00089890
0.00093500
0.00098960
0.00092290
0.00095070
0.00093160
0.00114280
0.00089580
0.00091780
0.00083020
0.00089210
0.00107290
