0.00301060 0
0.00288870 1
0.00096230 1
0.00087270 1
0.00082430 1
0.00153520 1
0.00098030 1
0.00083910 1
0.00272750 1
0.00101200 1
0.00090110 1
0.00088790 1
0.00094380 1
0.00108210 1
0.00107570 1
0.00086530 1
0.00089300 1
0.00126530 1
0.00088960 1
0.00084100 1
0.00094330 1
0.00089230 1
0.00096950 1
0.00124660 1
0.00099820 1
0.00086540 1
0.00082310 1
0.00086610 1
0.00087470 1
0.00091580 1
0.00085520 1
0.00084880 1
0.00085060 1
0.00081260 1
0.00083680 1
0.00086740 1
0.00089950 1
0.00083250 1
0.00087380 1
0.00086770 1
0.00088290 1
0.00095380 1
0.00086990 1
0.00081850 1
0.00091940 1
0.00086720 1
0.00087760 1
0.00088320 1
0.00087940 1
0.00082900 1
0.00096850 1
0.00087380 1
0.00085740 1
0.00086940 1
0.00090550 1
0.00087890 1
0.00083810 1
0.00086760 1
0.00083840 1
0.00087780 1
0.00158400 1
0.00088230 1
0.00093070 1
0.00091350 1
0.00089230 1
0.00101570 1
0.00088740 1
0.00086840 1
0.00087080 1
0.00100780 1
0.00086140 1
0.00088080 1
0.00088690 1
0.00087160 1
0.00088270 1
0.00084590 1
0.00084650 1
0.00084930 1
0.00085070 1
0.00084990 1
0.00085970 1
0.00082900 1
0.00084710 1
0.00084580 1
0.00103880 1
0.00153050 1
0.00087000 1
0.00085690 1
0.00115320 1
0.00086910 1
0.00086100 1
0.00083130 1
0.00081330 1
0.00100130 1
0.00089440 1
0.00084380 1
0.00085420 1
0.00077030 1
0.00084800 1
0.00093460 1
0.00084230 1
0.00096670 1
0.00132550 1
0.00096600 1
0.00095390 1
0.00087120 1
0.00099220 1
0.00091770 1
0.00090840 1
0.00088240 1
0.00093430 1
0.00091870 1
0.00169340 1
0.00101230 1
0.00092660 1
0.00101800 1
0.00091830 1
0.00091060 1
0.00098440 1
0.00091840 1
0.00093460 1
0.00089120 1
0.00089900 1
0.00091250 1
0.00091520 1
0.00089760 1
0.00093500 1
0.00094960 1
0.00090510 1
0.00085550 1
0.00088840 1
0.00090220 1
0.00089210 1
0.00111700 1
0.00093940 1
0.00094750 1
0.00086780 1
0.00097060 1
0.00097390 1
0.00091470 1
0.00090400 1
0.00088280 1
0.00089150 1
0.00087700 1
0.00089600 1
0.00090220 1
0.00088930 1
0.00102370 1
0.00089060 1
0.00085590 1
0.00090310 1
0.00093920 1
0.00089300 1
0.00091380 1
0.00087880 1
0.00090290 1
0.00095130 1
0.00089050 1
0.00089170 1
0.00089590 1
0.00095210 1
0.00089080 1
0.00110320 1
0.00096030 1
0.00092790 1
0.00099730 1
0.00091360 1
0.00088130 1
0.00089590 1
0.00094750 1
0.00091150 1
0.00088680 1
0.00090430 1
0.00082150 1
0.00082020 1
0.00088940 1
0.00083410 1
0.00081170 1
0.00083660 1
0.00085400 1
0.00086360 1
0.00085190 1
0.00083600 1
0.00082460 1
0.00086790 1
0.00085630 1
0.00082510 1
0.00131600 1
0.00101130 1
0.00088060 1
0.00089760 1
0.00091650 1
0.00090120 1
0.00094720 1
0.00092300 1
0.00088550 1
0.00087850 1
0.00089160 1
0.00090670 1
0.00094320 1
0.00093340 1
0.00092690 1
0.00086910 1
0.00094970 1
0.00087520 1
0.00093720 1
0.00091070 1
0.00088350 1
0.00088500 1
0.00086710 1
0.00175360 1
0.00111030 1
0.00100840 1
0.00137400 1
0.00100260 1
0.00104070 1
0.00097180 1
0.00108780 1
0.00110780 1
0.00093580 1
0.00107650 1
0.00275220 1
0.00098800 1
0.00094920 1
0.00102190 1
0.00089750 1
0.00097090 1
0.00099420 1
0.00090350 1
0.00090030 1
0.00089660 1
0.00097290 1
0.00109820 1
0.00097340 1
0.00084340 1
0.00085050 1
0.00130470 1
0.00094000 1
0.00096000 1
0.00087700 1
0.00089890 1
0.00093500 1
0.00098960 1
0.00092290 1
0.00095070 1
0.00093160 1
0.00114280 1
0.00089580 1
0.00091780 1
0.00083020 1
0.00089210 1
0.00107290 1
