0.01093230
0.01080040
0.01140820
0.01021980
0.00858170
0.00748790
0.00633020
0.00627150
0.00691010
0.00833410
0.00794300
0.00722100
0.00615280
0.00672380
0.00686710
0.00662090
0.00622760
0.00730030
0.00599010
0.00615770
0.00592030
0.00626650
0.00778890
0.00669230
0.00609990
0.00615400
0.00626080
0.00631120
0.00699070
0.00640370
0.00640530
0.00805030
0.00583380
0.00718100
0.00676190
0.00661950
0.00622750
0.00801580
0.00630900
0.00800990
0.00770870
0.00668830
0.00719690
0.00765480
0.00737340
0.00642530
0.00649010
0.00726140
0.00645460
0.00813170
0.00635990
0.00695940
0.00699890
0.00722180
0.00736690
0.00694160
0.00664170
0.00738270
0.00619300
0.00663160
0.00745170
0.00677190
0.00678550
0.00747110
0.00657620
0.00799890
0.00806880
0.00659900
0.00646220
0.00772540
0.00617400
0.00712030
0.00736820
0.00727080
0.00638490
0.00657930
0.00777310
0.00709650
0.00677200
0.00717260
0.00836220
0.01014710
0.00827160
0.00801270
0.00719560
0.00730980
0.00785680
0.00726100
0.00780160
0.00943550
0.00725780
0.00920420
0.00829350
0.00751550
0.00878050
0.00729460
0.00918620
0.00975670
0.00721180
0.01211710
0.00714470
0.00624930
0.00641510
0.00632900
0.00682100
0.00700210
0.00725280
0.00683410
0.00688990
0.00714280
0.00644900
0.00653040
0.00711260
0.00634250
0.00746230
0.00746380
0.00605660
0.00656240
0.00682870
0.00670750
0.00609380
0.00645820
0.00598290
0.00621500
0.00601450
0.00633190
0.00743960
0.00773190
0.00654780
0.00695280
0.00745970
0.00647410
0.00655440
0.00735640
0.00661540
0.00765200
0.00759900
0.00676370
0.00689610
0.00751380
0.00634450
0.00667470
0.00724220
0.00669530
0.00620920
0.00648450
0.00640430
0.00693820
0.00715900
0.00675790
0.00694010
0.00870130
0.00697080
0.00725590
0.00622950
0.00605310
0.00619340
0.00621300
0.00726070
0.00656460
0.00665020
0.00683890
0.00649180
0.00641250
0.00733870
0.00640670
0.00668220
0.00675600
0.00620600
0.00628960
0.00731920
0.00618920
0.00691640
0.00715270
0.00617420
0.00662050
0.00777780
0.00674160
0.00572860
0.00626260
0.00583850
0.00635050
0.00728810
0.00647180
0.00598420
0.00630310
0.00700520
0.00640800
0.00634410
0.00730630
0.00602700
0.00784990
0.00699580
0.00662700
0.00706690
0.00697930
0.00590660
0.00635250
0.00723760
0.00634740
0.00663090
