0.01093230 0
0.01080040 1
0.01140820 1
0.01021980 1
0.00858170 1
0.00748790 1
0.00633020 1
0.00627150 1
0.00691010 1
0.00833410 1
0.00794300 1
0.00722100 1
0.00615280 1
0.00672380 1
0.00686710 1
0.00662090 1
0.00622760 1
0.00730030 1
0.00599010 1
0.00615770 1
0.00592030 1
0.00626650 1
0.00778890 1
0.00669230 1
0.00609990 1
0.00615400 1
0.00626080 1
0.00631120 1
0.00699070 1
0.00640370 1
0.00640530 1
0.00805030 1
0.00583380 1
0.00718100 1
0.00676190 1
0.00661950 1
0.00622750 1
0.00801580 1
0.00630900 1
0.00800990 1
0.00770870 1
0.00668830 1
0.00719690 1
0.00765480 1
0.00737340 1
0.00642530 1
0.00649010 1
0.00726140 1
0.00645460 1
0.00813170 1
0.00635990 1
0.00695940 1
0.00699890 1
0.00722180 1
0.00736690 1
0.00694160 1
0.00664170 1
0.00738270 1
0.00619300 1
0.00663160 1
0.00745170 1
0.00677190 1
0.00678550 1
0.00747110 1
0.00657620 1
0.00799890 1
0.00806880 1
0.00659900 1
0.00646220 1
0.00772540 1
0.00617400 1
0.00712030 1
0.00736820 1
0.00727080 1
0.00638490 1
0.00657930 1
0.00777310 1
0.00709650 1
0.00677200 1
0.00717260 1
0.00836220 1
0.01014710 1
0.00827160 1
0.00801270 1
0.00719560 1
0.00730980 1
0.00785680 1
0.00726100 1
0.00780160 1
0.00943550 1
0.00725780 1
0.00920420 1
0.00829350 1
0.00751550 1
0.00878050 1
0.00729460 1
0.00918620 1
0.00975670 1
0.00721180 1
0.01211710 1
0.00714470 1
0.00624930 1
0.00641510 1
0.00632900 1
0.00682100 1
0.00700210 1
0.00725280 1
0.00683410 1
0.00688990 1
0.00714280 1
0.00644900 1
0.00653040 1
0.00711260 1
0.00634250 1
0.00746230 1
0.00746380 1
0.00605660 1
0.00656240 1
0.00682870 1
0.00670750 1
0.00609380 1
0.00645820 1
0.00598290 1
0.00621500 1
0.00601450 1
0.00633190 1
0.00743960 1
0.00773190 1
0.00654780 1
0.00695280 1
0.00745970 1
0.00647410 1
0.00655440 1
0.00735640 1
0.00661540 1
0.00765200 1
0.00759900 1
0.00676370 1
0.00689610 1
0.00751380 1
0.00634450 1
0.00667470 1
0.00724220 1
0.00669530 1
0.00620920 1
0.00648450 1
0.00640430 1
0.00693820 1
0.00715900 1
0.00675790 1
0.00694010 1
0.00870130 1
0.00697080 1
0.00725590 1
0.00622950 1
0.00605310 1
0.00619340 1
0.00621300 1
0.00726070 1
0.00656460 1
0.00665020 1
0.00683890 1
0.00649180 1
0.00641250 1
0.00733870 1
0.00640670 1
0.00668220 1
0.00675600 1
0.00620600 1
0.00628960 1
0.00731920 1
0.00618920 1
0.00691640 1
0.00715270 1
0.00617420 1
0.00662050 1
0.00777780 1
0.00674160 1
0.00572860 1
0.00626260 1
0.00583850 1
0.00635050 1
0.00728810 1
0.00647180 1
0.00598420 1
0.00630310 1
0.00700520 1
0.00640800 1
0.00634410 1
0.00730630 1
0.00602700 1
0.00784990 1
0.00699580 1
0.00662700 1
0.00706690 1
0.00697930 1
0.00590660 1
0.00635250 1
0.00723760 1
0.00634740 1
0.00663090 1
