1
135.00,27.00,42.00,125.00
134.00,27.00,42.00,125.00
134.00,27.00,42.00,125.00
134.00,28.00,42.00,125.00
133.00,28.00,42.00,125.00
133.00,29.00,42.00,125.00
132.00,29.00,42.00,125.00
131.00,30.00,42.00,125.00
131.00,30.00,42.00,125.00
130.00,31.00,42.00,125.00
130.00,31.00,42.00,125.00
130.00,32.00,42.00,125.00
129.00,33.00,42.00,125.00
128.00,33.00,42.00,125.00
128.00,33.00,42.00,125.00
127.00,33.00,42.00,125.00
127.00,33.00,42.00,125.00
128.00,32.00,42.00,125.00
128.00,32.00,42.00,125.00
128.00,31.00,42.00,125.00
129.00,31.00,42.00,125.00
129.00,31.00,42.00,125.00
130.00,31.00,42.00,125.00
130.00,31.00,42.00,125.00
131.00,31.00,42.00,125.00
131.00,31.00,42.00,125.00
131.00,31.00,42.00,125.00
132.00,31.00,42.00,125.00
132.00,32.00,42.00,125.00
133.00,32.00,42.00,125.00
133.00,33.00,42.00,125.00
133.00,33.00,42.00,125.00
132.00,34.00,42.00,125.00
132.00,34.00,42.00,125.00
132.00,34.00,42.00,125.00
131.00,35.00,42.00,125.00
130.00,35.00,42.00,125.00
130.00,35.00,42.00,125.00
129.00,35.00,42.00,125.00
128.00,35.00,42.00,125.00
128.00,35.00,42.00,125.00
128.00,35.00,42.00,125.00
128.00,35.00,42.00,125.00
128.00,35.00,42.00,125.00
129.00,36.00,42.00,125.00
128.00,36.00,42.00,125.00
128.00,36.00,42.00,125.00
129.00,37.00,42.00,125.00
129.00,38.00,42.00,125.00
129.00,38.00,42.00,125.00
128.00,37.00,42.00,125.00
128.00,37.00,42.00,125.00
128.00,38.00,42.00,125.00
127.00,37.00,42.00,125.00
127.00,37.00,42.00,125.00
127.00,37.00,42.00,125.00
127.00,37.00,42.00,125.00
128.00,36.00,42.00,125.00
128.00,36.00,42.00,125.00
129.00,35.00,42.00,125.00
130.00,35.00,42.00,125.00
130.00,35.00,42.00,125.00
131.00,36.00,42.00,125.00
131.00,36.00,42.00,125.00
132.00,36.00,42.00,125.00
130.00,36.00,42.00,125.00
129.00,35.00,42.00,125.00
128.00,35.00,42.00,125.00
128.00,35.00,42.00,125.00
128.00,36.00,42.00,125.00
127.00,36.00,42.00,125.00
126.00,36.00,42.00,125.00
124.00,36.00,42.00,125.00
122.00,36.00,42.00,125.00
117.00,35.00,42.00,125.00
112.00,34.00,42.00,125.00
109.00,33.00,42.00,125.00
102.00,31.00,42.00,125.00
105.00,30.00,42.00,125.00
102.00,29.00,42.00,125.00
72.00,26.00,42.00,125.00
68.00,23.00,42.00,125.00
66.00,22.00,42.00,125.00
66.00,19.00,42.00,125.00
63.00,18.00,42.00,125.00
63.00,17.00,42.00,125.00
63.00,15.00,42.00,125.00
62.00,14.00,42.00,125.00
61.00,14.00,42.00,125.00
60.00,13.00,42.00,125.00
2
0
0
0
0
1
108.00,34.00,66.05,112.68
101.00,34.00,66.05,112.68
93.00,34.00,66.05,112.68
87.00,35.00,66.05,112.68
78.00,35.00,66.05,112.68
70.00,36.00,66.05,112.68
61.00,36.00,66.05,112.68
56.00,37.00,66.05,112.68
2
0
0
0
0
1
121.00,35.00,65.22,111.95
60.00,32.00,65.22,111.95
94.00,32.00,65.22,111.95
83.00,30.00,65.22,111.95
70.00,29.00,65.22,111.95
62.00,29.00,65.22,111.95
2
0
0
0
0
1
126.00,39.00,66.35,112.82
100.00,39.00,66.35,112.82
77.00,38.00,66.35,112.82
77.00,37.00,66.35,112.82
69.00,36.00,66.35,112.82
62.00,36.00,66.35,112.82
2
0
0
0
0
1
128.00,63.00,73.40,117.96
125.00,61.00,73.40,117.96
121.00,60.00,73.40,117.96
115.00,58.00,73.40,117.96
91.00,56.00,73.40,117.96
71.00,54.00,73.40,117.96
2
0
0
0
0
1
139.00,12.00,70.15,136.68
121.00,14.00,70.15,136.68
116.00,15.00,70.15,136.68
107.00,17.00,70.15,136.68
95.00,18.00,70.15,136.68
89.00,19.00,70.15,136.68
78.00,20.00,70.15,136.68
2
0
0
0
0
1
109.00,53.00,88.46,129.22
102.00,51.00,88.46,129.22
88.00,49.00,88.46,129.22
78.00,47.00,88.46,129.22
71.00,46.00,88.46,129.22
76.00,44.00,88.46,129.22
119.00,44.00,88.46,129.22
124.00,44.00,88.46,129.22
139.00,44.00,88.46,129.22
143.00,44.00,88.46,129.22
120.00,44.00,88.46,129.22
117.00,44.00,88.46,129.22
133.00,44.00,88.46,129.22
129.00,44.00,88.46,129.22
125.00,41.00,88.46,129.22
128.00,39.00,88.46,129.22
123.00,38.00,88.46,129.22
89.00,35.00,88.46,129.22
87.00,33.00,88.46,129.22
86.00,31.00,88.46,129.22
83.00,29.00,88.46,129.22
81.00,27.00,88.46,129.22
81.00,26.00,88.46,129.22
2
0
0
0
0
1
167.00,67.00,36.94,68.82
167.00,65.00,36.94,68.82
167.00,65.00,36.94,68.82
169.00,64.00,36.94,68.82
171.00,63.00,36.94,68.82
172.00,63.00,36.94,68.82
174.00,62.00,36.94,68.82
176.00,63.00,36.94,68.82
177.00,64.00,36.94,68.82
178.00,64.00,36.94,68.82
147.00,61.00,36.94,68.82
146.00,61.00,36.94,68.82
149.00,61.00,36.94,68.82
147.00,62.00,36.94,68.82
145.00,62.00,36.94,68.82
144.00,63.00,36.94,68.82
141.00,63.00,36.94,68.82
140.00,63.00,36.94,68.82
