0.00008920
0.00318830
0.00275530
0.00425570
0.00248550
0.00265210
0.00388010
0.00260540
0.00260450
0.00366010
0.00309160
0.00281250
0.00337020
0.00357030
0.00364690
0.00296150
0.00249250
0.00267060
0.00403330
0.00256490
0.00250990
0.00275630
0.00280750
0.00245520
0.00240340
0.00304890
0.00340820
0.00275820
0.00298690
0.00268360
0.00282220
0.00257780
0.00239530
0.00264100
0.00287060
0.00263410
0.00247910
0.00340180
0.00311330
0.00336580
0.00269750
0.00245050
0.00392560
0.00258000
0.00262770
0.00280770
0.00269930
0.00287350
0.00250790
0.00256880
0.00384960
0.00279010
0.00280090
0.00343410
0.00257260
0.00240980
0.00278420
0.00345960
0.00270740
0.00260540
0.00244400
0.00258880
0.00296710
0.00241550
0.00273510
0.00301070
0.00316930
0.00317160
0.00258760
0.00249810
0.00258760
0.00283420
0.00313120
0.00260510
0.00327590
0.00280430
0.00274970
0.00272090
0.00272510
0.00261920
0.00265310
0.00261720
0.00269390
0.00237920
0.00251470
0.00263960
0.00264170
0.00227120
0.00185930
0.00184170
0.00178400
0.00217280
0.00000000
0.00000000
0.00000000
0.00000000
0.00002130
0.00304790
0.00259800
0.00273560
0.00268080
0.00256660
0.00299110
0.00267430
0.00231270
0.00161780
0.00000000
0.00000000
0.00000000
0.00000000
0.00001520
0.00269060
0.00252020
0.00193370
0.00246470
0.00266740
0.00287950
0.00230000
0.00000000
0.00000000
0.00000000
0.00000000
0.00001550
0.00258790
0.00276480
0.00353220
0.00347400
0.00309010
0.00260860
0.00227480
0.00000000
0.00000000
0.00000000
0.00000000
0.00002010
0.00298270
0.00262510
0.00276110
0.00288830
0.00293680
0.00273980
0.00258260
0.00000000
0.00000000
0.00000000
0.00000000
0.00001740
0.00274860
0.00259820
0.00301470
0.00289240
0.00281320
0.00261310
0.00254900
0.00240600
0.00000000
0.00000000
0.00000000
0.00000000
0.00001650
0.00275990
0.00251530
0.00252520
0.00274900
0.00285760
0.00281660
0.00237270
0.00262320
0.00249860
0.00253250
0.00269540
0.00279110
0.00267690
0.00259990
0.00261890
0.00254740
0.00250750
0.00256060
0.00267600
0.00292240
0.00259830
0.00310480
0.00272350
0.00321200
0.00000000
0.00000000
0.00000000
0.00000000
0.00002900
0.00144480
0.00102130
0.00087870
0.00086750
0.00101580
0.00125770
0.00089480
0.00085970
0.00084480
0.00084430
0.00085170
0.00090180
0.00084630
0.00087580
0.00085430
0.00084360
0.00089840
0.00135160
