0.03038670 0
0.01161250 1
0.01066230 1
0.00821610 1
0.00661320 1
0.00600190 1
0.00587670 1
0.00580500 1
0.00617700 1
0.00645430 1
0.00601950 1
0.00577550 1
0.00596050 1
0.00621730 1
0.00711210 1
0.00587870 1
0.00614940 1
0.00577940 1
0.00602300 1
0.00611970 1
0.00703380 1
0.00588430 1
0.00600380 1
0.00587020 1
0.00594940 1
0.00750710 1
0.00643110 1
0.00560850 1
0.00572430 1
0.00624050 1
0.00606820 1
0.00669830 1
0.00569720 1
0.00588480 1
0.00572110 1
0.00608980 1
0.00627810 1
0.00687460 1
0.00594990 1
0.00640670 1
0.00628210 1
0.00634480 1
0.00611370 1
0.00622510 1
0.00643280 1
0.00647210 1
0.00622660 1
0.00890180 1
0.00745810 1
0.00618290 1
0.00631900 1
0.00650380 1
0.00650010 1
0.00732870 1
0.00792460 1
0.00642650 1
0.00613110 1
0.00626300 1
0.00604100 1
0.00663470 1
0.00744720 1
0.00629930 1
0.00616000 1
0.00613460 1
0.00617010 1
0.00634410 1
0.00610610 1
0.00624430 1
0.00597990 1
0.00625340 1
0.00650680 1
0.00752750 1
0.00629600 1
0.00603160 1
0.00608750 1
0.00613900 1
0.00663970 1
0.00707000 1
0.00645650 1
0.00624570 1
0.00645510 1
0.00629570 1
0.00895200 1
0.00679030 1
0.00679130 1
0.00813120 1
0.00966840 1
0.00848180 1
0.00778910 1
0.00673990 1
0.00682440 1
0.00634510 1
0.00624680 1
0.00666740 1
0.00731400 1
0.00697450 1
0.00667670 1
0.00699350 1
0.00724750 1
0.00767970 1
0.00818030 1
0.00725040 1
0.00790790 1
0.00717120 1
0.00928640 1
0.00726630 1
0.00607050 1
0.00587280 1
0.00574380 1
0.00559830 1
0.00602860 1
0.00745710 1
0.00632300 1
0.00593500 1
0.00592820 1
0.00602290 1
0.00691960 1
0.00702580 1
0.00595280 1
0.00569700 1
0.00596500 1
0.00560830 1
0.00586830 1
0.00575550 1
0.00588070 1
0.00561380 1
0.00608140 1
0.00635630 1
0.00731670 1
0.00611200 1
0.00603560 1
0.00590360 1
0.00600970 1
0.00615170 1
0.00697200 1
0.00589000 1
0.00592930 1
0.00574130 1
0.00581300 1
0.00699210 1
0.00694900 1
0.00575780 1
0.00585520 1
0.00581860 1
0.00578790 1
0.00747330 1
0.00668170 1
0.00581290 1
0.00559260 1
0.00592400 1
0.00570920 1
0.00622020 1
0.00675700 1
0.00596960 1
0.00575620 1
0.00589370 1
0.00558800 1
0.00615090 1
0.00664290 1
0.00595670 1
0.00570180 1
0.00621130 1
0.00624080 1
0.00636400 1
0.00724630 1
0.00597080 1
0.00593210 1
0.00578480 1
0.00577150 1
0.00618730 1
0.00714070 1
0.00590400 1
0.00603980 1
0.00579460 1
0.00600450 1
0.00576730 1
0.00633920 1
0.00600690 1
0.00616890 1
0.00570440 1
0.00629430 1
0.00584850 1
0.00592500 1
0.00583030 1
0.00603480 1
0.00584390 1
0.00589580 1
0.00574290 1
0.00579160 1
0.00570730 1
0.00577620 1
0.00582270 1
0.00585220 1
0.00588700 1
0.00627730 1
0.00679400 1
0.00598650 1
0.00577570 1
0.00594150 1
0.00581400 1
0.00632750 1
