0.03038670
0.01161250
0.01066230
0.00821610
0.00661320
0.00600190
0.00587670
0.00580500
0.00617700
0.00645430
0.00601950
0.00577550
0.00596050
0.00621730
0.00711210
0.00587870
0.00614940
0.00577940
0.00602300
0.00611970
0.00703380
0.00588430
0.00600380
0.00587020
0.00594940
0.00750710
0.00643110
0.00560850
0.00572430
0.00624050
0.00606820
0.00669830
0.00569720
0.00588480
0.00572110
0.00608980
0.00627810
0.00687460
0.00594990
0.00640670
0.00628210
0.00634480
0.00611370
0.00622510
0.00643280
0.00647210
0.00622660
0.00890180
0.00745810
0.00618290
0.00631900
0.00650380
0.00650010
0.00732870
0.00792460
0.00642650
0.00613110
0.00626300
0.00604100
0.00663470
0.00744720
0.00629930
0.00616000
0.00613460
0.00617010
0.00634410
0.00610610
0.00624430
0.00597990
0.00625340
0.00650680
0.00752750
0.00629600
0.00603160
0.00608750
0.00613900
0.00663970
0.00707000
0.00645650
0.00624570
0.00645510
0.00629570
0.00895200
0.00679030
0.00679130
0.00813120
0.00966840
0.00848180
0.00778910
0.00673990
0.00682440
0.00634510
0.00624680
0.00666740
0.00731400
0.00697450
0.00667670
0.00699350
0.00724750
0.00767970
0.00818030
0.00725040
0.00790790
0.00717120
0.00928640
0.00726630
0.00607050
0.00587280
0.00574380
0.00559830
0.00602860
0.00745710
0.00632300
0.00593500
0.00592820
0.00602290
0.00691960
0.00702580
0.00595280
0.00569700
0.00596500
0.00560830
0.00586830
0.00575550
0.00588070
0.00561380
0.00608140
0.00635630
0.00731670
0.00611200
0.00603560
0.00590360
0.00600970
0.00615170
0.00697200
0.00589000
0.00592930
0.00574130
0.00581300
0.00699210
0.00694900
0.00575780
0.00585520
0.00581860
0.00578790
0.00747330
0.00668170
0.00581290
0.00559260
0.00592400
0.00570920
0.00622020
0.00675700
0.00596960
0.00575620
0.00589370
0.00558800
0.00615090
0.00664290
0.00595670
0.00570180
0.00621130
0.00624080
0.00636400
0.00724630
0.00597080
0.00593210
0.00578480
0.00577150
0.00618730
0.00714070
0.00590400
0.00603980
0.00579460
0.00600450
0.00576730
0.00633920
0.00600690
0.00616890
0.00570440
0.00629430
0.00584850
0.00592500
0.00583030
0.00603480
0.00584390
0.00589580
0.00574290
0.00579160
0.00570730
0.00577620
0.00582270
0.00585220
0.00588700
0.00627730
0.00679400
0.00598650
0.00577570
0.00594150
0.00581400
0.00632750
