0.00732970 0
0.00738130 1
0.00966530 1
0.00746770 1
0.00792390 1
0.00829860 1
0.00778880 1
0.00780590 1
0.00721200 1
0.00728850 1
0.00622670 1
0.00628730 1
0.00631520 1
0.00666320 1
0.00675530 1
0.00636680 1
0.00806340 1
0.00710160 1
0.00641300 1
0.00698860 1
0.00648330 1
0.00748590 1
0.00615160 1
0.00638960 1
0.00614360 1
0.00680680 1
0.00685380 1
0.00664080 1
0.00701080 1
0.00646480 1
0.00615990 1
0.00654830 1
0.00715340 1
0.00648470 1
0.00633330 1
0.00615440 1
0.00648260 1
0.00661530 1
0.00677870 1
0.00693100 1
0.00648820 1
0.00660900 1
0.00696320 1
0.00806360 1
0.00721340 1
0.00701510 1
0.00784640 1
0.00878180 1
0.00705810 1
0.00678870 1
0.00770210 1
0.00678740 1
0.00784190 1
0.00795960 1
0.00722230 1
0.00700370 1
0.00702320 1
0.00740290 1
0.00705770 1
0.00708570 1
0.00706390 1
0.00676280 1
0.00636360 1
0.00703470 1
0.00653330 1
0.00684130 1
0.00644260 1
0.00642760 1
0.00890670 1
0.00719220 1
0.00676470 1
0.00725220 1
0.00686410 1
0.00673190 1
0.00650800 1
0.00658500 1
0.00778980 1
0.00739280 1
0.00705940 1
0.00704300 1
0.00649700 1
0.00710280 1
0.00715900 1
0.00748300 1
0.00701790 1
0.00746730 1
0.00721190 1
0.00760660 1
0.00968450 1
0.00903880 1
0.00777350 1
0.00705640 1
0.00739670 1
0.00688790 1
-
-
-
-
0.00538570 0
0.00652420 1
0.00739920 1
0.00732160 1
0.00915840 1
0.00742770 1
0.00717860 1
0.02778980 1
0.00876390 1
0.02380400 1
0.00821350 1
0.00870140 1
0.00677940 1
0.00603110 1
0.00721600 1
0.00567970 1
0.00609960 1
0.00554410 1
0.00553200 1
0.00568370 1
0.00570870 1
0.00612060 1
0.00666520 1
0.00564730 1
0.00671560 1
0.00731530 1
0.00539020 1
0.00539610 1
0.00719080 1
0.00551250 1
0.00698190 1
0.00649030 1
0.00562340 1
0.00565000 1
0.00641640 1
0.00561410 1
0.00550530 1
0.00619780 1
0.00672220 1
0.00618860 1
0.00529040 1
0.00559730 1
0.00658370 1
0.00545770 1
0.00699540 1
0.00724470 1
0.00600310 1
0.00583080 1
0.00778510 1
0.00620050 1
0.00754820 1
0.00696900 1
0.00637110 1
0.00623640 1
0.00695390 1
0.00613520 1
0.00586290 1
-
-
-
-
0.01083780 0
0.01348140 1
0.01210260 1
0.01150880 1
0.00957910 1
0.01034350 1
0.01179410 1
0.01058260 1
0.01183400 1
0.01028320 1
0.01816480 1
0.01881580 1
0.00960550 1
0.00998790 1
0.01129780 1
0.00930400 1
0.00969620 1
0.01120570 1
0.01022070 1
0.01036130 1
0.01202730 1
0.00948720 1
0.00948940 1
0.01126600 1
0.00962110 1
-
-
-
-
0.00184820 0
0.00154360 1
0.00115950 1
0.00118880 1
0.00119110 1
0.00148600 1
0.00129490 1
0.00164900 1
0.00133510 1
0.00130220 1
0.00197340 1
0.00149050 1
0.00156190 1
0.00125490 1
0.00125000 1
0.00134180 1
0.00166400 1
0.00143260 1
0.00165830 1
