0.00732970
0.00738130
0.00966530
0.00746770
0.00792390
0.00829860
0.00778880
0.00780590
0.00721200
0.00728850
0.00622670
0.00628730
0.00631520
0.00666320
0.00675530
0.00636680
0.00806340
0.00710160
0.00641300
0.00698860
0.00648330
0.00748590
0.00615160
0.00638960
0.00614360
0.00680680
0.00685380
0.00664080
0.00701080
0.00646480
0.00615990
0.00654830
0.00715340
0.00648470
0.00633330
0.00615440
0.00648260
0.00661530
0.00677870
0.00693100
0.00648820
0.00660900
0.00696320
0.00806360
0.00721340
0.00701510
0.00784640
0.00878180
0.00705810
0.00678870
0.00770210
0.00678740
0.00784190
0.00795960
0.00722230
0.00700370
0.00702320
0.00740290
0.00705770
0.00708570
0.00706390
0.00676280
0.00636360
0.00703470
0.00653330
0.00684130
0.00644260
0.00642760
0.00890670
0.00719220
0.00676470
0.00725220
0.00686410
0.00673190
0.00650800
0.00658500
0.00778980
0.00739280
0.00705940
0.00704300
0.00649700
0.00710280
0.00715900
0.00748300
0.00701790
0.00746730
0.00721190
0.00760660
0.00968450
0.00903880
0.00777350
0.00705640
0.00739670
0.00688790
0.00000000
0.00000000
0.00000000
0.00000000
0.00538570
0.00652420
0.00739920
0.00732160
0.00915840
0.00742770
0.00717860
0.02778980
0.00876390
0.02380400
0.00821350
0.00870140
0.00677940
0.00603110
0.00721600
0.00567970
0.00609960
0.00554410
0.00553200
0.00568370
0.00570870
0.00612060
0.00666520
0.00564730
0.00671560
0.00731530
0.00539020
0.00539610
0.00719080
0.00551250
0.00698190
0.00649030
0.00562340
0.00565000
0.00641640
0.00561410
0.00550530
0.00619780
0.00672220
0.00618860
0.00529040
0.00559730
0.00658370
0.00545770
0.00699540
0.00724470
0.00600310
0.00583080
0.00778510
0.00620050
0.00754820
0.00696900
0.00637110
0.00623640
0.00695390
0.00613520
0.00586290
0.00000000
0.00000000
0.00000000
0.00000000
0.01083780
0.01348140
0.01210260
0.01150880
0.00957910
0.01034350
0.01179410
0.01058260
0.01183400
0.01028320
0.01816480
0.01881580
0.00960550
0.00998790
0.01129780
0.00930400
0.00969620
0.01120570
0.01022070
0.01036130
0.01202730
0.00948720
0.00948940
0.01126600
0.00962110
0.00000000
0.00000000
0.00000000
0.00000000
0.00184820
0.00154360
0.00115950
0.00118880
0.00119110
0.00148600
0.00129490
0.00164900
0.00133510
0.00130220
0.00197340
0.00149050
0.00156190
0.00125490
0.00125000
0.00134180
0.00166400
0.00143260
0.00165830
