0.00206700 0
0.00327340 1
0.00233210 1
0.00309310 1
0.00216430 1
0.00229740 1
0.00322830 1
0.00297700 1
0.00219990 1
0.00210150 1
0.00217460 1
0.00210910 1
0.00258700 1
0.00235900 1
0.00226750 1
0.00215590 1
-
-
-
-
0.00180510 0
0.00241300 1
0.00239190 1
0.00252860 1
0.00232880 1
0.00238800 1
0.00235070 1
0.00236250 1
0.00263970 1
-
-
-
-
0.00112970 0
0.00120080 1
0.00103170 1
0.00107240 1
0.00108380 1
0.00109440 1
0.00113980 1
0.00102290 1
-
-
-
-
0.00096980 0
0.00103530 1
0.00102030 1
0.00101150 1
0.00101970 1
0.00103800 1
0.00104290 1
0.00102200 1
-
-
-
-
0.00079580 0
0.00102450 1
0.00102340 1
0.00101440 1
0.00107780 1
0.00123420 1
0.00147640 1
0.00108770 1
0.00129050 1
0.00112340 1
0.00110850 1
0.00105870 1
0.00104450 1
0.00103500 1
0.00117090 1
0.00142480 1
0.00111630 1
0.00113620 1
0.00101480 1
0.00117960 1
0.00107500 1
0.00102180 1
0.00101730 1
0.00102290 1
0.00104190 1
0.00126220 1
0.00104540 1
0.00105050 1
0.00101830 1
0.00102340 1
0.00102420 1
0.00124560 1
0.00103780 1
0.00101160 1
0.00103720 1
0.00103050 1
0.00105680 1
0.00122150 1
0.00119260 1
0.00099300 1
0.00102510 1
0.00191220 1
0.00116790 1
0.00105390 1
0.00102700 1
0.00100200 1
0.00111400 1
0.00103640 1
0.00101340 1
0.00104280 1
0.00120790 1
0.00147530 1
0.00108580 1
0.00106520 1
0.00117530 1
0.00103760 1
0.00103780 1
0.00120450 1
0.00118300 1
0.00111400 1
0.00114050 1
0.00106050 1
0.00103100 1
0.00101870 1
0.00100620 1
0.00110730 1
0.00103640 1
0.00101640 1
0.00115020 1
0.00109120 1
0.00172820 1
0.00139870 1
0.00114870 1
0.00114630 1
0.00109990 1
0.00108950 1
0.00111580 1
0.00122190 1
0.00110300 1
0.00109130 1
0.00111240 1
0.00122990 1
0.00114220 1
0.00137420 1
0.00111950 1
0.00109670 1
0.00219770 1
0.00124720 1
0.00110470 1
0.00110480 1
0.00113220 1
0.00142040 1
0.00112500 1
0.00115920 1
0.00111130 1
0.00109160 1
0.00120140 1
0.00114250 1
0.00109820 1
0.00107420 1
0.00109980 1
0.00107200 1
0.00114000 1
0.00110630 1
0.00109940 1
0.00108880 1
0.00127580 1
0.00114440 1
0.00110060 1
0.00120730 1
0.00113110 1
0.00111430 1
0.00128720 1
0.00109190 1
0.00108040 1
0.00113140 1
0.00109430 1
0.00108040 1
0.00111470 1
0.00109220 1
0.00107590 1
0.00152120 1
0.00153910 1
0.00113970 1
0.00106250 1
0.00111710 1
0.00108480 1
0.00109930 1
0.00114020 1
0.00108130 1
0.00108920 1
0.00108730 1
0.00108580 1
0.00126960 1
0.00112950 1
0.00105720 1
0.00107810 1
0.00104360 1
0.00107440 1
0.00109860 1
0.00131540 1
0.00154090 1
0.00115870 1
0.00126420 1
