1
119.53,40.57,88.15,91.00
151.53,3.57,88.15,91.00
142.53,33.57,88.15,91.00
145.53,33.57,88.15,91.00
136.53,36.57,88.15,91.00
119.53,45.57,88.15,91.00
113.53,49.57,88.15,91.00
99.53,54.57,88.15,91.00
83.53,58.57,88.15,91.00
84.53,63.57,88.15,91.00
88.53,65.57,88.15,91.00
95.53,54.57,88.15,91.00
95.53,56.57,88.15,91.00
97.53,57.57,88.15,91.00
2
0
0
0
0
1
258.99,59.90,78.24,81.70
274.99,63.90,78.24,81.70
266.99,66.90,78.24,81.70
264.99,77.90,78.24,81.70
275.99,82.90,78.24,81.70
275.99,85.90,78.24,81.70
301.99,86.90,78.24,81.70
2
0
0
0
0
1
201.27,85.21,77.63,81.72
206.27,98.21,77.63,81.72
209.27,105.21,77.63,81.72
202.27,106.21,77.63,81.72
180.27,127.21,77.63,81.72
180.27,127.21,77.63,81.72
2
0
0
0
0
1
249.36,126.93,77.62,81.70
243.36,126.93,77.62,81.70
230.36,123.93,77.62,81.70
238.36,123.93,77.62,81.70
255.36,125.93,77.62,81.70
256.36,130.93,77.62,81.70
2
0
0
0
0
1
152.79,129.68,77.62,81.70
152.79,128.68,77.62,81.70
155.79,128.68,77.62,81.70
155.79,128.68,77.62,81.70
155.79,127.68,77.62,81.70
158.79,127.68,77.62,81.70
162.79,129.68,77.62,81.70
167.79,133.68,77.62,81.70
168.79,136.68,77.62,81.70
168.79,138.68,77.62,81.70
171.79,140.68,77.62,81.70
175.79,146.68,77.62,81.70
176.79,149.68,77.62,81.70
176.79,148.68,77.62,81.70
173.79,147.68,77.62,81.70
168.79,147.68,77.62,81.70
166.79,150.68,77.62,81.70
171.79,156.68,77.62,81.70
174.79,163.68,77.62,81.70
173.79,167.68,77.62,81.70
168.79,170.68,77.62,81.70
160.79,170.68,77.62,81.70
153.79,168.68,77.62,81.70
152.79,167.68,77.62,81.70
152.79,170.68,77.62,81.70
148.79,175.68,77.62,81.70
146.79,178.68,77.62,81.70
142.79,182.68,77.62,81.70
135.79,188.68,77.62,81.70
131.79,196.68,77.62,81.70
129.79,205.68,77.62,81.70
126.79,212.68,77.62,81.70
124.79,216.68,77.62,81.70
121.79,217.68,77.62,81.70
120.79,219.68,77.62,81.70
122.79,219.68,77.62,81.70
124.79,221.68,77.62,81.70
123.79,221.68,77.62,81.70
120.79,219.68,77.62,81.70
123.79,215.68,77.62,81.70
131.79,207.68,77.62,81.70
136.79,197.68,77.62,81.70
140.79,185.68,77.62,81.70
136.79,180.68,77.62,81.70
133.79,175.68,77.62,81.70
128.79,174.68,77.62,81.70
121.79,175.68,77.62,81.70
115.79,180.68,77.62,81.70
110.79,187.68,77.62,81.70
106.79,189.68,77.62,81.70
100.79,190.68,77.62,81.70
96.79,191.68,77.62,81.70
99.79,189.68,77.62,81.70
98.79,188.68,77.62,81.70
100.79,185.68,77.62,81.70
109.79,177.68,77.62,81.70
116.79,165.68,77.62,81.70
116.79,151.68,77.62,81.70
120.79,140.68,77.62,81.70
131.79,134.68,77.62,81.70
140.79,129.68,77.62,81.70
145.79,125.68,77.62,81.70
156.79,119.68,77.62,81.70
165.79,115.68,77.62,81.70
165.79,113.68,77.62,81.70
166.79,112.68,77.62,81.70
172.79,112.68,77.62,81.70
179.79,111.68,77.62,81.70
183.79,109.68,77.62,81.70
186.79,106.68,77.62,81.70
189.79,104.68,77.62,81.70
190.79,103.68,77.62,81.70
189.79,103.68,77.62,81.70
186.79,106.68,77.62,81.70
183.79,112.68,77.62,81.70
183.79,118.68,77.62,81.70
184.79,124.68,77.62,81.70
185.79,128.68,77.62,81.70
187.79,131.68,77.62,81.70
189.79,133.68,77.62,81.70
188.79,133.68,77.62,81.70
188.79,132.68,77.62,81.70
191.79,130.68,77.62,81.70
194.79,127.68,77.62,81.70
195.79,124.68,77.62,81.70
194.79,121.68,77.62,81.70
194.79,118.68,77.62,81.70
193.79,117.68,77.62,81.70
192.79,117.68,77.62,81.70
191.79,117.68,77.62,81.70
190.79,119.68,77.62,81.70
190.79,123.68,77.62,81.70
191.79,126.68,77.62,81.70
192.79,130.68,77.62,81.70
193.79,132.68,77.62,81.70
195.79,134.68,77.62,81.70
197.79,135.68,77.62,81.70
200.79,134.68,77.62,81.70
203.79,133.68,77.62,81.70
206.79,131.68,77.62,81.70
212.79,128.68,77.62,81.70
220.79,125.68,77.62,81.70
229.79,122.68,77.62,81.70
238.79,120.68,77.62,81.70
237.79,123.68,77.62,81.70
228.79,128.68,77.62,81.70
223.79,129.68,77.62,81.70
224.79,128.68,77.62,81.70
229.79,126.68,77.62,81.70
229.79,124.68,77.62,81.70
227.79,123.68,77.62,81.70
227.79,122.68,77.62,81.70
227.79,121.68,77.62,81.70
226.79,121.68,77.62,81.70
226.79,121.68,77.62,81.70
227.79,121.68,77.62,81.70
227.79,122.68,77.62,81.70
226.79,123.68,77.62,81.70
226.79,124.68,77.62,81.70
226.79,127.68,77.62,81.70
225.79,130.68,77.62,81.70
223.79,132.68,77.62,81.70
221.79,135.68,77.62,81.70
220.79,138.68,77.62,81.70
220.79,141.68,77.62,81.70
220.79,143.68,77.62,81.70
221.79,145.68,77.62,81.70
222.79,145.68,77.62,81.70
223.79,145.68,77.62,81.70
225.79,144.68,77.62,81.70
226.79,143.68,77.62,81.70
228.79,141.68,77.62,81.70
229.79,139.68,77.62,81.70
231.79,137.68,77.62,81.70
232.79,136.68,77.62,81.70
235.79,135.68,77.62,81.70
237.79,136.68,77.62,81.70
239.79,136.68,77.62,81.70
240.79,138.68,77.62,81.70
243.79,140.68,77.62,81.70
245.79,143.68,77.62,81.70
245.79,147.68,77.62,81.70
243.79,151.68,77.62,81.70
