0.00206700
0.00327340
0.00233210
0.00309310
0.00216430
0.00229740
0.00322830
0.00297700
0.00219990
0.00210150
0.00217460
0.00210910
0.00258700
0.00235900
0.00226750
0.00215590
0.00000000
0.00000000
0.00000000
0.00000000
0.00180510
0.00241300
0.00239190
0.00252860
0.00232880
0.00238800
0.00235070
0.00236250
0.00263970
0.00000000
0.00000000
0.00000000
0.00000000
0.00112970
0.00120080
0.00103170
0.00107240
0.00108380
0.00109440
0.00113980
0.00102290
0.00000000
0.00000000
0.00000000
0.00000000
0.00096980
0.00103530
0.00102030
0.00101150
0.00101970
0.00103800
0.00104290
0.00102200
0.00000000
0.00000000
0.00000000
0.00000000
0.00079580
0.00102450
0.00102340
0.00101440
0.00107780
0.00123420
0.00147640
0.00108770
0.00129050
0.00112340
0.00110850
0.00105870
0.00104450
0.00103500
0.00117090
0.00142480
0.00111630
0.00113620
0.00101480
0.00117960
0.00107500
0.00102180
0.00101730
0.00102290
0.00104190
0.00126220
0.00104540
0.00105050
0.00101830
0.00102340
0.00102420
0.00124560
0.00103780
0.00101160
0.00103720
0.00103050
0.00105680
0.00122150
0.00119260
0.00099300
0.00102510
0.00191220
0.00116790
0.00105390
0.00102700
0.00100200
0.00111400
0.00103640
0.00101340
0.00104280
0.00120790
0.00147530
0.00108580
0.00106520
0.00117530
0.00103760
0.00103780
0.00120450
0.00118300
0.00111400
0.00114050
0.00106050
0.00103100
0.00101870
0.00100620
0.00110730
0.00103640
0.00101640
0.00115020
0.00109120
0.00172820
0.00139870
0.00114870
0.00114630
0.00109990
0.00108950
0.00111580
0.00122190
0.00110300
0.00109130
0.00111240
0.00122990
0.00114220
0.00137420
0.00111950
0.00109670
0.00219770
0.00124720
0.00110470
0.00110480
0.00113220
0.00142040
0.00112500
0.00115920
0.00111130
0.00109160
0.00120140
0.00114250
0.00109820
0.00107420
0.00109980
0.00107200
0.00114000
0.00110630
0.00109940
0.00108880
0.00127580
0.00114440
0.00110060
0.00120730
0.00113110
0.00111430
0.00128720
0.00109190
0.00108040
0.00113140
0.00109430
0.00108040
0.00111470
0.00109220
0.00107590
0.00152120
0.00153910
0.00113970
0.00106250
0.00111710
0.00108480
0.00109930
0.00114020
0.00108130
0.00108920
0.00108730
0.00108580
0.00126960
0.00112950
0.00105720
0.00107810
0.00104360
0.00107440
0.00109860
0.00131540
0.00154090
0.00115870
0.00126420
