0.00097490 0
0.00091080 1
0.00140660 1
0.00176570 1
0.00111240 1
0.00080170 1
0.00079520 1
0.00078280 1
0.00081190 1
0.00295400 1
0.00092400 1
0.00079970 1
0.00079570 1
0.00075550 1
0.00079200 1
0.00147780 1
0.00078610 1
0.00079950 1
0.00079950 1
0.00078870 1
0.00079480 1
0.00096760 1
0.00081990 1
0.00088170 1
0.00076460 1
0.00075560 1
0.00077440 1
0.00135010 1
-
-
-
-
0.00150450 0
0.00204740 1
0.00202810 1
0.00200610 1
0.00203700 1
0.00197620 1
0.00187640 1
0.00190780 1
0.00198690 1
0.00193380 1
0.00199490 1
0.00195470 1
0.00205740 1
0.00231340 1
0.00201800 1
0.00203920 1
0.00205380 1
0.00191520 1
0.00211660 1
0.00195060 1
0.00199490 1
0.00210340 1
0.00253460 1
-
-
-
-
0.00111160 0
0.00140090 1
0.00250720 1
0.00135120 1
0.00148640 1
0.00133950 1
0.00137820 1
0.00147680 1
0.00136510 1
0.00134030 1
0.00146230 1
0.00132560 1
0.00133700 1
0.00139310 1
0.00140140 1
0.00147020 1
0.00127350 1
0.00136530 1
0.00137290 1
0.00134740 1
0.00144540 1
0.00131850 1
0.00127390 1
0.00151440 1
0.00136300 1
0.00130150 1
0.00161530 1
0.00133770 1
0.00152410 1
0.00136720 1
0.00151140 1
0.00138250 1
0.00145620 1
0.00139210 1
0.00146610 1
0.00153290 1
0.00145800 1
0.00154110 1
0.00149510 1
0.00138140 1
0.00145780 1
0.00323440 1
0.00145590 1
0.00134080 1
-
-
-
-
0.00096150 0
0.00867740 1
0.00102490 1
0.00095990 1
0.01687620 1
0.00473540 1
0.00092920 1
0.00085630 1
0.00084270 1
0.00084680 1
0.00091410 1
0.00092440 1
0.00094340 1
0.00088880 1
0.00088910 1
0.00088850 1
0.00088030 1
0.00089060 1
0.00093230 1
0.00090240 1
0.00088750 1
0.00088240 1
0.00087810 1
0.00088940 1
0.00085090 1
0.00094680 1
0.00085710 1
0.00083170 1
0.00086060 1
0.00082420 1
0.00089220 1
0.00083380 1
0.00087830 1
0.00084420 1
0.00096200 1
0.00086120 1
0.00089030 1
0.00086350 1
0.00085920 1
0.00105120 1
0.00087240 1
0.00087230 1
0.00097990 1
0.00087600 1
0.00086950 1
0.00116160 1
-
-
-
-
0.00113090 0
0.00138740 1
0.00144850 1
0.00142420 1
0.00142630 1
0.00144810 1
0.00143020 1
0.00159900 1
0.00141430 1
0.00150150 1
0.00163920 1
0.00159720 1
0.00148750 1
0.00156180 1
0.00143900 1
0.00159560 1
0.00148580 1
0.00141490 1
0.00138680 1
0.00141360 1
0.00137960 1
0.00139560 1
0.00139200 1
0.00147460 1
0.00138410 1
0.00136940 1
0.00136800 1
0.00149950 1
0.00141610 1
0.00136890 1
0.00139320 1
0.00136640 1
0.00171710 1
0.00154290 1
-
-
-
-
0.00158560 0
0.00216040 1
0.00224280 1
0.00264690 1
0.00234930 1
0.00219870 1
0.00218710 1
0.00243610 1
0.00228100 1
0.00221280 1
0.00220440 1
0.00249820 1
0.00250840 1
0.00241250 1
0.00221910 1
0.00226150 1
0.00216370 1
0.00241300 1
0.00224510 1
0.00235700 1
0.00216350 1
0.00216440 1
0.00223240 1
0.00225840 1
0.00233350 1
0.00227200 1
0.00212950 1
0.00230920 1
0.00230180 1
0.00214690 1
0.00226540 1
0.00226170 1
0.00221810 1
0.00231760 1
0.00221600 1
0.00237640 1
0.00225340 1
0.00242580 1
0.00232090 1
0.00221020 1
0.00232240 1
0.00258950 1
0.00242230 1
0.00241740 1
0.00245450 1
0.00264840 1
0.00257500 1
0.00230470 1
0.00233520 1
