0.00097490
0.00091080
0.00140660
0.00176570
0.00111240
0.00080170
0.00079520
0.00078280
0.00081190
0.00295400
0.00092400
0.00079970
0.00079570
0.00075550
0.00079200
0.00147780
0.00078610
0.00079950
0.00079950
0.00078870
0.00079480
0.00096760
0.00081990
0.00088170
0.00076460
0.00075560
0.00077440
0.00135010
0.00000000
0.00000000
0.00000000
0.00000000
0.00150450
0.00204740
0.00202810
0.00200610
0.00203700
0.00197620
0.00187640
0.00190780
0.00198690
0.00193380
0.00199490
0.00195470
0.00205740
0.00231340
0.00201800
0.00203920
0.00205380
0.00191520
0.00211660
0.00195060
0.00199490
0.00210340
0.00253460
0.00000000
0.00000000
0.00000000
0.00000000
0.00111160
0.00140090
0.00250720
0.00135120
0.00148640
0.00133950
0.00137820
0.00147680
0.00136510
0.00134030
0.00146230
0.00132560
0.00133700
0.00139310
0.00140140
0.00147020
0.00127350
0.00136530
0.00137290
0.00134740
0.00144540
0.00131850
0.00127390
0.00151440
0.00136300
0.00130150
0.00161530
0.00133770
0.00152410
0.00136720
0.00151140
0.00138250
0.00145620
0.00139210
0.00146610
0.00153290
0.00145800
0.00154110
0.00149510
0.00138140
0.00145780
0.00323440
0.00145590
0.00134080
0.00000000
0.00000000
0.00000000
0.00000000
0.00096150
0.00867740
0.00102490
0.00095990
0.01687620
0.00473540
0.00092920
0.00085630
0.00084270
0.00084680
0.00091410
0.00092440
0.00094340
0.00088880
0.00088910
0.00088850
0.00088030
0.00089060
0.00093230
0.00090240
0.00088750
0.00088240
0.00087810
0.00088940
0.00085090
0.00094680
0.00085710
0.00083170
0.00086060
0.00082420
0.00089220
0.00083380
0.00087830
0.00084420
0.00096200
0.00086120
0.00089030
0.00086350
0.00085920
0.00105120
0.00087240
0.00087230
0.00097990
0.00087600
0.00086950
0.00116160
0.00000000
0.00000000
0.00000000
0.00000000
0.00113090
0.00138740
0.00144850
0.00142420
0.00142630
0.00144810
0.00143020
0.00159900
0.00141430
0.00150150
0.00163920
0.00159720
0.00148750
0.00156180
0.00143900
0.00159560
0.00148580
0.00141490
0.00138680
0.00141360
0.00137960
0.00139560
0.00139200
0.00147460
0.00138410
0.00136940
0.00136800
0.00149950
0.00141610
0.00136890
0.00139320
0.00136640
0.00171710
0.00154290
0.00000000
0.00000000
0.00000000
0.00000000
0.00158560
0.00216040
0.00224280
0.00264690
0.00234930
0.00219870
0.00218710
0.00243610
0.00228100
0.00221280
0.00220440
0.00249820
0.00250840
0.00241250
0.00221910
0.00226150
0.00216370
0.00241300
0.00224510
0.00235700
0.00216350
0.00216440
0.00223240
0.00225840
0.00233350
0.00227200
0.00212950
0.00230920
0.00230180
0.00214690
0.00226540
0.00226170
0.00221810
0.00231760
0.00221600
0.00237640
0.00225340
0.00242580
0.00232090
0.00221020
0.00232240
0.00258950
0.00242230
0.00241740
0.00245450
0.00264840
0.00257500
0.00230470
0.00233520
