1
226.00,92.00,44.00,46.00
226.00,92.00,44.00,46.00
226.00,92.00,44.00,46.00
226.00,92.00,44.00,46.00
225.00,92.00,44.00,46.00
223.00,92.00,44.00,46.00
222.00,92.00,44.00,46.00
221.00,92.00,44.00,46.00
219.00,92.00,44.00,46.00
218.00,92.00,44.00,46.00
217.00,92.00,44.00,46.00
215.00,92.00,44.00,46.00
212.00,92.00,44.00,46.00
209.00,92.00,44.00,46.00
205.00,92.00,44.00,46.00
202.00,92.00,44.00,46.00
199.00,92.00,44.00,46.00
195.00,92.00,44.00,46.00
191.00,92.00,44.00,46.00
192.00,92.00,44.00,46.00
190.00,92.00,44.00,46.00
192.00,93.00,44.00,46.00
189.00,92.00,44.00,46.00
191.00,92.00,44.00,46.00
191.00,92.00,44.00,46.00
191.00,92.00,44.00,46.00
2
0
0
0
0
1
47.52,95.68,73.49,77.57
38.52,96.68,73.49,77.57
48.52,109.68,73.49,77.57
58.52,93.68,73.49,77.57
58.52,93.68,73.49,77.57
58.52,93.68,73.49,77.57
58.52,93.68,73.49,77.57
58.52,93.68,73.49,77.57
58.52,93.68,73.49,77.57
58.52,93.68,73.49,77.57
58.52,93.68,73.49,77.57
58.52,93.68,73.49,77.57
58.52,93.68,73.49,77.57
58.52,93.68,73.49,77.57
58.52,93.68,73.49,77.57
58.52,93.68,73.49,77.57
58.52,93.68,73.49,77.57
58.52,93.68,73.49,77.57
58.52,93.68,73.49,77.57
58.52,93.68,73.49,77.57
58.52,93.68,73.49,77.57
2
0
0
0
0
1
176.60,64.67,52.12,68.18
177.60,59.67,52.12,68.18
183.60,54.67,52.12,68.18
190.60,51.67,52.12,68.18
199.60,50.67,52.12,68.18
206.60,50.67,52.12,68.18
213.60,50.67,52.12,68.18
220.60,52.67,52.12,68.18
226.60,54.67,52.12,68.18
230.60,55.67,52.12,68.18
232.60,55.67,52.12,68.18
234.60,57.67,52.12,68.18
234.60,58.67,52.12,68.18
232.60,59.67,52.12,68.18
229.60,60.67,52.12,68.18
228.60,63.67,52.12,68.18
228.60,67.67,52.12,68.18
228.60,71.67,52.12,68.18
228.60,73.67,52.12,68.18
231.60,77.67,52.12,68.18
231.60,80.67,52.12,68.18
232.60,84.67,52.12,68.18
234.60,88.67,52.12,68.18
235.60,92.67,52.12,68.18
238.60,95.67,52.12,68.18
239.60,99.67,52.12,68.18
241.60,106.67,52.12,68.18
245.60,114.67,52.12,68.18
249.60,121.67,52.12,68.18
251.60,127.67,52.12,68.18
251.60,133.67,52.12,68.18
248.60,139.67,52.12,68.18
245.60,142.67,52.12,68.18
242.60,139.67,52.12,68.18
239.60,134.67,52.12,68.18
236.60,132.67,52.12,68.18
231.60,131.67,52.12,68.18
228.60,124.67,52.12,68.18
228.60,125.67,52.12,68.18
250.60,134.67,52.12,68.18
249.60,134.67,52.12,68.18
249.60,134.67,52.12,68.18
2
0
0
0
0
1
158.00,109.00,37.00,75.00
157.00,108.00,37.00,75.00
156.00,114.00,37.00,75.00
156.00,114.00,37.00,75.00
156.00,115.00,37.00,75.00
156.00,114.00,37.00,75.00
157.00,108.00,37.00,75.00
157.00,107.00,37.00,75.00
159.00,108.00,37.00,75.00
158.00,103.00,37.00,75.00
158.00,99.00,37.00,75.00
157.00,96.00,37.00,75.00
157.00,95.00,37.00,75.00
157.00,94.00,37.00,75.00
158.00,94.00,37.00,75.00
159.00,94.00,37.00,75.00
160.00,93.00,37.00,75.00
161.00,93.00,37.00,75.00
162.00,92.00,37.00,75.00
163.00,91.00,37.00,75.00
165.00,91.00,37.00,75.00
168.00,91.00,37.00,75.00
172.00,90.00,37.00,75.00
175.00,90.00,37.00,75.00
178.00,90.00,37.00,75.00
180.00,90.00,37.00,75.00
182.00,90.00,37.00,75.00
184.00,90.00,37.00,75.00
186.00,91.00,37.00,75.00
188.00,91.00,37.00,75.00
189.00,91.00,37.00,75.00
189.00,92.00,37.00,75.00
190.00,92.00,37.00,75.00
191.00,93.00,37.00,75.00
192.00,93.00,37.00,75.00
194.00,94.00,37.00,75.00
195.00,95.00,37.00,75.00
196.00,96.00,37.00,75.00
197.00,99.00,37.00,75.00
195.00,106.00,37.00,75.00
198.00,98.00,37.00,75.00
198.00,99.00,37.00,75.00
198.00,98.00,37.00,75.00
198.00,98.00,37.00,75.00
2
0
0
0
0
1
95.38,137.97,61.34,64.76
89.38,141.97,61.34,64.76
84.38,146.97,61.34,64.76
81.38,149.97,61.34,64.76
77.38,152.97,61.34,64.76
71.38,154.97,61.34,64.76
66.38,155.97,61.34,64.76
59.38,156.97,61.34,64.76
52.38,157.97,61.34,64.76
49.38,156.97,61.34,64.76
46.38,155.97,61.34,64.76
43.38,154.97,61.34,64.76
39.38,153.97,61.34,64.76
35.38,153.97,61.34,64.76
31.38,152.97,61.34,64.76
28.38,152.97,61.34,64.76
25.38,150.97,61.34,64.76
23.38,143.97,61.34,64.76
9.38,127.97,61.34,64.76
0.00,129.97,61.34,64.76
0.00,129.97,61.34,64.76
0.00,129.97,61.34,64.76
0.00,129.97,61.34,64.76
0.00,129.97,61.34,64.76
0.00,129.97,61.34,64.76
0.00,129.97,61.34,64.76
0.00,129.97,61.34,64.76
0.00,129.97,61.34,64.76
0.00,129.97,61.34,64.76
0.00,129.97,61.34,64.76
0.00,129.97,61.34,64.76
0.00,129.97,61.34,64.76
2
0
0
0
0
1
74.44,67.02,75.89,82.10
74.44,69.02,75.89,82.10
75.44,71.02,75.89,82.10
78.44,74.02,75.89,82.10
80.44,77.02,75.89,82.10
83.44,80.02,75.89,82.10
86.44,84.02,75.89,82.10
88.44,86.02,75.89,82.10
91.44,92.02,75.89,82.10
94.44,97.02,75.89,82.10
99.44,99.02,75.89,82.10
105.44,101.02,75.89,82.10
111.44,104.02,75.89,82.10
117.44,107.02,75.89,82.10
121.44,109.02,75.89,82.10
127.44,110.02,75.89,82.10
135.44,109.02,75.89,82.10
142.44,107.02,75.89,82.10
150.44,106.02,75.89,82.10
155.44,103.02,75.89,82.10
160.44,102.02,75.89,82.10
165.44,100.02,75.89,82.10
169.44,99.02,75.89,82.10
174.44,97.02,75.89,82.10
173.44,98.02,75.89,82.10
179.44,97.02,75.89,82.10
184.44,97.02,75.89,82.10
187.44,97.02,75.89,82.10
189.44,98.02,75.89,82.10
190.44,99.02,75.89,82.10
191.44,99.02,75.89,82.10
192.44,100.02,75.89,82.10
192.44,100.02,75.89,82.10
191.44,100.02,75.89,82.10
191.44,100.02,75.89,82.10
190.44,100.02,75.89,82.10
190.44,100.02,75.89,82.10
190.44,100.02,75.89,82.10
190.44,100.02,75.89,82.10
191.44,100.02,75.89,82.10
191.44,100.02,75.89,82.10
191.44,100.02,75.89,82.10
191.44,100.02,75.89,82.10
190.44,100.02,75.89,82.10
190.44,100.02,75.89,82.10
191.44,100.02,75.89,82.10
191.44,100.02,75.89,82.10
191.44,100.02,75.89,82.10
