0.00092050
0.00096070
0.00068990
0.00063980
0.00098410
0.00150890
0.00077020
0.00065020
0.00058580
0.00057790
0.00079200
0.00156880
0.00063000
0.00061540
0.00060870
0.00057650
0.00057110
0.00056450
0.00209160
0.00115730
0.00066700
0.00056660
0.00056410
0.00055340
0.00054460
0.00055060
0.00054490
0.00108980
0.00058030
0.00055680
0.00055130
0.00065750
0.00057320
0.00058030
0.00055640
0.00055280
0.00055130
0.00061470
0.00056710
0.00056330
0.00055650
0.00065920
0.00056150
0.00054560
0.00054890
0.00055370
0.00054320
0.00062850
0.00054290
0.00053500
0.00053020
0.00054280
0.00053600
0.00053320
0.00065750
0.00053640
0.00055290
0.00051630
0.00055640
0.00057120
0.00055350
0.00059880
0.00052000
0.00055790
0.00055190
0.00056560
0.00051490
0.00065610
0.00051480
0.00077790
0.00054730
0.00054250
0.00053400
0.00052880
0.00054160
0.00053730
0.00053160
0.00053370
0.00054240
0.00053470
0.00075650
0.00075210
0.00058240
0.00069990
0.00061770
0.00055300
0.00056150
0.00055220
0.00180210
0.00065230
0.00116910
0.00062260
0.00057830
0.00056880
0.00052620
0.00052040
0.00051730
0.00052000
0.00076430
0.00056180
0.00052090
0.00059540
0.00052110
0.00055320
0.00051700
0.00055430
0.00051880
0.00055550
0.00053880
0.00054480
0.00091380
0.00055180
0.00053660
0.00057900
0.00053120
0.00053760
0.00052710
0.00072740
0.00066910
0.00069440
0.00107680
0.00091420
0.00073520
0.00113310
0.00067990
0.00077400
0.00083110
0.00071220
0.00060880
0.00067280
0.00081780
0.00063140
0.00070390
0.00097120
0.00063180
0.00057600
0.00065640
0.00071200
0.00063940
0.00067860
0.00067840
0.00072940
0.00075640
0.00074240
0.00172140
0.00070450
0.00098030
0.00069240
0.00078460
0.00070400
0.00073820
0.00070950
0.00095930
0.00064570
0.00063040
0.00056950
0.00059480
0.00062960
0.00072900
0.00065620
0.00064890
0.00065400
0.00068260
0.00060690
0.00071710
0.00083020
0.00071460
0.00068010
0.00261000
0.00069710
0.00188300
0.00088060
0.00071300
0.00068340
0.00061940
0.00091820
0.00064480
0.00063090
0.00100980
0.00064830
0.00066180
0.00062560
0.00000000
0.00000000
0.00000000
0.00000000
0.00063560
0.00067920
0.00069970
0.00073040
0.00105560
0.00075400
0.00073870
0.00073330
0.00078340
0.00103850
0.00077100
0.00172380
0.00078750
0.00071260
0.00081430
0.00071470
0.00085070
0.00097350
0.00074430
0.00073370
0.00081550
0.00069140
0.00061070
0.00059250
0.00060820
0.00061410
0.00074680
0.00080510
0.00068940
0.00071280
0.00070390
0.00071490
0.00107670
0.00111020
0.00070540
0.00071690
0.00094260
0.00068780
0.00069520
0.00069020
0.00067680
0.00067070
0.00061900
0.00156050
0.00070150
0.00076920
0.00134420
0.00091530
0.00074210
0.00069960
0.00114460
0.00074190
0.00073050
0.00069120
0.00065850
0.00068380
0.00069930
0.00070710
0.00069160
0.00089770
0.00067670
0.00062490
0.00060280
0.00066180
0.00062110
0.00070890
0.00077550
0.00067880
0.00069440
0.00070550
0.00069260
0.00077940
0.00071930
0.00077010
0.00074880
0.00098650
0.00065670
0.00066870
0.00072080
0.00084220
0.00063250
0.00062690
0.00074260
0.00132740
0.00095700
0.00079000
0.00119560
0.00091810
0.00092330
0.00094250
0.00130740
0.00134890
0.00133580
0.00122640
0.00145120
0.00104980
