0.00092050 0
0.00096070 1
0.00068990 1
0.00063980 1
0.00098410 1
0.00150890 1
0.00077020 1
0.00065020 1
0.00058580 1
0.00057790 1
0.00079200 1
0.00156880 1
0.00063000 1
0.00061540 1
0.00060870 1
0.00057650 1
0.00057110 1
0.00056450 1
0.00209160 1
0.00115730 1
0.00066700 1
0.00056660 1
0.00056410 1
0.00055340 1
0.00054460 1
0.00055060 1
0.00054490 1
0.00108980 1
0.00058030 1
0.00055680 1
0.00055130 1
0.00065750 1
0.00057320 1
0.00058030 1
0.00055640 1
0.00055280 1
0.00055130 1
0.00061470 1
0.00056710 1
0.00056330 1
0.00055650 1
0.00065920 1
0.00056150 1
0.00054560 1
0.00054890 1
0.00055370 1
0.00054320 1
0.00062850 1
0.00054290 1
0.00053500 1
0.00053020 1
0.00054280 1
0.00053600 1
0.00053320 1
0.00065750 1
0.00053640 1
0.00055290 1
0.00051630 1
0.00055640 1
0.00057120 1
0.00055350 1
0.00059880 1
0.00052000 1
0.00055790 1
0.00055190 1
0.00056560 1
0.00051490 1
0.00065610 1
0.00051480 1
0.00077790 1
0.00054730 1
0.00054250 1
0.00053400 1
0.00052880 1
0.00054160 1
0.00053730 1
0.00053160 1
0.00053370 1
0.00054240 1
0.00053470 1
0.00075650 1
0.00075210 1
0.00058240 1
0.00069990 1
0.00061770 1
0.00055300 1
0.00056150 1
0.00055220 1
0.00180210 1
0.00065230 1
0.00116910 1
0.00062260 1
0.00057830 1
0.00056880 1
0.00052620 1
0.00052040 1
0.00051730 1
0.00052000 1
0.00076430 1
0.00056180 1
0.00052090 1
0.00059540 1
0.00052110 1
0.00055320 1
0.00051700 1
0.00055430 1
0.00051880 1
0.00055550 1
0.00053880 1
0.00054480 1
0.00091380 1
0.00055180 1
0.00053660 1
0.00057900 1
0.00053120 1
0.00053760 1
0.00052710 1
0.00072740 1
0.00066910 1
0.00069440 1
0.00107680 1
0.00091420 1
0.00073520 1
0.00113310 1
0.00067990 1
0.00077400 1
0.00083110 1
0.00071220 1
0.00060880 1
0.00067280 1
0.00081780 1
0.00063140 1
0.00070390 1
0.00097120 1
0.00063180 1
0.00057600 1
0.00065640 1
0.00071200 1
0.00063940 1
0.00067860 1
0.00067840 1
0.00072940 1
0.00075640 1
0.00074240 1
0.00172140 1
0.00070450 1
0.00098030 1
0.00069240 1
0.00078460 1
0.00070400 1
0.00073820 1
0.00070950 1
0.00095930 1
0.00064570 1
0.00063040 1
0.00056950 1
0.00059480 1
0.00062960 1
0.00072900 1
0.00065620 1
0.00064890 1
0.00065400 1
0.00068260 1
0.00060690 1
0.00071710 1
0.00083020 1
0.00071460 1
0.00068010 1
0.00261000 1
0.00069710 1
0.00188300 1
0.00088060 1
0.00071300 1
0.00068340 1
0.00061940 1
0.00091820 1
0.00064480 1
0.00063090 1
0.00100980 1
0.00064830 1
0.00066180 1
0.00062560 1
-
-
-
-
0.00063560 0
0.00067920 1
0.00069970 1
0.00073040 1
0.00105560 1
0.00075400 1
0.00073870 1
0.00073330 1
0.00078340 1
0.00103850 1
0.00077100 1
0.00172380 1
0.00078750 1
0.00071260 1
0.00081430 1
0.00071470 1
0.00085070 1
0.00097350 1
0.00074430 1
0.00073370 1
0.00081550 1
0.00069140 1
0.00061070 1
0.00059250 1
0.00060820 1
0.00061410 1
0.00074680 1
0.00080510 1
0.00068940 1
0.00071280 1
0.00070390 1
0.00071490 1
0.00107670 1
0.00111020 1
0.00070540 1
0.00071690 1
0.00094260 1
0.00068780 1
0.00069520 1
0.00069020 1
0.00067680 1
0.00067070 1
0.00061900 1
0.00156050 1
0.00070150 1
0.00076920 1
0.00134420 1
0.00091530 1
0.00074210 1
0.00069960 1
0.00114460 1
0.00074190 1
0.00073050 1
0.00069120 1
0.00065850 1
0.00068380 1
0.00069930 1
0.00070710 1
0.00069160 1
0.00089770 1
0.00067670 1
0.00062490 1
0.00060280 1
0.00066180 1
0.00062110 1
0.00070890 1
0.00077550 1
0.00067880 1
0.00069440 1
0.00070550 1
0.00069260 1
0.00077940 1
0.00071930 1
0.00077010 1
0.00074880 1
0.00098650 1
0.00065670 1
0.00066870 1
0.00072080 1
0.00084220 1
0.00063250 1
0.00062690 1
0.00074260 1
0.00132740 1
0.00095700 1
0.00079000 1
0.00119560 1
0.00091810 1
0.00092330 1
0.00094250 1
0.00130740 1
0.00134890 1
0.00133580 1
0.00122640 1
0.00145120 1
0.00104980 1
