0.00014740
0.00207930
0.00181970
0.00131540
0.00122190
0.00228680
0.00166230
0.00135360
0.00220470
0.00141180
0.00131540
0.00166600
0.00142650
0.00131980
0.00191840
0.00177310
0.00173280
0.00187420
0.00133590
0.00135290
0.00134360
0.00123530
0.00153290
0.00147290
0.00140090
0.00144530
0.00130620
0.00128860
0.00148570
0.00174320
0.00125980
0.00114060
0.00118910
0.00113270
0.00121670
0.00111910
0.00111550
0.00110740
0.00221280
0.00133280
0.00115770
0.00136410
0.00139440
0.00118680
0.00115510
0.00123430
0.00115180
0.00148770
0.00118310
0.00128730
0.00158110
0.00123980
0.00171780
0.00127360
0.00140700
0.00127150
0.00118460
0.00116370
0.00114750
0.00141220
0.00117130
0.00113080
0.00158790
0.00132750
0.00170490
0.00148900
0.00153270
0.00135590
0.00182950
0.00128020
0.00124980
0.00120990
0.00127320
0.00130100
0.00130440
0.00135140
0.00161490
0.00155270
0.00151240
0.00122950
0.00138510
0.00162320
0.00119870
0.00126790
0.00127300
0.00131100
0.00121040
0.00135000
0.00121560
0.00120540
0.00122120
0.00128350
0.00133360
0.00129840
0.00138380
0.00124040
0.00120370
0.00138660
0.00123950
0.00121880
0.00125990
0.00125550
0.00150780
0.00185460
0.00129770
0.00127890
0.00230140
0.00131380
0.00126260
0.00124350
0.00118420
0.00113480
0.00136390
0.00133300
0.00116220
0.00155160
0.00135160
0.00113670
0.00165110
0.00155170
0.00130940
0.00180960
0.00154690
0.00126150
0.00132650
0.00122560
0.00131830
0.00149580
0.00129820
0.00154980
0.00118710
0.00123310
0.00116110
0.00118160
0.00118710
0.00189780
0.00311860
0.00142390
0.00115820
0.00168750
0.00127150
0.00119300
0.00153390
0.00117820
0.00130980
0.00142020
0.00150580
0.00145430
0.00122390
0.00158420
0.00116300
0.00110760
0.00112270
0.00111720
0.00112460
0.00110110
0.00149900
0.00130000
0.00113980
0.00113950
0.00118450
0.00123000
0.00114380
0.00148090
0.00116910
0.00122680
0.00123130
0.00126340
0.00126250
0.00114950
0.00146400
0.00135990
0.00111440
0.00111840
0.00111230
0.00122000
0.00111380
0.00156900
0.00118550
0.00111290
0.00111500
0.00111010
0.00116430
0.00113170
0.00149280
0.00126480
0.00116190
0.00112720
0.00115830
0.00114380
0.00120500
0.00181360
0.00123450
0.00113780
0.00124110
0.00114370
0.00113170
0.00129520
0.00145740
0.00127960
0.00122850
0.00127250
0.00117760
0.00111090
0.00113090
0.00110260
0.00112270
0.00110630
0.00113370
0.00110680
0.00112380
0.00111910
0.00151120
0.00148200
0.00119440
0.00115840
0.00119560
0.00110840
0.00113250
0.00110070
0.00111590
0.00111290
0.00111780
0.00114980
0.00112050
0.00122700
0.00120130
0.00111550
0.00111850
0.00110170
0.00121480
0.00110780
0.00112370
0.00147280
0.00111980
0.00112090
0.00115860
0.00113780
0.00117330
0.00118400
0.00120240
0.00117440
0.00124460
0.00118820
0.00111930
0.00124010
0.00115180
0.00147150
0.00115520
0.00110700
0.00112830
0.00110330
0.00129120
0.00120040
0.00156620
0.00140450
0.00123560
0.00158050
0.00190230
0.00117140
0.00122050
0.00152380
0.00131100
0.00117620
0.00114810
0.00114200
0.00123630
0.00121090
0.00151460
0.00125970
0.00114320
0.00110950
0.00124840
0.00118800
0.00112790
0.00147300
0.00114240
0.00126170
0.00121770
0.00127660
0.00116000
0.00116820
0.00126540
0.00118460
0.00111820
0.00110500
0.00111070
0.00113950
0.00111500
0.00158500
0.00112120
0.00112710
0.00111910
0.00120090
0.00115050
0.00127410
0.00117010
0.00111940
0.00116550
0.00109760
0.00131630
0.00116530
0.00113090
0.00113530
0.00119480
0.00126720
0.00120990
0.00122380
0.00132350
0.00111320
0.00163420
0.00125320
0.00116730
0.00111280
0.00125180
0.00113480
0.00111910
0.00146890
0.00111000
0.00120630
0.00113720
0.00126480
0.00125530
0.00111500
0.00148280
0.00147840
0.00118790
0.00116670
0.00112980
0.00124130
0.00112450
0.00146010
0.00113690
0.00110470
0.00120510
0.00109750
0.00124300
0.00114080
0.00112850
0.00120110
0.00112850
0.00112810
0.00114360
0.00119010
0.00126660
0.00128690
0.00112690
0.00111090
0.00135210
0.00120210
0.00115860
0.00114280
0.00112570
0.00113890
0.00123060
0.00124610
0.00112440
0.00109610
0.00115520
0.00108900
0.00110510
0.00108520
0.00111330
0.00110000
0.00151180
0.00118370
0.00115810
0.00113040
0.00123770
0.00151060
0.00121780
