0.00152790 0
0.00140450 1
0.00137260 1
0.00115330 1
0.00115870 1
0.00160380 1
0.00237770 1
0.00119500 1
0.00105460 1
0.00123860 1
0.00117450 1
0.00201880 1
0.00197900 1
0.00115940 1
0.00109370 1
0.00108840 1
0.00147950 1
0.00116390 1
0.00132810 1
0.00133850 1
0.00120210 1
0.00108650 1
0.00158340 1
0.00114500 1
0.00105610 1
0.00114680 1
0.00105220 1
0.00105160 1
0.00102770 1
0.00128220 1
0.00138830 1
0.00106920 1
0.00106120 1
0.00104980 1
0.00109680 1
0.00104960 1
0.00110670 1
0.00100380 1
0.00109410 1
0.00099740 1
0.00098800 1
0.00099010 1
0.00098870 1
0.00116200 1
0.00132200 1
0.00102020 1
0.00102610 1
0.00112180 1
0.00102990 1
0.00103870 1
0.00102510 1
0.00102010 1
0.00112770 1
0.00102060 1
0.00101940 1
0.00103640 1
0.00101770 1
0.00106130 1
0.00119490 1
0.00185350 1
0.00123520 1
0.00106000 1
0.00105100 1
0.00105110 1
0.00130050 1
0.00139440 1
0.00149450 1
0.00113140 1
0.00112840 1
0.00106190 1
0.00105290 1
0.00104920 1
0.00144590 1
0.00107070 1
0.00103170 1
0.00104550 1
0.00102700 1
0.00108990 1
0.00102600 1
0.00147140 1
0.00100280 1
0.00099080 1
0.00099530 1
0.00109130 1
0.00099500 1
0.00099100 1
0.00109270 1
0.00125850 1
-
-
-
-
0.00102830 0
0.00144040 1
0.00174530 1
0.00160410 1
0.00161140 1
0.00182750 1
0.00158150 1
0.00161360 1
0.00150540 1
0.00163630 1
0.00153020 1
0.00179750 1
0.00165860 1
0.00167750 1
0.00162090 1
0.00178740 1
0.00186690 1
0.00182080 1
0.00205770 1
0.00170960 1
0.00164320 1
0.00200830 1
0.00165470 1
0.00159570 1
0.00156960 1
0.00168610 1
0.00154900 1
0.00188980 1
0.00150740 1
0.00156480 1
0.00152830 1
0.00154710 1
0.00159450 1
0.00174830 1
0.00162560 1
0.00163680 1
0.00150590 1
0.00156190 1
0.00181660 1
0.00154530 1
0.00150370 1
0.00155640 1
0.00164450 1
0.00187230 1
0.00162400 1
0.00189650 1
0.00165120 1
0.00159930 1
0.00167320 1
0.00194140 1
0.00157770 1
0.00159250 1
-
-
-
-
0.00209810 0
0.00277080 1
0.00291120 1
0.00276290 1
0.00282510 1
0.00290760 1
0.00300100 1
0.00289620 1
0.00284850 1
0.00317780 1
0.00288450 1
0.00306930 1
0.00277370 1
0.00306650 1
0.00278310 1
0.00286730 1
0.00287390 1
0.00302130 1
0.00295240 1
0.00296130 1
0.00307940 1
0.00315620 1
0.00313250 1
0.00281230 1
0.00285130 1
0.00290550 1
0.00278470 1
0.00289370 1
0.00275510 1
0.00309400 1
0.00287350 1
0.00285030 1
0.00309090 1
0.00280400 1
0.00292450 1
0.00284260 1
0.00353310 1
0.00295440 1
0.00350250 1
0.00321420 1
-
-
-
-
0.00073960 0
0.00069620 1
0.00093880 1
0.00083830 1
0.00069440 1
0.00088530 1
0.00074360 1
0.00135210 1
0.00115160 1
0.00091830 1
0.00084930 1
0.00093430 1
0.00107460 1
0.00084540 1
0.00099810 1
0.00092650 1
0.00089760 1
0.00116400 1
0.00099370 1
0.00076580 1
0.00103020 1
0.00078040 1
0.00084410 1
0.00118460 1
0.00077430 1
0.00080030 1
0.00081510 1
0.00081940 1
0.00068410 1
0.00057850 1
0.00069090 1
0.00105650 1
0.00083200 1
0.00064930 1
0.00057860 1
0.00068390 1
0.00089720 1
0.00082420 1
0.00061240 1
0.00058360 1
0.00080090 1
0.00085760 1
0.00094320 1
0.00063540 1
0.00060810 1
0.00077780 1
0.00084280 1
0.00083870 1
0.00067120 1
0.00065260 1
0.00083570 1
0.00095000 1
0.00087360 1
0.00066070 1
0.00061910 1
0.00075020 1
0.00091230 1
0.00084510 1
0.00069060 1
0.00068080 1
0.00069220 1
0.00080170 1
0.00078540 1
0.00084580 1
0.00069470 1
0.00069820 1
0.00089840 1
0.00082170 1
0.00063950 1
0.00069680 1
0.00072950 1
0.00087400 1
0.00085500 1
0.00063530 1
0.00073590 1
0.00076640 1
0.00089550 1
0.00085700 1
0.00065440 1
0.00062200 1
0.00080910 1
0.00091610 1
0.00083250 1
0.00073240 1
0.00059650 1
0.00071830 1
0.00083740 1
0.00103320 1
0.00065040 1
0.00061490 1
0.00069690 1
0.00091740 1
0.00099850 1
0.00063450 1
0.00060990 1
0.00104970 1
0.00089090 1
0.00083060 1
0.00063880 1
0.00061080 1
0.00108480 1
0.00086070 1
0.00095650 1
0.00064460 1
0.00057950 1
0.00070150 1
0.00082610 1
0.00079460 1
0.00061210 1
0.00057880 1
0.00078420 1
0.00114990 1
0.00083980 1
0.00065630 1
0.00057670 1
0.00072730 1
0.00084440 1
0.00089420 1
0.00061670 1
0.00063080 1
0.00078370 1
0.00107120 1
0.00083840 1
0.00063350 1
0.00057480 1
0.00088910 1
0.00085410 1
0.00090110 1
0.00078110 1
0.00090960 1
0.00103450 1
0.00104040 1
0.00122480 1
0.00078320 1
0.00073170 1
0.00087450 1
0.00118350 1
0.00102670 1
0.00076490 1
0.00087870 1
0.00084690 1
0.00103850 1
0.00093210 1
0.00077410 1
0.00071870 1
-
-
-
-
0.00157060 0
0.00240070 1
0.00211750 1
0.00232830 1
0.00232520 1
0.00258530 1
0.00802270 1
0.00824190 1
0.00343210 1
0.00246260 1
0.00219310 1
0.00206890 1
0.00213470 1
0.00205220 1
0.00192000 1
0.00191640 1
0.00182890 1
0.00216280 1
0.00204050 1
0.00178380 1
0.00200430 1
0.00192090 1
0.00201420 1
0.00329020 1
0.00190980 1
0.00201970 1
0.00190650 1
0.00217270 1
0.00209250 1
0.00189850 1
0.00199770 1
0.00185700 1
0.00226660 1
0.00205610 1
0.00191620 1
0.00212350 1
0.00210430 1
0.00240790 1
0.00196980 1
0.00175970 1
0.00215240 1
0.00176410 1
0.00245030 1
0.00209300 1
0.00189720 1
0.00194660 1
0.00191680 1
0.00248770 1
0.00196830 1
0.00172340 1
0.00188460 1
0.00176050 1
0.00230500 1
0.00192950 1
0.00178780 1
0.00202550 1
0.00183070 1
0.00227190 1
0.00192330 1
0.00175170 1
0.00200520 1
0.00177340 1
0.00215960 1
0.00194190 1
0.00181620 1
0.00224930 1
0.00202870 1
0.00212990 1
0.00213770 1
0.00176210 1
0.00333080 1
0.00177940 1
0.00228420 1
0.00200220 1
-
-
-
-
0.00133860 0
0.00106810 1
0.00102960 1
0.00102040 1
0.00103120 1
0.00124820 1
0.00102380 1
0.00115920 1
0.00102300 1
0.00102160 1
0.00121310 1
0.00131280 1
0.00139450 1
0.00108510 1
0.00134830 1
0.00108730 1
0.00106030 1
0.00115010 1
0.00106200 1
0.00106320 1
0.00110070 1
0.00129120 1
0.00110120 1
0.00108800 1
0.00109100 1
0.00109100 1
0.00120060 1
0.00133420 1
0.00115090 1
0.00106570 1
0.00116850 1
0.00110470 1
0.00110570 1
0.00135000 1
0.00139550 1
0.00110740 1
0.00106320 1
0.00105500 1
0.00110480 1
0.00148550 1
0.00112580 1
0.00113630 1
0.00107960 1
0.00106830 1
0.00105800 1
0.00105580 1
0.00105480 1
0.00106080 1
0.00109510 1
0.00139410 1
0.00111040 1
0.00109060 1
0.00118800 1
0.00108120 1
0.00109020 1
0.00111530 1
0.00124390 1
0.00119970 1
0.00108100 1
0.00106000 1
0.00131590 1
0.00106370 1
0.00115660 1
0.00106640 1
0.00112140 1
0.00118890 1
0.00112860 1
0.00109150 1
0.00113170 1
0.00109510 1
0.00114620 1
0.00110680 1
0.00109490 1
0.00108530 1
0.00119870 1
0.00113400 1
0.00109750 1
0.00110040 1
0.00115850 1
0.00109560 1
0.00108450 1
0.00108880 1
0.00109090 1
0.00111110 1
0.00109980 1
0.00113880 1
0.00131510 1
0.00109540 1
0.00106870 1
0.00109230 1
0.00110470 1
0.00117050 1
0.00124450 1
0.00106430 1
0.00106040 1
0.00105450 1
-
-
-
-
0.00105100 0
0.00219530 1
0.00169960 1
0.00156050 1
0.00138010 1
0.00128710 1
0.02792410 1
0.00175970 1
0.00171400 1
0.00126910 1
0.00134860 1
0.00202140 1
0.00167210 1
0.00137420 1
0.00142330 1
0.00122470 1
0.00147630 1
0.00161520 1
0.00153150 1
0.00122190 1
0.00122540 1
0.00133250 1
0.00272280 1
0.00151870 1
0.00142680 1
0.00172870 1
0.00141280 1
0.00154790 1
0.00173840 1
0.00126350 1
0.00125990 1
0.00137850 1
0.00177110 1
0.00141440 1
0.00199050 1
0.00137790 1
0.00141050 1
0.00156760 1
0.00161790 1
0.00141830 1
0.00151280 1
0.00138850 1
0.00167120 1
0.00224410 1
0.00216570 1
0.00414570 1
0.00150440 1
0.00629260 1
0.00296020 1
0.00213220 1
0.00185320 1
0.00238740 1
0.00283090 1
0.00234920 1
0.00202880 1
0.00141070 1
0.00149920 1
0.00277280 1
0.00342260 1
0.00170960 1
0.00141430 1
0.00510000 1
0.00209950 1
0.00310600 1
0.00241840 1
0.00146660 1
0.00193930 1
0.00238080 1
0.00206260 1
0.00205540 1
0.00137210 1
0.00179260 1
0.00273590 1
0.00275010 1
0.00267510 1
0.00257210 1
0.00166990 1
0.00169480 1
0.00160810 1
0.00129690 1
0.00147060 1
0.00143650 1
0.00167100 1
