0.00152790
0.00140450
0.00137260
0.00115330
0.00115870
0.00160380
0.00237770
0.00119500
0.00105460
0.00123860
0.00117450
0.00201880
0.00197900
0.00115940
0.00109370
0.00108840
0.00147950
0.00116390
0.00132810
0.00133850
0.00120210
0.00108650
0.00158340
0.00114500
0.00105610
0.00114680
0.00105220
0.00105160
0.00102770
0.00128220
0.00138830
0.00106920
0.00106120
0.00104980
0.00109680
0.00104960
0.00110670
0.00100380
0.00109410
0.00099740
0.00098800
0.00099010
0.00098870
0.00116200
0.00132200
0.00102020
0.00102610
0.00112180
0.00102990
0.00103870
0.00102510
0.00102010
0.00112770
0.00102060
0.00101940
0.00103640
0.00101770
0.00106130
0.00119490
0.00185350
0.00123520
0.00106000
0.00105100
0.00105110
0.00130050
0.00139440
0.00149450
0.00113140
0.00112840
0.00106190
0.00105290
0.00104920
0.00144590
0.00107070
0.00103170
0.00104550
0.00102700
0.00108990
0.00102600
0.00147140
0.00100280
0.00099080
0.00099530
0.00109130
0.00099500
0.00099100
0.00109270
0.00125850
0.00000000
0.00000000
0.00000000
0.00000000
0.00102830
0.00144040
0.00174530
0.00160410
0.00161140
0.00182750
0.00158150
0.00161360
0.00150540
0.00163630
0.00153020
0.00179750
0.00165860
0.00167750
0.00162090
0.00178740
0.00186690
0.00182080
0.00205770
0.00170960
0.00164320
0.00200830
0.00165470
0.00159570
0.00156960
0.00168610
0.00154900
0.00188980
0.00150740
0.00156480
0.00152830
0.00154710
0.00159450
0.00174830
0.00162560
0.00163680
0.00150590
0.00156190
0.00181660
0.00154530
0.00150370
0.00155640
0.00164450
0.00187230
0.00162400
0.00189650
0.00165120
0.00159930
0.00167320
0.00194140
0.00157770
0.00159250
0.00000000
0.00000000
0.00000000
0.00000000
0.00209810
0.00277080
0.00291120
0.00276290
0.00282510
0.00290760
0.00300100
0.00289620
0.00284850
0.00317780
0.00288450
0.00306930
0.00277370
0.00306650
0.00278310
0.00286730
0.00287390
0.00302130
0.00295240
0.00296130
0.00307940
0.00315620
0.00313250
0.00281230
0.00285130
0.00290550
0.00278470
0.00289370
0.00275510
0.00309400
0.00287350
0.00285030
0.00309090
0.00280400
0.00292450
0.00284260
0.00353310
0.00295440
0.00350250
0.00321420
0.00000000
0.00000000
0.00000000
0.00000000
0.00073960
0.00069620
0.00093880
0.00083830
0.00069440
0.00088530
0.00074360
0.00135210
0.00115160
0.00091830
0.00084930
0.00093430
0.00107460
0.00084540
0.00099810
0.00092650
0.00089760
0.00116400
0.00099370
0.00076580
0.00103020
0.00078040
0.00084410
0.00118460
0.00077430
0.00080030
0.00081510
0.00081940
0.00068410
0.00057850
0.00069090
0.00105650
0.00083200
0.00064930
0.00057860
0.00068390
0.00089720
0.00082420
0.00061240
0.00058360
0.00080090
0.00085760
0.00094320
0.00063540
0.00060810
0.00077780
0.00084280
0.00083870
0.00067120
0.00065260
0.00083570
0.00095000
0.00087360
0.00066070
0.00061910
0.00075020
0.00091230
0.00084510
0.00069060
0.00068080
0.00069220
0.00080170
0.00078540
0.00084580
0.00069470
0.00069820
0.00089840
0.00082170
0.00063950
0.00069680
0.00072950
0.00087400
0.00085500
0.00063530
0.00073590
0.00076640
0.00089550
0.00085700
0.00065440
0.00062200
0.00080910
0.00091610
0.00083250
0.00073240
0.00059650
0.00071830
0.00083740
0.00103320
0.00065040
0.00061490
0.00069690
0.00091740
0.00099850
0.00063450
0.00060990
0.00104970
0.00089090
0.00083060
0.00063880
0.00061080
0.00108480
0.00086070
0.00095650
0.00064460
0.00057950
0.00070150
0.00082610
0.00079460
0.00061210
0.00057880
0.00078420
0.00114990
0.00083980
0.00065630
0.00057670
0.00072730
0.00084440
0.00089420
0.00061670
0.00063080
0.00078370
0.00107120
0.00083840
0.00063350
0.00057480
0.00088910
0.00085410
0.00090110
0.00078110
0.00090960
0.00103450
0.00104040
0.00122480
0.00078320
0.00073170
0.00087450
0.00118350
0.00102670
0.00076490
0.00087870
0.00084690
0.00103850
0.00093210
0.00077410
0.00071870
0.00000000
0.00000000
0.00000000
0.00000000
0.00157060
0.00240070
0.00211750
0.00232830
0.00232520
0.00258530
0.00802270
0.00824190
0.00343210
0.00246260
0.00219310
0.00206890
0.00213470
0.00205220
0.00192000
0.00191640
0.00182890
0.00216280
0.00204050
0.00178380
0.00200430
0.00192090
0.00201420
0.00329020
0.00190980
0.00201970
0.00190650
0.00217270
0.00209250
0.00189850
0.00199770
0.00185700
0.00226660
0.00205610
0.00191620
0.00212350
0.00210430
0.00240790
0.00196980
0.00175970
0.00215240
0.00176410
0.00245030
0.00209300
0.00189720
0.00194660
0.00191680
0.00248770
0.00196830
0.00172340
0.00188460
0.00176050
0.00230500
0.00192950
0.00178780
0.00202550
0.00183070
0.00227190
0.00192330
0.00175170
0.00200520
0.00177340
0.00215960
0.00194190
0.00181620
0.00224930
0.00202870
0.00212990
0.00213770
0.00176210
0.00333080
0.00177940
0.00228420
0.00200220
0.00000000
0.00000000
0.00000000
0.00000000
0.00133860
0.00106810
0.00102960
0.00102040
0.00103120
0.00124820
0.00102380
0.00115920
0.00102300
0.00102160
0.00121310
0.00131280
0.00139450
0.00108510
0.00134830
0.00108730
0.00106030
0.00115010
0.00106200
0.00106320
0.00110070
0.00129120
0.00110120
0.00108800
0.00109100
0.00109100
0.00120060
0.00133420
0.00115090
0.00106570
0.00116850
0.00110470
0.00110570
0.00135000
0.00139550
0.00110740
0.00106320
0.00105500
0.00110480
0.00148550
0.00112580
0.00113630
0.00107960
0.00106830
0.00105800
0.00105580
0.00105480
0.00106080
0.00109510
0.00139410
0.00111040
0.00109060
0.00118800
0.00108120
0.00109020
0.00111530
0.00124390
0.00119970
0.00108100
0.00106000
0.00131590
0.00106370
0.00115660
0.00106640
0.00112140
0.00118890
0.00112860
0.00109150
0.00113170
0.00109510
0.00114620
0.00110680
0.00109490
0.00108530
0.00119870
0.00113400
0.00109750
0.00110040
0.00115850
0.00109560
0.00108450
0.00108880
0.00109090
0.00111110
0.00109980
0.00113880
0.00131510
0.00109540
0.00106870
0.00109230
0.00110470
0.00117050
0.00124450
0.00106430
0.00106040
0.00105450
0.00000000
0.00000000
0.00000000
0.00000000
0.00105100
0.00219530
0.00169960
0.00156050
0.00138010
0.00128710
0.02792410
0.00175970
0.00171400
0.00126910
0.00134860
0.00202140
0.00167210
0.00137420
0.00142330
0.00122470
0.00147630
0.00161520
0.00153150
0.00122190
0.00122540
0.00133250
0.00272280
0.00151870
0.00142680
0.00172870
0.00141280
0.00154790
0.00173840
0.00126350
0.00125990
0.00137850
0.00177110
0.00141440
0.00199050
0.00137790
0.00141050
0.00156760
0.00161790
0.00141830
0.00151280
0.00138850
0.00167120
0.00224410
0.00216570
0.00414570
0.00150440
0.00629260
0.00296020
0.00213220
0.00185320
0.00238740
0.00283090
0.00234920
0.00202880
0.00141070
0.00149920
0.00277280
0.00342260
0.00170960
0.00141430
0.00510000
0.00209950
0.00310600
0.00241840
0.00146660
0.00193930
0.00238080
0.00206260
0.00205540
0.00137210
0.00179260
0.00273590
0.00275010
0.00267510
0.00257210
0.00166990
0.00169480
0.00160810
0.00129690
0.00147060
0.00143650
0.00167100
