1
201.35,113.74,46.13,46.58
201.35,113.74,46.13,46.58
200.35,114.74,46.13,46.58
200.35,114.74,46.13,46.58
200.35,115.74,46.13,46.58
199.35,116.74,46.13,46.58
199.35,116.74,46.13,46.58
198.35,116.74,46.13,46.58
198.35,117.74,46.13,46.58
197.35,118.74,46.13,46.58
197.35,118.74,46.13,46.58
197.35,119.74,46.13,46.58
196.35,119.74,46.13,46.58
196.35,120.74,46.13,46.58
195.35,120.74,46.13,46.58
195.35,121.74,46.13,46.58
195.35,121.74,46.13,46.58
195.35,122.74,46.13,46.58
194.35,122.74,46.13,46.58
194.35,123.74,46.13,46.58
194.35,123.74,46.13,46.58
193.35,123.74,46.13,46.58
193.35,123.74,46.13,46.58
192.35,123.74,46.13,46.58
192.35,123.74,46.13,46.58
191.35,124.74,46.13,46.58
191.35,124.74,46.13,46.58
191.35,124.74,46.13,46.58
190.35,123.74,46.13,46.58
190.35,123.74,46.13,46.58
189.35,122.74,46.13,46.58
189.35,122.74,46.13,46.58
189.35,122.74,46.13,46.58
188.35,121.74,46.13,46.58
188.35,121.74,46.13,46.58
188.35,121.74,46.13,46.58
188.35,121.74,46.13,46.58
188.35,122.74,46.13,46.58
188.35,122.74,46.13,46.58
188.35,122.74,46.13,46.58
188.35,122.74,46.13,46.58
188.35,122.74,46.13,46.58
188.35,122.74,46.13,46.58
188.35,122.74,46.13,46.58
188.35,123.74,46.13,46.58
188.35,123.74,46.13,46.58
188.35,123.74,46.13,46.58
187.35,124.74,46.13,46.58
187.35,124.74,46.13,46.58
187.35,124.74,46.13,46.58
187.35,124.74,46.13,46.58
187.35,124.74,46.13,46.58
186.35,126.74,46.13,46.58
184.35,128.74,46.13,46.58
182.35,129.74,46.13,46.58
181.35,130.74,46.13,46.58
181.35,130.74,46.13,46.58
181.35,130.74,46.13,46.58
180.35,132.74,46.13,46.58
177.35,134.74,46.13,46.58
173.35,136.74,46.13,46.58
168.35,140.74,46.13,46.58
163.35,145.74,46.13,46.58
159.35,151.74,46.13,46.58
156.35,155.74,46.13,46.58
153.35,159.74,46.13,46.58
152.35,162.74,46.13,46.58
153.35,159.74,46.13,46.58
152.35,159.74,46.13,46.58
150.35,163.74,46.13,46.58
147.35,168.74,46.13,46.58
145.35,170.74,46.13,46.58
144.35,172.74,46.13,46.58
143.35,172.74,46.13,46.58
143.35,171.74,46.13,46.58
142.35,170.74,46.13,46.58
140.35,170.74,46.13,46.58
141.35,170.74,46.13,46.58
141.35,170.74,46.13,46.58
141.35,170.74,46.13,46.58
141.35,170.74,46.13,46.58
141.35,170.74,46.13,46.58
141.35,170.74,46.13,46.58
141.35,170.74,46.13,46.58
141.35,170.74,46.13,46.58
141.35,170.74,46.13,46.58
2
0
0
0
0
1
142.82,112.04,56.84,59.81
140.82,116.04,56.84,59.81
131.82,121.04,56.84,59.81
132.82,127.04,56.84,59.81
130.82,134.04,56.84,59.81
129.82,140.04,56.84,59.81
129.82,144.04,56.84,59.81
129.82,147.04,56.84,59.81
129.82,150.04,56.84,59.81
127.82,154.04,56.84,59.81
126.82,157.04,56.84,59.81
126.82,158.04,56.84,59.81
126.82,159.04,56.84,59.81
126.82,159.04,56.84,59.81
127.82,159.04,56.84,59.81
127.82,159.04,56.84,59.81
127.82,159.04,56.84,59.81
127.82,159.04,56.84,59.81
127.82,159.04,56.84,59.81
127.82,158.04,56.84,59.81
127.82,158.04,56.84,59.81
127.82,159.04,56.84,59.81
127.82,160.04,56.84,59.81
127.82,160.04,56.84,59.81
127.82,160.04,56.84,59.81
127.82,160.04,56.84,59.81
127.82,160.04,56.84,59.81
127.82,159.04,56.84,59.81
127.82,159.04,56.84,59.81
127.82,160.04,56.84,59.81
127.82,159.04,56.84,59.81
128.82,159.04,56.84,59.81
128.82,160.04,56.84,59.81
128.82,161.04,56.84,59.81
129.82,161.04,56.84,59.81
130.82,161.04,56.84,59.81
131.82,162.04,56.84,59.81
132.82,163.04,56.84,59.81
132.82,164.04,56.84,59.81
133.82,164.04,56.84,59.81
133.82,165.04,56.84,59.81
132.82,166.04,56.84,59.81
132.82,167.04,56.84,59.81
131.82,169.04,56.84,59.81
131.82,170.04,56.84,59.81
131.82,171.04,56.84,59.81
131.82,171.04,56.84,59.81
131.82,170.04,56.84,59.81
131.82,170.04,56.84,59.81
132.82,170.04,56.84,59.81
2
0
0
0
0
1
107.59,61.79,67.10,70.75
101.59,55.79,67.10,70.75
98.59,50.79,67.10,70.75
94.59,48.79,67.10,70.75
103.59,42.79,67.10,70.75
102.59,42.79,67.10,70.75
98.59,43.79,67.10,70.75
97.59,45.79,67.10,70.75
95.59,48.79,67.10,70.75
92.59,49.79,67.10,70.75
91.59,50.79,67.10,70.75
90.59,51.79,67.10,70.75
88.59,70.79,67.10,70.75
86.59,68.79,67.10,70.75
80.59,59.79,67.10,70.75
80.59,59.79,67.10,70.75
78.59,56.79,67.10,70.75
76.59,55.79,67.10,70.75
87.59,62.79,67.10,70.75
88.59,63.79,67.10,70.75
86.59,62.79,67.10,70.75
83.59,60.79,67.10,70.75
81.59,60.79,67.10,70.75
79.59,60.79,67.10,70.75
77.59,60.79,67.10,70.75
76.59,60.79,67.10,70.75
74.59,61.79,67.10,70.75
72.59,62.79,67.10,70.75
70.59,62.79,67.10,70.75
68.59,62.79,67.10,70.75
64.59,61.79,67.10,70.75
62.59,60.79,67.10,70.75
66.59,58.79,67.10,70.75
75.59,62.79,67.10,70.75
88.59,63.79,67.10,70.75
89.59,70.79,67.10,70.75
102.59,71.79,67.10,70.75
102.59,72.79,67.10,70.75
2
0
0
0
0
1
159.32,121.08,54.56,54.34
166.32,120.08,54.56,54.34
161.32,122.08,54.56,54.34
171.32,125.08,54.56,54.34
164.32,129.08,54.56,54.34
173.32,125.08,54.56,54.34
170.32,139.08,54.56,54.34
176.32,135.08,54.56,54.34
184.32,130.08,54.56,54.34
173.32,139.08,54.56,54.34
178.32,132.08,54.56,54.34
187.32,127.08,54.56,54.34
196.32,126.08,54.56,54.34
204.32,125.08,54.56,54.34
204.32,131.08,54.56,54.34
191.32,140.08,54.56,54.34
195.32,138.08,54.56,54.34
199.32,136.08,54.56,54.34
202.32,136.08,54.56,54.34
205.32,135.08,54.56,54.34
207.32,136.08,54.56,54.34
207.32,136.08,54.56,54.34
208.32,137.08,54.56,54.34
206.32,138.08,54.56,54.34
199.32,139.08,54.56,54.34
193.32,138.08,54.56,54.34
186.32,137.08,54.56,54.34
180.32,136.08,54.56,54.34
176.32,136.08,54.56,54.34
172.32,136.08,54.56,54.34
169.32,136.08,54.56,54.34
166.32,135.08,54.56,54.34
164.32,135.08,54.56,54.34
162.32,135.08,54.56,54.34
160.32,135.08,54.56,54.34
159.32,135.08,54.56,54.34
160.32,135.08,54.56,54.34
159.32,135.08,54.56,54.34
159.32,135.08,54.56,54.34
160.32,136.08,54.56,54.34
160.32,136.08,54.56,54.34
160.32,136.08,54.56,54.34
160.32,136.08,54.56,54.34
161.32,137.08,54.56,54.34
162.32,137.08,54.56,54.34
162.32,137.08,54.56,54.34
162.32,137.08,54.56,54.34
163.32,138.08,54.56,54.34
161.32,139.08,54.56,54.34
157.32,140.08,54.56,54.34
155.32,138.08,54.56,54.34
151.32,139.08,54.56,54.34
147.32,142.08,54.56,54.34
142.32,146.08,54.56,54.34
138.32,148.08,54.56,54.34
140.32,147.08,54.56,54.34
134.32,151.08,54.56,54.34
129.32,156.08,54.56,54.34
128.32,157.08,54.56,54.34
129.32,156.08,54.56,54.34
129.32,157.08,54.56,54.34
127.32,159.08,54.56,54.34
126.32,161.08,54.56,54.34
127.32,160.08,54.56,54.34
130.32,159.08,54.56,54.34
133.32,157.08,54.56,54.34
137.32,154.08,54.56,54.34
141.32,153.08,54.56,54.34
142.32,152.08,54.56,54.34
145.32,147.08,54.56,54.34
148.32,147.08,54.56,54.34
149.32,145.08,54.56,54.34
150.32,144.08,54.56,54.34
153.32,143.08,54.56,54.34
153.32,142.08,54.56,54.34
153.32,140.08,54.56,54.34
152.32,138.08,54.56,54.34
150.32,137.08,54.56,54.34
149.32,136.08,54.56,54.34
147.32,136.08,54.56,54.34
145.32,135.08,54.56,54.34
143.32,134.08,54.56,54.34
142.32,134.08,54.56,54.34
140.32,134.08,54.56,54.34
139.32,133.08,54.56,54.34
137.32,132.08,54.56,54.34
136.32,132.08,54.56,54.34
136.32,131.08,54.56,54.34
135.32,130.08,54.56,54.34
135.32,129.08,54.56,54.34
134.32,128.08,54.56,54.34
134.32,126.08,54.56,54.34
135.32,124.08,54.56,54.34
136.32,123.08,54.56,54.34
137.32,121.08,54.56,54.34
138.32,118.08,54.56,54.34
137.32,116.08,54.56,54.34
137.32,114.08,54.56,54.34
137.32,112.08,54.56,54.34
138.32,110.08,54.56,54.34
139.32,109.08,54.56,54.34
138.32,108.08,54.56,54.34
138.32,107.08,54.56,54.34
138.32,107.08,54.56,54.34
137.32,107.08,54.56,54.34
135.32,107.08,54.56,54.34
134.32,107.08,54.56,54.34
132.32,108.08,54.56,54.34
129.32,109.08,54.56,54.34
126.32,110.08,54.56,54.34
122.32,112.08,54.56,54.34
119.32,114.08,54.56,54.34
116.32,116.08,54.56,54.34
114.32,119.08,54.56,54.34
112.32,121.08,54.56,54.34
111.32,123.08,54.56,54.34
110.32,124.08,54.56,54.34
111.32,125.08,54.56,54.34
112.32,125.08,54.56,54.34
113.32,126.08,54.56,54.34
114.32,126.08,54.56,54.34
115.32,127.08,54.56,54.34
115.32,128.08,54.56,54.34
115.32,130.08,54.56,54.34
115.32,132.08,54.56,54.34
115.32,133.08,54.56,54.34
115.32,133.08,54.56,54.34
116.32,133.08,54.56,54.34
117.32,132.08,54.56,54.34
117.32,131.08,54.56,54.34
117.32,130.08,54.56,54.34
117.32,129.08,54.56,54.34
116.32,127.08,54.56,54.34
115.32,125.08,54.56,54.34
114.32,123.08,54.56,54.34
112.32,121.08,54.56,54.34
108.32,119.08,54.56,54.34
104.32,117.08,54.56,54.34
99.32,116.08,54.56,54.34
93.32,115.08,54.56,54.34
95.32,114.08,54.56,54.34
86.32,122.08,54.56,54.34
83.32,145.08,54.56,54.34
2
0
0
0
0
1
109.29,85.88,68.24,67.08
107.29,89.88,68.24,67.08
126.29,90.88,68.24,67.08
103.29,84.88,68.24,67.08
112.29,86.88,68.24,67.08
110.29,91.88,68.24,67.08
110.29,99.88,68.24,67.08
110.29,105.88,68.24,67.08
101.29,109.88,68.24,67.08
104.29,111.88,68.24,67.08
108.29,117.88,68.24,67.08
113.29,118.88,68.24,67.08
117.29,119.88,68.24,67.08
122.29,119.88,68.24,67.08
126.29,119.88,68.24,67.08
129.29,121.88,68.24,67.08
132.29,122.88,68.24,67.08
134.29,123.88,68.24,67.08
137.29,123.88,68.24,67.08
139.29,123.88,68.24,67.08
139.29,123.88,68.24,67.08
142.29,122.88,68.24,67.08
144.29,121.88,68.24,67.08
145.29,120.88,68.24,67.08
145.29,119.88,68.24,67.08
147.29,118.88,68.24,67.08
148.29,117.88,68.24,67.08
149.29,118.88,68.24,67.08
150.29,118.88,68.24,67.08
151.29,118.88,68.24,67.08
153.29,117.88,68.24,67.08
155.29,116.88,68.24,67.08
157.29,116.88,68.24,67.08
159.29,115.88,68.24,67.08
161.29,115.88,68.24,67.08
163.29,115.88,68.24,67.08
164.29,115.88,68.24,67.08
166.29,116.88,68.24,67.08
168.29,116.88,68.24,67.08
169.29,117.88,68.24,67.08
173.29,116.88,68.24,67.08
174.29,117.88,68.24,67.08
175.29,118.88,68.24,67.08
175.29,118.88,68.24,67.08
179.29,116.88,68.24,67.08
182.29,115.88,68.24,67.08
185.29,113.88,68.24,67.08
189.29,110.88,68.24,67.08
192.29,107.88,68.24,67.08
196.29,105.88,68.24,67.08
201.29,102.88,68.24,67.08
205.29,99.88,68.24,67.08
209.29,97.88,68.24,67.08
214.29,93.88,68.24,67.08
217.29,91.88,68.24,67.08
220.29,89.88,68.24,67.08
224.29,87.88,68.24,67.08
227.29,86.88,68.24,67.08
230.29,84.88,68.24,67.08
233.29,84.88,68.24,67.08
235.29,83.88,68.24,67.08
233.29,83.88,68.24,67.08
227.29,83.88,68.24,67.08
221.29,83.88,68.24,67.08
215.29,83.88,68.24,67.08
208.29,84.88,68.24,67.08
204.29,84.88,68.24,67.08
200.29,84.88,68.24,67.08
197.29,85.88,68.24,67.08
201.29,85.88,68.24,67.08
203.29,86.88,68.24,67.08
208.29,87.88,68.24,67.08
2
0
0
0
0
1
157.74,121.92,46.58,47.96
169.74,113.92,46.58,47.96
166.74,113.92,46.58,47.96
161.74,114.92,46.58,47.96
157.74,112.92,46.58,47.96
153.74,111.92,46.58,47.96
154.74,116.92,46.58,47.96
155.74,119.92,46.58,47.96
155.74,120.92,46.58,47.96
152.74,121.92,46.58,47.96
152.74,121.92,46.58,47.96
152.74,120.92,46.58,47.96
150.74,119.92,46.58,47.96
149.74,118.92,46.58,47.96
150.74,117.92,46.58,47.96
149.74,118.92,46.58,47.96
146.74,119.92,46.58,47.96
142.74,119.92,46.58,47.96
138.74,120.92,46.58,47.96
135.74,121.92,46.58,47.96
132.74,121.92,46.58,47.96
128.74,122.92,46.58,47.96
125.74,123.92,46.58,47.96
122.74,122.92,46.58,47.96
125.74,122.92,46.58,47.96
126.74,120.92,46.58,47.96
132.74,117.92,46.58,47.96
135.74,114.92,46.58,47.96
136.74,111.92,46.58,47.96
139.74,108.92,46.58,47.96
142.74,106.92,46.58,47.96
142.74,105.92,46.58,47.96
142.74,103.92,46.58,47.96
140.74,102.92,46.58,47.96
132.74,100.92,46.58,47.96
131.74,98.92,46.58,47.96
129.74,97.92,46.58,47.96
125.74,97.92,46.58,47.96
126.74,98.92,46.58,47.96
125.74,98.92,46.58,47.96
133.74,100.92,46.58,47.96
137.74,99.92,46.58,47.96
138.74,98.92,46.58,47.96
140.74,98.92,46.58,47.96
141.74,97.92,46.58,47.96
138.74,98.92,46.58,47.96
137.74,98.92,46.58,47.96
137.74,99.92,46.58,47.96
136.74,101.92,46.58,47.96
135.74,103.92,46.58,47.96
135.74,102.92,46.58,47.96
147.74,103.92,46.58,47.96
143.74,102.92,46.58,47.96
139.74,101.92,46.58,47.96
134.74,101.92,46.58,47.96
131.74,100.92,46.58,47.96
127.74,101.92,46.58,47.96
141.74,91.92,46.58,47.96
136.74,90.92,46.58,47.96
130.74,90.92,46.58,47.96
125.74,90.92,46.58,47.96
121.74,89.92,46.58,47.96
116.74,90.92,46.58,47.96
123.74,86.92,46.58,47.96
118.74,84.92,46.58,47.96
112.74,84.92,46.58,47.96
109.74,85.92,46.58,47.96
106.74,87.92,46.58,47.96
102.74,87.92,46.58,47.96
100.74,87.92,46.58,47.96
97.74,88.92,46.58,47.96
95.74,89.92,46.58,47.96
93.74,90.92,46.58,47.96
92.74,91.92,46.58,47.96
90.74,92.92,46.58,47.96
88.74,92.92,46.58,47.96
87.74,92.92,46.58,47.96
86.74,92.92,46.58,47.96
86.74,93.92,46.58,47.96
85.74,93.92,46.58,47.96
84.74,94.92,46.58,47.96
84.74,95.92,46.58,47.96
83.74,96.92,46.58,47.96
84.74,97.92,46.58,47.96
85.74,98.92,46.58,47.96
85.74,99.92,46.58,47.96
87.74,100.92,46.58,47.96
87.74,101.92,46.58,47.96
88.74,102.92,46.58,47.96
90.74,102.92,46.58,47.96
91.74,103.92,46.58,47.96
92.74,104.92,46.58,47.96
105.74,103.92,46.58,47.96
106.74,101.92,46.58,47.96
2
0
0
0
0
1
203.88,136.16,57.29,60.94
202.88,136.16,57.29,60.94
195.88,139.16,57.29,60.94
198.88,141.16,57.29,60.94
194.88,139.16,57.29,60.94
194.88,143.16,57.29,60.94
196.88,136.16,57.29,60.94
197.88,133.16,57.29,60.94
196.88,144.16,57.29,60.94
197.88,136.16,57.29,60.94
200.88,132.16,57.29,60.94
207.88,129.16,57.29,60.94
191.88,117.16,57.29,60.94
189.88,139.16,57.29,60.94
196.88,139.16,57.29,60.94
198.88,132.16,57.29,60.94
204.88,131.16,57.29,60.94
196.88,132.16,57.29,60.94
198.88,130.16,57.29,60.94
198.88,127.16,57.29,60.94
196.88,128.16,57.29,60.94
189.88,121.16,57.29,60.94
185.88,120.16,57.29,60.94
184.88,123.16,57.29,60.94
177.88,120.16,57.29,60.94
174.88,120.16,57.29,60.94
173.88,121.16,57.29,60.94
172.88,122.16,57.29,60.94
171.88,122.16,57.29,60.94
170.88,122.16,57.29,60.94
171.88,123.16,57.29,60.94
172.88,121.16,57.29,60.94
173.88,119.16,57.29,60.94
174.88,119.16,57.29,60.94
174.88,120.16,57.29,60.94
175.88,117.16,57.29,60.94
176.88,116.16,57.29,60.94
177.88,115.16,57.29,60.94
176.88,115.16,57.29,60.94
175.88,113.16,57.29,60.94
176.88,111.16,57.29,60.94
177.88,111.16,57.29,60.94
178.88,112.16,57.29,60.94
179.88,112.16,57.29,60.94
180.88,112.16,57.29,60.94
181.88,112.16,57.29,60.94
182.88,113.16,57.29,60.94
183.88,113.16,57.29,60.94
184.88,113.16,57.29,60.94
184.88,114.16,57.29,60.94
185.88,115.16,57.29,60.94
185.88,114.16,57.29,60.94
185.88,114.16,57.29,60.94
183.88,115.16,57.29,60.94
181.88,117.16,57.29,60.94
178.88,119.16,57.29,60.94
175.88,120.16,57.29,60.94
174.88,121.16,57.29,60.94
171.88,123.16,57.29,60.94
167.88,124.16,57.29,60.94
165.88,126.16,57.29,60.94
162.88,127.16,57.29,60.94
158.88,128.16,57.29,60.94
156.88,129.16,57.29,60.94
153.88,130.16,57.29,60.94
151.88,131.16,57.29,60.94
149.88,133.16,57.29,60.94
147.88,134.16,57.29,60.94
146.88,136.16,57.29,60.94
144.88,137.16,57.29,60.94
143.88,139.16,57.29,60.94
142.88,140.16,57.29,60.94
141.88,141.16,57.29,60.94
140.88,142.16,57.29,60.94
139.88,143.16,57.29,60.94
139.88,143.16,57.29,60.94
139.88,144.16,57.29,60.94
138.88,144.16,57.29,60.94
138.88,144.16,57.29,60.94
138.88,145.16,57.29,60.94
136.88,145.16,57.29,60.94
134.88,145.16,57.29,60.94
