0.00451730
0.00461360
0.00544710
0.00387150
0.00674580
0.00350040
0.00438480
0.00342300
0.00343130
0.00360060
0.00330300
0.00396090
0.00434430
0.00339540
0.00349600
0.00331600
0.00334460
0.00330470
0.00344490
0.00351050
0.00333380
0.00335720
0.00393190
0.00332540
0.00361710
0.00486920
0.00334250
0.00338410
0.00559500
0.00361790
0.00338660
0.00344560
0.00366530
0.00347610
0.00338910
0.00357660
0.00431720
0.00358920
0.00371240
0.00428680
0.00371760
0.00352680
0.00341090
0.00360900
0.00331210
0.00335580
0.00371950
0.00441020
0.00375350
0.00401230
0.00437110
0.00377430
0.00492330
0.00412330
0.00364890
0.00354450
0.00363100
0.00360050
0.00390640
0.00355780
0.00384070
0.00371940
0.00385010
0.00452000
0.00371140
0.00434130
0.00365650
0.00367100
0.00409110
0.00361490
0.00394910
0.00451460
0.00373840
0.00524620
0.00410040
0.00385730
0.00354620
0.00356300
0.00417250
0.00469340
0.00392980
0.00363890
0.00355770
0.00386490
0.00353900
0.00353790
0.00413240
0.00442280
0.00385800
0.00363170
0.00352200
0.00368720
0.00361980
0.00359940
0.00402890
0.00446650
0.00392120
0.00348880
0.00366910
0.00369500
0.00359660
0.00369550
0.00355540
0.00400640
0.00378560
0.00357300
0.00360700
0.00368320
0.00448930
0.00445780
0.00700690
0.00557870
0.00371700
0.00513710
0.00388950
0.00397100
0.00372460
0.02721740
0.00399060
0.00525330
0.00724620
0.00420130
0.00384100
0.00437410
0.00389410
0.00519860
0.00409910
0.00415620
0.00430310
0.00505960
0.00621460
0.00501130
0.01077790
0.00500730
0.00412260
0.00517490
0.00370930
0.00357780
0.00353710
0.00375160
0.00410870
0.00545880
0.00399710
0.00414260
0.00570880
0.00440860
0.00522260
0.00390110
0.00410410
0.00404530
0.01699330
0.00477630
0.00688950
0.00432980
0.00440840
0.00364180
0.00375600
0.00436780
0.00349650
0.00340290
0.00333170
0.00397450
0.00432530
0.00368550
0.00419960
0.00373300
0.00371170
0.00345450
0.00379680
0.00365160
0.00420850
0.00347980
0.00346410
0.00338180
0.00342840
0.00342130
0.00352590
0.00373110
0.00430480
0.00346740
0.00342160
0.00356530
0.00359670
0.00343770
0.00358480
0.00339390
0.00354010
0.00359110
0.00343880
0.00329580
0.00341740
0.00346650
0.00368030
0.00365660
0.00358420
0.00392450
0.00372700
0.00355100
0.00356600
0.00353620
0.00353780
0.00402440
0.00459660
0.00388820
0.00353460
0.00392480
0.00360290
0.00359580
0.00388790
0.00361880
0.00352290
0.00360590
0.00410560
0.00517120
0.00375530
0.00419700
0.00449040
0.00359460
0.00490930
0.00379070
0.00418710
0.00434770
0.00382660
0.00406880
0.00479010
0.00396930
0.00406880
0.00622190
0.00342140
0.00362930
0.00349270
0.00328360
0.00349430
0.00339420
0.00335050
0.00358170
0.00383530
0.00430800
0.00335150
0.00327470
0.00370670
0.00342210
0.00353890
0.00391540
0.00366460
0.00465860
0.00358220
0.00419550
0.00374560
0.00339210
0.00369330
0.00340260
0.00368450
0.00433500
0.00345340
0.00337290
0.00339720
0.00326470
0.00347740
0.00331250
0.00376670
0.00442760
0.00344960
0.00331900
0.00359120
0.00344910
0.00332180
0.00328660
0.00360910
0.00440750
0.00441990
0.00373970
0.00427750
0.00499370
0.00407930
0.00403760
0.00492920
0.00400810
0.00414650
0.00366420
0.00367470
0.00457260
0.00376540
0.00381970
0.00398430
0.00465710
0.00445060
0.00350520
0.00357370
0.00342600
0.00337240
0.00335960
0.00337220
0.00430640
0.00355980
0.00388100
0.00458620
0.00350750
0.00348840
0.00338780
0.00345900
0.00331770
0.00333740
0.00376940
0.00459420
0.00367200
0.00375960
0.00445390
0.00348330
0.00501700
0.00349230
0.00335290
0.00360370
0.00336460
0.00363080
0.00338340
0.00336240
0.00385810
0.00336960
0.00376500
0.00428810
0.00346600
0.00375840
0.00340220
0.00335730
0.00370880
0.00337870
0.00413470
0.00436520
0.00343290
0.00444650
0.00390990
0.00330470
0.00342100
0.00341910
0.00364850
0.00420590
0.00349950
0.00359570
0.00352860
0.00335270
0.00342830
0.00342300
0.00365640
0.00429740
0.00342530
0.00362700
0.00338400
0.00327620
0.00343080
0.00400940
0.00419620
0.00432210
0.00351750
0.00334630
0.00341990
0.00329440
0.00329170
0.00337340
0.00348690
0.00342870
0.00335680
0.00362330
0.00342560
0.00344580
0.00385020
0.00349250
0.00347690
0.00423550
0.00348890
0.00362080
