0.00451730 0
0.00461360 1
0.00544710 1
0.00387150 1
0.00674580 1
0.00350040 1
0.00438480 1
0.00342300 1
0.00343130 1
0.00360060 1
0.00330300 1
0.00396090 1
0.00434430 1
0.00339540 1
0.00349600 1
0.00331600 1
0.00334460 1
0.00330470 1
0.00344490 1
0.00351050 1
0.00333380 1
0.00335720 1
0.00393190 1
0.00332540 1
0.00361710 1
0.00486920 1
0.00334250 1
0.00338410 1
0.00559500 1
0.00361790 1
0.00338660 1
0.00344560 1
0.00366530 1
0.00347610 1
0.00338910 1
0.00357660 1
0.00431720 1
0.00358920 1
0.00371240 1
0.00428680 1
0.00371760 1
0.00352680 1
0.00341090 1
0.00360900 1
0.00331210 1
0.00335580 1
0.00371950 1
0.00441020 1
0.00375350 1
0.00401230 1
0.00437110 1
0.00377430 1
0.00492330 1
0.00412330 1
0.00364890 1
0.00354450 1
0.00363100 1
0.00360050 1
0.00390640 1
0.00355780 1
0.00384070 1
0.00371940 1
0.00385010 1
0.00452000 1
0.00371140 1
0.00434130 1
0.00365650 1
0.00367100 1
0.00409110 1
0.00361490 1
0.00394910 1
0.00451460 1
0.00373840 1
0.00524620 1
0.00410040 1
0.00385730 1
0.00354620 1
0.00356300 1
0.00417250 1
0.00469340 1
0.00392980 1
0.00363890 1
0.00355770 1
0.00386490 1
0.00353900 1
0.00353790 1
0.00413240 1
0.00442280 1
0.00385800 1
0.00363170 1
0.00352200 1
0.00368720 1
0.00361980 1
0.00359940 1
0.00402890 1
0.00446650 1
0.00392120 1
0.00348880 1
0.00366910 1
0.00369500 1
0.00359660 1
0.00369550 1
0.00355540 1
0.00400640 1
0.00378560 1
0.00357300 1
0.00360700 1
0.00368320 1
0.00448930 1
0.00445780 1
0.00700690 1
0.00557870 1
0.00371700 1
0.00513710 1
0.00388950 1
0.00397100 1
0.00372460 1
0.02721740 1
0.00399060 1
0.00525330 1
0.00724620 1
0.00420130 1
0.00384100 1
0.00437410 1
0.00389410 1
0.00519860 1
0.00409910 1
0.00415620 1
0.00430310 1
0.00505960 1
0.00621460 1
0.00501130 1
0.01077790 1
0.00500730 1
0.00412260 1
0.00517490 1
0.00370930 1
0.00357780 1
0.00353710 1
0.00375160 1
0.00410870 1
0.00545880 1
0.00399710 1
0.00414260 1
0.00570880 1
0.00440860 1
0.00522260 1
0.00390110 1
0.00410410 1
0.00404530 1
0.01699330 1
0.00477630 1
0.00688950 1
0.00432980 1
0.00440840 1
0.00364180 1
0.00375600 1
0.00436780 1
0.00349650 1
0.00340290 1
0.00333170 1
0.00397450 1
0.00432530 1
0.00368550 1
0.00419960 1
0.00373300 1
0.00371170 1
0.00345450 1
0.00379680 1
0.00365160 1
0.00420850 1
0.00347980 1
0.00346410 1
0.00338180 1
0.00342840 1
0.00342130 1
0.00352590 1
0.00373110 1
0.00430480 1
0.00346740 1
0.00342160 1
0.00356530 1
0.00359670 1
0.00343770 1
0.00358480 1
0.00339390 1
0.00354010 1
0.00359110 1
0.00343880 1
0.00329580 1
0.00341740 1
0.00346650 1
0.00368030 1
0.00365660 1
0.00358420 1
0.00392450 1
0.00372700 1
0.00355100 1
0.00356600 1
0.00353620 1
0.00353780 1
0.00402440 1
0.00459660 1
0.00388820 1
0.00353460 1
0.00392480 1
0.00360290 1
0.00359580 1
0.00388790 1
0.00361880 1
0.00352290 1
0.00360590 1
0.00410560 1
0.00517120 1
0.00375530 1
0.00419700 1
0.00449040 1
0.00359460 1
0.00490930 1
0.00379070 1
0.00418710 1
0.00434770 1
0.00382660 1
0.00406880 1
0.00479010 1
0.00396930 1
0.00406880 1
0.00622190 1
0.00342140 1
0.00362930 1
0.00349270 1
0.00328360 1
0.00349430 1
0.00339420 1
0.00335050 1
0.00358170 1
0.00383530 1
0.00430800 1
0.00335150 1
0.00327470 1
0.00370670 1
0.00342210 1
0.00353890 1
0.00391540 1
0.00366460 1
0.00465860 1
0.00358220 1
0.00419550 1
0.00374560 1
0.00339210 1
0.00369330 1
0.00340260 1
0.00368450 1
0.00433500 1
0.00345340 1
0.00337290 1
0.00339720 1
0.00326470 1
0.00347740 1
0.00331250 1
0.00376670 1
0.00442760 1
0.00344960 1
0.00331900 1
0.00359120 1
0.00344910 1
0.00332180 1
0.00328660 1
0.00360910 1
0.00440750 1
0.00441990 1
0.00373970 1
0.00427750 1
0.00499370 1
0.00407930 1
0.00403760 1
0.00492920 1
0.00400810 1
0.00414650 1
0.00366420 1
0.00367470 1
0.00457260 1
0.00376540 1
0.00381970 1
0.00398430 1
0.00465710 1
0.00445060 1
0.00350520 1
0.00357370 1
0.00342600 1
0.00337240 1
0.00335960 1
0.00337220 1
0.00430640 1
0.00355980 1
0.00388100 1
0.00458620 1
0.00350750 1
0.00348840 1
0.00338780 1
0.00345900 1
0.00331770 1
0.00333740 1
0.00376940 1
0.00459420 1
0.00367200 1
0.00375960 1
0.00445390 1
0.00348330 1
0.00501700 1
0.00349230 1
0.00335290 1
0.00360370 1
0.00336460 1
0.00363080 1
0.00338340 1
0.00336240 1
0.00385810 1
0.00336960 1
0.00376500 1
0.00428810 1
0.00346600 1
0.00375840 1
0.00340220 1
0.00335730 1
0.00370880 1
0.00337870 1
0.00413470 1
0.00436520 1
0.00343290 1
0.00444650 1
0.00390990 1
0.00330470 1
0.00342100 1
0.00341910 1
0.00364850 1
0.00420590 1
0.00349950 1
0.00359570 1
0.00352860 1
0.00335270 1
0.00342830 1
0.00342300 1
0.00365640 1
0.00429740 1
0.00342530 1
0.00362700 1
0.00338400 1
0.00327620 1
0.00343080 1
0.00400940 1
0.00419620 1
0.00432210 1
0.00351750 1
0.00334630 1
0.00341990 1
0.00329440 1
0.00329170 1
0.00337340 1
0.00348690 1
0.00342870 1
0.00335680 1
0.00362330 1
0.00342560 1
0.00344580 1
0.00385020 1
0.00349250 1
0.00347690 1
0.00423550 1
0.00348890 1
0.00362080 1
