0.00121950 0
0.00082700 1
0.00195410 1
0.00079390 1
0.00058690 1
0.00096540 1
0.00152590 1
0.00066540 1
0.00054130 1
0.00054210 1
0.00132030 1
0.00149550 1
0.00063730 1
0.00068950 1
0.00053950 1
0.00062120 1
0.00085410 1
0.00097320 1
0.00066090 1
0.00055870 1
0.00054840 1
0.00056670 1
0.00120160 1
0.00061000 1
0.00055400 1
0.00063400 1
0.00059450 1
0.00056950 1
0.00055220 1
0.00056700 1
0.00060810 1
0.00057950 1
-
-
-
-
0.00070040 0
0.00075670 1
0.00083740 1
0.00082780 1
0.00086570 1
0.00084250 1
0.00083800 1
0.00079200 1
0.00084030 1
0.00097330 1
-
-
-
-
0.00081500 0
0.00077680 1
0.00080430 1
0.00085380 1
0.00082370 1
0.00086200 1
0.00084780 1
0.00104420 1
0.00085460 1
0.00082920 1
0.00084160 1
0.00092560 1
0.00344280 1
0.00185160 1
0.00086010 1
0.00079580 1
0.00078870 1
0.00101460 1
0.00080210 1
-
-
-
-
0.00119310 0
0.00187810 1
0.00200940 1
0.03321120 1
0.00154010 1
0.00279080 1
0.00312900 1
0.00166570 1
0.00137990 1
0.00140980 1
0.00141330 1
0.00139850 1
0.00136450 1
0.00140900 1
-
-
-
-
0.00082210 0
0.00099230 1
0.00096010 1
0.00097430 1
0.00097460 1
0.00112210 1
0.00099290 1
0.00106920 1
0.00100360 1
0.00100010 1
-
-
-
-
0.00117100 0
0.00167360 1
0.00129700 1
0.00126700 1
0.00127200 1
0.00131130 1
0.00140150 1
0.00171250 1
0.00136800 1
0.00127020 1
0.00126250 1
0.00136560 1
0.00133440 1
0.00132770 1
0.00127690 1
0.00151100 1
0.00126660 1
0.00132810 1
0.00175420 1
0.00127700 1
0.00129550 1
0.00136360 1
0.00134490 1
0.00128990 1
-
-
-
-
0.00115570 0
0.00144960 1
0.00143200 1
0.00153590 1
0.00146400 1
0.00165480 1
0.00151840 1
0.00161010 1
-
-
-
-
0.00125670 0
0.00160030 1
0.00150310 1
0.00159020 1
0.00151400 1
0.00155160 1
0.00163760 1
0.00161510 1
0.00181070 1
0.00294040 1
0.00170050 1
0.00162420 1
0.00226790 1
0.00157910 1
0.00151100 1
0.00147940 1
0.00147050 1
0.00146910 1
0.00154940 1
0.00153570 1
0.00184200 1
0.00153390 1
0.00155390 1
0.00177730 1
0.00166430 1
-
-
-
-
0.00106460 0
0.00119440 1
0.00121900 1
0.00113200 1
0.00103250 1
0.00101580 1
0.00099710 1
0.00099840 1
0.00099880 1
0.00103900 1
0.00106370 1
0.00104580 1
0.00103500 1
0.00103950 1
0.00105260 1
0.00102860 1
0.00136030 1
0.00118140 1
0.00103720 1
-
-
-
-
0.00104820 0
0.00070960 1
0.00084290 1
0.00115950 1
0.00077910 1
0.00073960 1
0.00077020 1
0.00073310 1
0.00070230 1
-
-
-
-
0.00075830 0
0.00105850 1
0.00087870 1
0.00088110 1
0.00085710 1
-
-
-
-
0.00098020 0
0.00108630 1
0.00107290 1
0.00129700 1
0.00113450 1
0.00107490 1
0.00105880 1
0.00109850 1
0.00125860 1
0.00115260 1
0.00107870 1
0.00106780 1
0.00105350 1
0.00105780 1
0.00119170 1
0.00110570 1
0.00107960 1
0.00107360 1
0.00112470 1
0.00110220 1
0.00107520 1
0.00110950 1
0.00106470 1
0.00107380 1
0.00105900 1
0.00107850 1
0.00109820 1
0.00120740 1
0.00107730 1
0.00120770 1
0.00107040 1
0.00106880 1
0.00103250 1
0.00132870 1
0.00103950 1
0.00103240 1
0.00102520 1
0.00117010 1
0.00107270 1
0.00106530 1
0.00109640 1
0.00107160 1
0.00105430 1
0.00111910 1
0.00106360 1
0.00105960 1
0.00104010 1
0.00108300 1
