1
150.00,69.00,48.00,54.00
150.00,69.00,48.00,54.00
150.00,69.00,48.00,54.00
150.00,69.00,48.00,54.00
149.00,69.00,48.00,54.00
149.00,68.00,48.00,54.00
149.00,68.00,48.00,54.00
150.00,68.00,48.00,54.00
150.00,68.00,48.00,54.00
151.00,68.00,48.00,54.00
153.00,68.00,48.00,54.00
155.00,68.00,48.00,54.00
157.00,67.00,48.00,54.00
160.00,66.00,48.00,54.00
163.00,65.00,48.00,54.00
165.00,64.00,48.00,54.00
167.00,64.00,48.00,54.00
171.00,66.00,48.00,54.00
173.00,67.00,48.00,54.00
173.00,67.00,48.00,54.00
173.00,67.00,48.00,54.00
173.00,67.00,48.00,54.00
173.00,67.00,48.00,54.00
173.00,67.00,48.00,54.00
172.00,67.00,48.00,54.00
172.00,67.00,48.00,54.00
172.00,67.00,48.00,54.00
172.00,67.00,48.00,54.00
172.00,67.00,48.00,54.00
172.00,67.00,48.00,54.00
2
0
0
0
0
1
200.88,93.79,56.32,51.33
203.88,95.79,56.32,51.33
197.88,94.79,56.32,51.33
197.88,94.79,56.32,51.33
196.88,94.79,56.32,51.33
195.88,94.79,56.32,51.33
195.88,94.79,56.32,51.33
194.88,94.79,56.32,51.33
2
0
0
0
0
1
97.00,39.00,40.00,44.00
97.00,39.00,40.00,44.00
97.00,39.00,40.00,44.00
97.00,39.00,40.00,44.00
97.00,39.00,40.00,44.00
97.00,39.00,40.00,44.00
97.00,39.00,40.00,44.00
97.00,39.00,40.00,44.00
97.00,39.00,40.00,44.00
97.00,39.00,40.00,44.00
97.00,39.00,40.00,44.00
97.00,39.00,40.00,44.00
97.00,39.00,40.00,44.00
97.00,39.00,40.00,44.00
97.00,39.00,40.00,44.00
97.00,39.00,40.00,44.00
97.00,39.00,40.00,44.00
2
0
0
0
0
1
206.00,73.00,37.00,71.00
209.00,74.00,37.00,71.00
209.00,75.00,37.00,71.00
209.00,76.00,37.00,71.00
208.00,77.00,37.00,71.00
213.00,68.00,37.00,71.00
204.00,47.00,37.00,71.00
210.00,40.00,37.00,71.00
210.00,42.00,37.00,71.00
209.00,42.00,37.00,71.00
209.00,43.00,37.00,71.00
209.00,43.00,37.00,71.00
2
0
0
0
0
1
98.69,30.87,68.07,75.28
97.69,30.87,68.07,75.28
99.69,30.87,68.07,75.28
103.69,31.87,68.07,75.28
109.69,33.87,68.07,75.28
84.69,36.87,68.07,75.28
83.69,35.87,68.07,75.28
82.69,34.87,68.07,75.28
2
0
0
0
0
1
203.17,85.19,60.90,62.32
202.17,84.19,60.90,62.32
203.17,86.19,60.90,62.32
204.17,89.19,60.90,62.32
205.17,92.19,60.90,62.32
206.17,94.19,60.90,62.32
207.17,96.19,60.90,62.32
206.17,94.19,60.90,62.32
206.17,94.19,60.90,62.32
206.17,94.19,60.90,62.32
206.17,94.19,60.90,62.32
206.17,94.19,60.90,62.32
206.17,94.19,60.90,62.32
206.17,93.19,60.90,62.32
206.17,94.19,60.90,62.32
206.17,94.19,60.90,62.32
206.17,94.19,60.90,62.32
206.17,94.19,60.90,62.32
206.17,94.19,60.90,62.32
206.17,94.19,60.90,62.32
206.17,94.19,60.90,62.32
206.17,94.19,60.90,62.32
2
0
0
0
0
1
100.63,48.97,56.36,67.33
93.63,49.97,56.36,67.33
92.63,49.97,56.36,67.33
93.63,50.97,56.36,67.33
69.63,76.97,56.36,67.33
60.63,75.97,56.36,67.33
2
0
0
0
0
1
180.79,93.27,61.22,68.46
182.79,93.27,61.22,68.46
183.79,93.27,61.22,68.46
184.79,93.27,61.22,68.46
185.79,93.27,61.22,68.46
185.79,94.27,61.22,68.46
185.79,94.27,61.22,68.46
185.79,94.27,61.22,68.46
185.79,95.27,61.22,68.46
185.79,95.27,61.22,68.46
185.79,95.27,61.22,68.46
185.79,95.27,61.22,68.46
185.79,95.27,61.22,68.46
185.79,95.27,61.22,68.46
185.79,95.27,61.22,68.46
184.79,95.27,61.22,68.46
183.79,95.27,61.22,68.46
182.79,95.27,61.22,68.46
182.79,95.27,61.22,68.46
181.79,95.27,61.22,68.46
181.79,95.27,61.22,68.46
181.79,95.27,61.22,68.46
181.79,95.27,61.22,68.46
2
0
0
0
0
1
212.88,21.33,51.90,52.20
212.88,22.33,51.90,52.20
212.88,22.33,51.90,52.20
212.88,22.33,51.90,52.20
212.88,22.33,51.90,52.20
212.88,22.33,51.90,52.20
212.88,22.33,51.90,52.20
212.88,22.33,51.90,52.20
212.88,22.33,51.90,52.20
212.88,22.33,51.90,52.20
212.88,22.33,51.90,52.20
212.88,21.33,51.90,52.20
212.88,21.33,51.90,52.20
212.88,22.33,51.90,52.20
212.88,22.33,51.90,52.20
212.88,22.33,51.90,52.20
212.88,22.33,51.90,52.20
2
0
0
0
0
1
102.47,39.53,42.62,45.67
99.47,38.53,42.62,45.67
99.47,38.53,42.62,45.67
99.47,38.53,42.62,45.67
99.47,38.53,42.62,45.67
99.47,38.53,42.62,45.67
99.47,38.53,42.62,45.67
2
0
0
0
0
1
77.00,93.00,42.00,51.00
78.00,74.00,42.00,51.00
78.00,74.00,42.00,51.00
2
0
0
0
0
1
100.00,123.00,45.00,59.00
103.00,123.00,45.00,59.00
106.00,123.00,45.00,59.00
109.00,123.00,45.00,59.00
112.00,124.00,45.00,59.00
114.00,125.00,45.00,59.00
116.00,125.00,45.00,59.00
118.00,125.00,45.00,59.00
119.00,125.00,45.00,59.00
120.00,124.00,45.00,59.00
122.00,124.00,45.00,59.00
125.00,124.00,45.00,59.00
127.00,123.00,45.00,59.00
129.00,119.00,45.00,59.00
130.00,118.00,45.00,59.00
129.00,118.00,45.00,59.00
130.00,118.00,45.00,59.00
131.00,118.00,45.00,59.00
132.00,118.00,45.00,59.00
134.00,118.00,45.00,59.00
137.00,118.00,45.00,59.00
140.00,118.00,45.00,59.00
142.00,119.00,45.00,59.00
145.00,119.00,45.00,59.00
147.00,119.00,45.00,59.00
148.00,119.00,45.00,59.00
148.00,119.00,45.00,59.00
147.00,118.00,45.00,59.00
145.00,115.00,45.00,59.00
143.00,114.00,45.00,59.00
142.00,113.00,45.00,59.00
142.00,113.00,45.00,59.00
142.00,113.00,45.00,59.00
142.00,113.00,45.00,59.00
142.00,113.00,45.00,59.00
142.00,113.00,45.00,59.00
142.00,113.00,45.00,59.00
142.00,113.00,45.00,59.00
142.00,113.00,45.00,59.00
142.00,113.00,45.00,59.00
142.00,113.00,45.00,59.00
142.00,113.00,45.00,59.00
142.00,113.00,45.00,59.00
142.00,113.00,45.00,59.00
142.00,113.00,45.00,59.00
142.00,113.00,45.00,59.00
142.00,113.00,45.00,59.00
