0.00121950
0.00082700
0.00195410
0.00079390
0.00058690
0.00096540
0.00152590
0.00066540
0.00054130
0.00054210
0.00132030
0.00149550
0.00063730
0.00068950
0.00053950
0.00062120
0.00085410
0.00097320
0.00066090
0.00055870
0.00054840
0.00056670
0.00120160
0.00061000
0.00055400
0.00063400
0.00059450
0.00056950
0.00055220
0.00056700
0.00060810
0.00057950
0.00000000
0.00000000
0.00000000
0.00000000
0.00070040
0.00075670
0.00083740
0.00082780
0.00086570
0.00084250
0.00083800
0.00079200
0.00084030
0.00097330
0.00000000
0.00000000
0.00000000
0.00000000
0.00081500
0.00077680
0.00080430
0.00085380
0.00082370
0.00086200
0.00084780
0.00104420
0.00085460
0.00082920
0.00084160
0.00092560
0.00344280
0.00185160
0.00086010
0.00079580
0.00078870
0.00101460
0.00080210
0.00000000
0.00000000
0.00000000
0.00000000
0.00119310
0.00187810
0.00200940
0.03321120
0.00154010
0.00279080
0.00312900
0.00166570
0.00137990
0.00140980
0.00141330
0.00139850
0.00136450
0.00140900
0.00000000
0.00000000
0.00000000
0.00000000
0.00082210
0.00099230
0.00096010
0.00097430
0.00097460
0.00112210
0.00099290
0.00106920
0.00100360
0.00100010
0.00000000
0.00000000
0.00000000
0.00000000
0.00117100
0.00167360
0.00129700
0.00126700
0.00127200
0.00131130
0.00140150
0.00171250
0.00136800
0.00127020
0.00126250
0.00136560
0.00133440
0.00132770
0.00127690
0.00151100
0.00126660
0.00132810
0.00175420
0.00127700
0.00129550
0.00136360
0.00134490
0.00128990
0.00000000
0.00000000
0.00000000
0.00000000
0.00115570
0.00144960
0.00143200
0.00153590
0.00146400
0.00165480
0.00151840
0.00161010
0.00000000
0.00000000
0.00000000
0.00000000
0.00125670
0.00160030
0.00150310
0.00159020
0.00151400
0.00155160
0.00163760
0.00161510
0.00181070
0.00294040
0.00170050
0.00162420
0.00226790
0.00157910
0.00151100
0.00147940
0.00147050
0.00146910
0.00154940
0.00153570
0.00184200
0.00153390
0.00155390
0.00177730
0.00166430
0.00000000
0.00000000
0.00000000
0.00000000
0.00106460
0.00119440
0.00121900
0.00113200
0.00103250
0.00101580
0.00099710
0.00099840
0.00099880
0.00103900
0.00106370
0.00104580
0.00103500
0.00103950
0.00105260
0.00102860
0.00136030
0.00118140
0.00103720
0.00000000
0.00000000
0.00000000
0.00000000
0.00104820
0.00070960
0.00084290
0.00115950
0.00077910
0.00073960
0.00077020
0.00073310
0.00070230
0.00000000
0.00000000
0.00000000
0.00000000
0.00075830
0.00105850
0.00087870
0.00088110
0.00085710
0.00000000
0.00000000
0.00000000
0.00000000
0.00098020
0.00108630
0.00107290
0.00129700
0.00113450
0.00107490
0.00105880
0.00109850
0.00125860
0.00115260
0.00107870
0.00106780
0.00105350
0.00105780
0.00119170
0.00110570
0.00107960
0.00107360
0.00112470
0.00110220
0.00107520
0.00110950
0.00106470
0.00107380
0.00105900
0.00107850
0.00109820
0.00120740
0.00107730
0.00120770
0.00107040
0.00106880
0.00103250
0.00132870
0.00103950
0.00103240
0.00102520
0.00117010
0.00107270
0.00106530
0.00109640
0.00107160
0.00105430
0.00111910
0.00106360
0.00105960
0.00104010
0.00108300
