0.00012960
0.00056770
0.00070030
0.00039170
0.00042860
0.00077880
0.00087760
0.00056800
0.00049120
0.00068160
0.00046080
0.00043230
0.00042170
0.00041430
0.00043730
0.00043970
0.00041630
0.00042040
0.00042610
0.00039060
0.00042850
0.00047550
0.00047940
0.00041610
0.00041450
0.00041220
0.00041640
0.00041720
0.00045400
0.00039530
0.00048040
0.00043220
0.00045320
0.00044890
0.00055350
0.00042880
0.00042180
0.00041700
0.00042600
0.00042260
0.00042140
0.00042080
0.00044340
0.00042500
0.00042060
0.00042140
0.00045060
0.00039500
0.00039950
0.00040400
0.00041300
0.00039370
0.00040330
0.00043560
0.00042980
0.00039590
0.00040130
0.00046210
0.00040110
0.00039180
0.00039670
0.00042360
0.00038940
0.00048400
0.00039460
0.00050360
0.00039000
0.00049170
0.00039090
0.00042620
0.00038970
0.00041510
0.00046430
0.00043330
0.00039560
0.00042390
0.00040040
0.00050040
0.00042410
0.00042120
0.00064660
0.00045040
0.00047010
0.00053830
0.00044280
0.00046000
0.00043740
0.00048500
0.00047530
0.00043540
0.00051810
0.00046950
0.00056660
0.00043450
0.00043220
0.00047120
0.00044410
0.00000000
0.00000000
0.00000000
0.00000000
0.00012750
0.00078740
0.00096740
0.00072380
0.00090650
0.00083580
0.00077580
0.00069130
0.00067760
0.00066560
0.00066960
0.00064770
0.00065520
0.00065910
0.00065540
0.00065570
0.00065430
0.00061860
0.00074950
0.00071490
0.00071670
0.00066600
0.00072120
0.00066270
0.00065980
0.00065120
0.00072360
0.00065950
0.00065370
0.00061990
0.00062610
0.00075840
0.00071010
0.00065970
0.00068320
0.00066620
0.00067340
0.00069380
0.00066760
0.00066170
0.00067790
0.00065550
0.00067070
0.00074770
0.00068300
0.00069140
0.00067550
0.00072900
0.00066520
0.00072870
0.00098440
0.00070340
0.00067380
0.00067250
0.00066270
0.00065650
0.00065500
0.00070160
0.00066260
0.00075220
0.00065160
0.00064780
0.00066000
0.00065740
0.00068930
0.00065460
0.00078240
0.00062400
0.00064300
0.00065330
0.00065230
0.00062080
0.00061940
0.00065150
0.00065550
0.00073380
0.00065770
0.00065000
0.00065270
0.00064510
0.00066530
0.00066870
0.00065560
0.00066450
0.00066110
0.00065200
0.00065620
0.00065340
0.00068670
0.00061560
0.00064200
0.00064320
0.00068500
0.00065300
0.00068020
0.00066770
0.00065570
0.00064170
0.00062080
0.00066950
0.00065270
0.00062330
0.00094880
0.00142630
0.00077270
0.00066270
0.00076380
0.00065640
0.00067210
0.00067620
0.00067740
0.00065840
0.00067100
0.00066500
0.00072870
0.00070980
0.00065350
0.00064330
0.00067650
0.00086080
0.00070620
0.00069390
0.00079310
0.00065820
0.00069630
0.00062090
0.00067080
0.00101130
0.00071520
0.00066260
0.00073040
0.00069340
0.00067110
0.00066900
0.00062210
0.00070600
0.00082410
0.00068470
0.00066230
0.00066820
0.00065210
0.00065990
0.00067030
0.00065970
0.00067170
0.00067040
0.00066620
0.00064380
0.00068210
0.00066760
0.00065280
