0.00017210
0.00308040
0.00548760
0.00302680
0.00221580
0.00446080
0.00374670
0.00285030
0.00253350
0.00291530
0.00439170
0.00247520
0.00245540
0.00317840
0.00278390
0.00273380
0.00319480
0.00281670
0.00279010
0.00286890
0.00294260
0.00278380
0.00265990
0.00275740
0.00276690
0.00258580
0.00176280
0.00150470
0.00180040
0.00221510
0.00189560
0.00148940
0.00225470
0.00000000
0.00000000
0.00000000
0.00000000
0.00001620
0.00295800
0.00231590
0.00370320
0.00282860
0.00385320
0.00272710
0.00299290
0.00230460
0.00461280
0.00333730
0.00326290
0.00279260
0.00324420
0.00265380
0.00357500
0.00502690
0.00389350
0.00296470
0.00349720
0.00243090
0.00303530
0.00255460
0.00312340
0.00238140
0.00285140
0.00259310
0.00295410
0.00272470
0.00299050
0.00247220
0.00283220
0.00236710
0.00305070
0.00270740
0.00394860
0.00297060
0.00377380
0.00283500
0.00322040
0.00404810
0.00306380
0.00260990
0.00341850
0.00259560
0.00291490
0.00314380
0.00330310
0.00250940
0.00293630
0.00262330
0.00313560
0.00243870
0.00363550
0.00285140
0.00329130
0.00257390
0.00293620
0.00274670
0.00306080
0.00241480
0.00315870
0.00325790
0.00356300
0.00302890
0.00299040
0.00248040
0.00366260
0.00268140
0.00391630
0.00266080
0.00307720
0.00255130
0.00394620
0.00252400
0.00285500
0.00288840
0.00279300
0.00267270
0.00305550
0.00241930
0.00286030
0.00307570
0.00319440
0.00250260
0.00271170
0.00235970
0.00303330
0.00228540
0.00333840
0.00258880
0.00333450
0.00327540
0.00364750
0.00342200
0.00700800
0.00301350
0.00322120
0.00303730
0.00340430
0.00274210
0.00402200
0.00266040
0.00319990
0.00277330
0.00291550
0.00235580
0.00305070
0.00240440
0.00279420
0.00235380
0.00286280
0.00227390
0.00282250
0.00361340
0.00430480
0.00244310
0.00280130
0.00237950
0.00290940
0.00245180
0.00407430
0.00291520
0.00370690
0.00256730
0.00309810
0.00513770
0.00496020
0.00289480
0.00340950
0.00260450
0.00314340
0.00292260
0.00404150
0.00261610
0.00296820
0.00259840
0.00303590
0.00238050
0.00317040
0.00258080
0.00293810
0.00243630
0.00318440
0.00245770
0.00289550
0.00232010
0.00289600
0.00230000
0.00346120
0.00336700
0.00353070
0.00357300
0.00417070
0.00230570
0.00247820
0.00341270
0.00250390
0.00209130
0.00254310
0.00202750
0.00237940
0.00228470
0.00300020
0.00302450
0.00335040
0.00267220
0.00260970
0.00198120
0.00230910
0.00243900
0.00242390
0.00268620
0.00240620
0.00202870
0.00264880
0.00199280
0.00234800
0.00000000
0.00000000
0.00000000
0.00000000
0.00018870
0.00388910
0.00337450
0.00344140
0.00331470
0.00323500
0.00332520
0.00356770
0.00358330
0.00359390
0.00330480
0.00327070
0.00404360
0.00456570
0.00457490
0.00349670
0.00372890
0.00386350
0.00332950
0.00346640
0.00334830
0.00331700
0.00305230
0.00350900
0.00353880
0.00323310
0.00342570
0.00442760
0.00400570
0.00362190
0.00318600
0.00364800
0.00358880
0.00567970
0.00344640
0.00424040
0.00295420
0.00310590
0.00315120
0.00313060
0.00336510
0.00282090
0.00286420
0.00476450
0.00374110
0.00377570
0.00275400
0.00436060
0.00270580
0.00267700
0.00289440
0.00261480
0.00295880
0.00282980
0.00301460
0.00274170
0.00263220
0.00280020
0.00244650
0.00333430
0.00249620
0.00267310
0.00240790
0.00262820
0.00288560
0.00275950
0.00289500
0.00271250
0.00244830
0.00268720
0.00244920
0.00315810
0.00272640
0.00266210
0.00256890
0.00252130
0.00287430
0.00261240
0.00296130
0.00278400
0.00252890
0.00260330
0.00266390
0.00321900
0.00255500
0.00286930
0.00250100
0.00251270
0.00244160
0.00271100
0.00290820
0.00268960
0.00264070
0.00259850
0.00268860
0.00314930
0.00257210
0.00357330
0.00282020
0.00297540
0.00315660
0.00310100
0.00295750
0.00340500
0.00334470
0.00320130
0.00334190
0.00317960
0.00326170
0.00330860
0.00323590
0.00349990
0.00319190
0.00337550
0.00355540
0.00340270
0.00333970
0.00340020
0.00355940
0.00355420
0.00354000
0.00377330
0.00392600
0.00382070
0.00389490
0.00363360
0.00375350
0.00396240
0.00354070
0.00390140
0.00327460
0.00317410
0.00323730
0.00332160
0.00312990
0.00321280
0.00305790
0.00286730
0.00283570
0.00272620
0.00285990
0.00272360
0.00318610
0.00298090
0.00299440
0.00324560
0.00371830
0.00293730
0.00301490
0.00317250
0.00297490
0.00311830
0.00296010
0.00288480
0.00293450
0.00276790
0.00303630
0.00984640
0.00308380
0.00329850
0.00269820
0.00273290
0.00293820
0.00267990
0.00276020
0.00325430
0.00275180
0.00294680
0.00293950
0.00277920
0.00283330
0.00320320
0.00296070
0.00314730
0.00286650
0.00263730
0.00262420
0.00316460
0.00304070
0.00276020
0.00308390
0.00312930
0.00294350
0.00324390
0.00417040
0.00365460
0.00367190
0.00316410
0.00268700
0.00410300
0.00434640
0.00287230
0.00308340
0.00258970
0.00205250
0.00313500
0.00210980
0.00202410
0.00204150
0.00227250
0.00306170
0.00227480
0.00204590
0.00293830
0.00200480
0.00199350
0.00192940
0.00192130
0.00286820
0.00240690
0.00221180
0.00282140
0.00215600
0.00206380
0.00192350
0.00202850
0.00191660
0.00208920
0.00197410
0.00289310
0.00214280
0.00199280
0.00199370
0.00196610
0.00211350
0.00361860
0.00238230
0.00387500
0.00213410
0.00211020
0.00196130
0.00241790
0.00245430
0.00219570
0.00205920
0.00299270
0.00261380
0.00203490
0.00306500
0.00292540
0.00233850
0.00303290
0.00227960
0.00474400
0.00243190
0.00310990
0.00334260
0.00243270
0.00210270
0.00212390
0.00196800
0.00307690
0.00220680
0.00204690
0.00321130
0.00224400
0.00204260
0.00201000
0.00206700
0.00201540
0.00193810
0.00192450
0.00308220
0.00249310
0.00207560
0.00214390
0.00210010
0.00219280
0.00256550
0.00224770
0.00385750
0.00262180
0.00285040
0.00323990
0.00212900
0.00210710
0.00336510
0.00202880
0.00290410
0.00249000
0.00203690
0.00305060
0.00217480
0.00216410
0.00192400
0.00192970
0.00337820
0.00234120
0.00204290
0.00365110
0.00243140
0.00294700
0.00217120
0.00202250
0.00453060
0.00243630
0.00208010
0.00363440
0.00226170
0.00216040
0.00200830
0.00206100
0.00204380
0.00207820
0.00195380
0.00290420
0.00289980
0.00252890
0.00253910
0.00348360
0.00227010
0.00270600
0.00402790
0.00302500
0.00207620
0.00199900
0.00215920
0.00208680
0.00206540
0.00202270
0.00204800
0.00294100
0.00217140
0.00216180
0.00313870
0.00282210
0.00306350
0.00266720
0.00321520
0.00277010
0.00295360
0.00297370
0.00285200
0.00278910
0.00397590
0.00352460
0.00327400
0.00440230
0.00351080
0.00383030
0.00355470
0.00336300
0.00319560
0.00386900
0.00416070
0.00376080
0.00369920
0.00384140
0.00374300
0.00365640
0.00376340
0.00342630
0.00358930
0.00327870
0.00294660
0.00304860
0.00302790
0.00333410
0.00295610
0.00306220
0.00307590
0.00335590
0.00325410
0.00380770
0.00340590
0.00335740
0.00333680
0.00323750
0.00335910
0.00346250
0.00345850
0.00353420
0.00342410
0.00324160
0.00334770
0.00320580
0.00342190
0.00465230
0.00326850
0.00326940
0.00330280
0.00329970
0.00321330
0.00352700
0.00327920
0.00342990
0.00327440
0.00335430
0.00330880
0.00353090
0.00336190
0.00356330
0.00337650
0.00374260
0.00334370
0.00335950
0.00347410
0.00292750
0.00292790
0.00289660
0.00295460
0.00277840
0.00292980
0.00287280
0.00291800
0.00279660
0.00338150
0.00407450
0.00315160
0.00295960
0.00504070
0.00383990
0.00334800
0.00329760
0.00295950
0.00289370
0.00410120
0.00320470
0.00358870
0.00310260
0.00298310
0.00312940
0.00286070
0.00287970
0.00279450
0.00284070
0.00289010
0.00295220
0.00281620
0.00336360
0.00272760
0.00283240
0.00287240
0.00285370
0.00273540
0.00296600
0.00283660
0.00288950
0.00282800
0.00273570
0.00272350
0.00272550
0.00276650
0.00286090
0.00283530
0.00285110
0.00274070
0.00274430
0.00293900
0.00275400
0.00283710
0.00275540
0.00284920
0.00281770
0.00291310
0.00286230
0.00282150
0.00272900
0.00292520
0.00292020
0.00293900
0.00309760
0.00288920
0.00291120
0.00357350
0.00349030
0.00341480
0.00496680
0.00293910
0.00378570
0.00286130
0.00304340
0.00316800
0.00293430
0.00281220
0.00346450
0.00274950
0.00300210
0.00286750
0.00286900
0.00281630
0.00290350
0.00282200
0.00294980
0.00274510
0.00300120
0.00273650
0.00303400
0.00289300
0.00293900
0.00274430
0.00274300
0.00275920
0.00303610
0.00288080
0.00282030
0.00307400
0.00341020
0.00345620
0.00405500
0.00290900
0.00382290
0.00280420
0.00362070
0.00324400
0.00329600
0.00305050
0.00287420
0.00284190
0.00284300
0.00277180
0.00291800
0.00281750
0.00279460
0.00285470
0.00282820
0.00353550
0.00327230
0.00342240
0.00403120
0.00307520
0.00319410
0.00295510
0.00353140
0.00298440
0.00336320
0.00302950
0.00312470
0.00310260
0.00298960
0.00294510
0.00292040
0.00345370
0.00340870
0.00314060
0.00317010
0.00281760
0.00288610
0.00290360
0.00521010
0.00290460
0.00280200
0.00372570
0.00277440
0.00283080
0.00338170
0.00316440
0.00285030
0.00309930
0.00290540
0.00285830
0.00279180
0.00288120
0.00287690
0.00290250
0.00275480
0.00292810
0.00309450
0.00283780
0.00275950
0.00296980
0.00272620
0.00281420
0.00278030
0.00313170
0.00310510
0.00303740
0.00362380
0.00328900
0.00307630
0.00313310
0.00319690
0.00330850
0.00309750
0.00315400
0.00326410
0.00344570
0.00292560
0.00316000
0.00356060
0.00265000
0.00324740
0.00331460
0.00249110
0.00197690
0.00200800
0.00195720
0.00196980
0.00313930
0.00226020
0.00214090
0.00199030
0.00198080
0.00187000
0.00185700
0.00185430
0.00197560
0.00186560
0.00287270
0.00216670
0.00194410
0.00187920
0.00184900
0.00197150
0.00194650
0.00274430
0.00221510
0.00335980
0.00327320
0.00327660
0.00350660
0.00353360
0.00321220
0.00375450
0.00323590
0.00338740
0.00307350
0.00300690
0.00275530
0.00276040
0.00256610
0.00243650
0.00279800
0.00261210
0.00259920
0.00254470
0.00240510
0.00241910
0.00309980
0.00322460
0.00293520
0.00477450
0.00450470
0.00351570
0.00330510
0.00315560
0.00334140
0.00302310
0.00448580
0.00246390
0.00219760
0.00193110
0.00190320
0.00203830
0.00145300
0.00159710
0.00149500
0.00152100
0.00154880
0.00133150
0.00130780
0.00123360
0.00176490
0.00166100
0.00129920
0.00198500
0.00210920
0.00208940
0.00223130
0.00228720
0.00249510
0.00216790
0.00189500
0.00207230
0.00238450
0.00226740
0.00292820
0.00236790
0.00231270
0.00236590
0.00210630
0.00313680
0.00205650
0.00193230
0.00303840
0.00198940
0.00192890
0.00198420
0.00228610
0.00191350
0.00197810
0.00186790
0.00306040
0.00206130
0.00244790
0.00243320
0.00240850
0.00359180
0.00206790
0.00259210
0.00204930
0.00192210
0.00238430
0.00252990
0.00194190
0.00189780
0.00277360
0.00218440
0.00198060
0.00186810
0.00185470
0.00193810
0.00269480
0.00228910
0.00213250
0.00272810
0.00219920
0.00195960
0.00186610
0.00205610
0.00183240
0.00192610
0.00188500
0.00185940
0.00186200
0.00182350
0.00302130
0.00215930
0.00182670
0.00183660
0.00291930
0.00212170
0.00187970
0.00197370
0.00290130
0.00215350
0.00198160
0.00254850
0.00333630
0.00246300
0.00231210
0.00208880
0.00292430
0.00222590
0.00216670
0.00250190
0.00287760
0.00219280
0.00192690
0.00252150
0.00333400
0.00224110
0.00224120
0.00209100
0.00295700
0.00219060
0.00191620
0.00190890
0.00300380
0.00218130
0.00195320
0.00187750
0.00287570
0.00219220
0.00188310
0.00246560
0.00336990
0.00259480
0.00416400
0.00209110
0.00291410
0.00339400
0.00215010
0.00213850
0.00370490
0.00259060
0.00285010
0.00204620
0.00297750
0.00235470
0.00191960
0.00192970
0.00202200
0.00194440
0.00204980
0.00194700
0.00195800
0.00193980
0.00187750
0.00187580
0.00196360
0.00205830
0.00198610
0.00189490
0.00210910
0.00262330
0.00188630
0.00200680
0.00206330
0.00252420
0.00192360
0.00188580
0.00216990
0.00247750
0.00261910
0.00242790
0.00245250
0.00353360
0.00207840
0.00203850
0.00293820
0.00203240
0.00195210
0.00236570
0.00226400
0.00226280
0.00217870
0.00264310
0.00221260
0.00253460
0.00244750
0.00204720
0.00194020
0.00216960
0.00240400
0.00254280
0.00320720
0.00264990
0.00298800
0.00320690
0.00295760
0.00300140
0.00285440
0.00320810
0.00276650
0.00297800
0.00304730
0.00288150
0.00288720
0.00296410
0.00307260
0.00302040
0.00372430
0.00351100
0.00370390
0.00397960
0.00302740
0.00454730
0.00310400
0.00317530
0.00353760
0.00311850
0.00306460
0.00301760
0.00292900
0.00306150
0.00319130
0.00307280
0.00299470
0.00293360
0.00396520
0.00347350
0.00424860
0.00415610
0.00323340
0.00466580
0.00351400
0.00321170
0.00455710
0.00329490
0.00313080
0.00407430
0.00312110
0.00302010
0.00330540
0.00300640
0.00305240
0.00308070
0.00297920
0.00331400
0.00341300
0.00298200
0.00301470
0.00290210
0.00305080
0.00301190
0.00333440
0.00315420
0.00307320
0.00300580
0.00309330
0.00292810
0.00293380
0.00333010
0.00313050
0.00293100
0.00300170
0.00307830
0.00309410
0.00381810
0.00319030
0.00317750
0.00316010
0.00306010
0.00339880
0.00378150
0.00441760
0.00358800
0.00338880
0.00349040
0.00345830
0.00340630
0.00321790
0.00351970
0.00324480
0.00351590
0.00347330
0.00327480
0.00318660
0.00379840
0.00338380
0.00332260
0.00357730
0.00328920
0.00332690
0.00339700
0.00325740
0.00343470
0.00322450
0.00335930
0.00329110
0.00325670
0.00317510
0.00345940
0.00328290
0.00324060
0.00324610
0.00331430
0.00337100
0.00327890
0.00332380
0.00326240
0.00341520
0.00325760
0.00350310
0.00346760
0.00330780
0.00340600
0.00322310
0.00323470
0.00348330
0.00455570
0.00395350
0.00335990
0.00332100
0.00375900
0.00352450
0.00358850
0.00357680
0.00324930
0.00330180
0.00354010
0.00355990
0.00331460
0.00401470
0.00379950
0.00378030
0.00332580
0.00333010
0.00351280
0.00355420
0.00329290
0.00346010
0.00398800
0.00343270
0.00418430
0.00312520
0.00327820
0.00311820
0.00324210
0.00315780
0.00313850
0.00305080
0.00302760
0.00345620
0.00324200
0.00304120
0.00317380
0.00290910
0.00287880
0.00283040
0.00275140
0.00301300
0.00300740
0.00315980
0.00303420
0.00249900
0.00213160
0.00198020
0.00194070
0.00192000
