0.00667810
0.00753560
0.00802280
0.00706260
0.00574300
0.00772530
0.00551100
0.00684200
0.00670780
0.00540180
0.00598360
0.00606800
0.00632580
0.00619590
0.00572990
0.00564190
0.00724080
0.00559880
0.00570130
0.00734900
0.00550180
0.00581230
0.00671790
0.00585010
0.00571450
0.00704440
0.00617490
0.00625410
0.00722320
0.00676090
0.00680650
0.00822630
0.00580730
0.00618080
0.00607800
0.02338690
0.00581020
0.00592890
0.00578270
0.00641280
0.00538870
0.00600970
0.00632250
0.00563030
0.00590620
0.00659430
0.00539800
0.00603000
0.00669660
0.00643620
0.00600060
0.00585520
0.00558670
0.00584300
0.00581680
0.00577540
0.00621820
0.00540580
0.00594640
0.00611480
0.00561310
0.00561710
0.00645530
0.00547820
0.00584950
0.00651380
0.00536820
0.00607410
0.00632060
0.00620670
0.00525630
0.00558910
0.00557830
0.00707850
0.00566150
0.00642620
0.00647030
0.00000000
0.00000000
0.00000000
0.00000000
0.00751100
0.01126260
0.01360670
0.01083960
0.00879100
0.00814200
0.00705560
0.00706940
0.00828140
0.00936580
0.00741600
0.00754660
0.00757600
0.00788660
0.00946920
0.01196990
0.02084090
0.02178490
0.00691860
0.00669420
0.00709230
0.00668290
0.00672100
0.00784050
0.00636990
0.00703380
0.00708110
0.00737780
0.00663870
0.00680200
0.00772710
0.00658380
0.00618570
0.00679490
0.00747970
0.00686070
0.00697110
0.00774910
0.00931290
0.00857980
0.00866530
0.00952150
0.00787720
0.00809270
0.00710860
0.00846130
0.01145030
0.00957780
0.00939780
0.00833400
0.00863150
0.00823060
0.00740400
0.00724490
0.00704580
0.00780390
0.00658940
0.00789730
0.00770530
0.00823620
0.00710050
0.01172740
0.00951770
0.01583040
0.00748330
0.00848570
0.00889750
0.00826610
0.00933840
0.00815740
0.00744790
0.00842450
0.00756790
0.00854830
0.01157900
0.00900850
0.01003920
0.00840460
0.01018080
0.01368310
0.01254430
0.00834770
0.00830720
