0.00667810 0
0.00753560 1
0.00802280 1
0.00706260 1
0.00574300 1
0.00772530 1
0.00551100 1
0.00684200 1
0.00670780 1
0.00540180 1
0.00598360 1
0.00606800 1
0.00632580 1
0.00619590 1
0.00572990 1
0.00564190 1
0.00724080 1
0.00559880 1
0.00570130 1
0.00734900 1
0.00550180 1
0.00581230 1
0.00671790 1
0.00585010 1
0.00571450 1
0.00704440 1
0.00617490 1
0.00625410 1
0.00722320 1
0.00676090 1
0.00680650 1
0.00822630 1
0.00580730 1
0.00618080 1
0.00607800 1
0.02338690 1
0.00581020 1
0.00592890 1
0.00578270 1
0.00641280 1
0.00538870 1
0.00600970 1
0.00632250 1
0.00563030 1
0.00590620 1
0.00659430 1
0.00539800 1
0.00603000 1
0.00669660 1
0.00643620 1
0.00600060 1
0.00585520 1
0.00558670 1
0.00584300 1
0.00581680 1
0.00577540 1
0.00621820 1
0.00540580 1
0.00594640 1
0.00611480 1
0.00561310 1
0.00561710 1
0.00645530 1
0.00547820 1
0.00584950 1
0.00651380 1
0.00536820 1
0.00607410 1
0.00632060 1
0.00620670 1
0.00525630 1
0.00558910 1
0.00557830 1
0.00707850 1
0.00566150 1
0.00642620 1
0.00647030 1
-
-
-
-
0.00751100 0
0.01126260 1
0.01360670 1
0.01083960 1
0.00879100 1
0.00814200 1
0.00705560 1
0.00706940 1
0.00828140 1
0.00936580 1
0.00741600 1
0.00754660 1
0.00757600 1
0.00788660 1
0.00946920 1
0.01196990 1
0.02084090 1
0.02178490 1
0.00691860 1
0.00669420 1
0.00709230 1
0.00668290 1
0.00672100 1
0.00784050 1
0.00636990 1
0.00703380 1
0.00708110 1
0.00737780 1
0.00663870 1
0.00680200 1
0.00772710 1
0.00658380 1
0.00618570 1
0.00679490 1
0.00747970 1
0.00686070 1
0.00697110 1
0.00774910 1
0.00931290 1
0.00857980 1
0.00866530 1
0.00952150 1
0.00787720 1
0.00809270 1
0.00710860 1
0.00846130 1
0.01145030 1
0.00957780 1
0.00939780 1
0.00833400 1
0.00863150 1
0.00823060 1
0.00740400 1
0.00724490 1
0.00704580 1
0.00780390 1
0.00658940 1
0.00789730 1
0.00770530 1
0.00823620 1
0.00710050 1
0.01172740 1
0.00951770 1
0.01583040 1
0.00748330 1
0.00848570 1
0.00889750 1
0.00826610 1
0.00933840 1
0.00815740 1
0.00744790 1
0.00842450 1
0.00756790 1
0.00854830 1
0.01157900 1
0.00900850 1
0.01003920 1
0.00840460 1
0.01018080 1
0.01368310 1
0.01254430 1
0.00834770 1
0.00830720 1
