0.00158660 0
0.00173790 1
0.00199210 1
0.00154440 1
0.00167840 1
0.00098210 1
0.00103750 1
0.00092450 1
0.00198240 1
0.00111740 1
0.00103050 1
0.00095980 1
0.00097540 1
0.00105310 1
0.00095970 1
0.00094900 1
0.00105460 1
0.00116430 1
0.00104820 1
0.00095420 1
0.00097620 1
0.00098290 1
0.00095820 1
0.00095230 1
0.00096910 1
0.00095090 1
0.00096880 1
0.00095180 1
0.00094410 1
0.00103950 1
0.00096120 1
0.00104450 1
0.00098280 1
0.00097500 1
0.00108290 1
0.00115690 1
0.00101650 1
-
-
-
-
0.00047340 0
0.00046750 1
0.00044720 1
0.00048550 1
0.00044630 1
0.00049300 1
0.00049300 1
0.00048970 1
0.00044040 1
0.00044450 1
-
-
-
-
0.00045000 0
0.00050280 1
0.00052650 1
0.00051910 1
0.00050400 1
0.00050810 1
0.00050090 1
0.00051980 1
0.00051050 1
0.00051970 1
0.00047660 1
0.00051560 1
0.00047570 1
0.00049400 1
0.00052050 1
0.00054170 1
0.00049270 1
0.00049880 1
0.00052180 1
0.00082610 1
0.00049650 1
0.00049320 1
0.00056780 1
0.00051650 1
0.00048660 1
0.00052470 1
0.00048860 1
0.00049820 1
0.00074080 1
0.00052190 1
0.00047970 1
0.00048610 1
-
-
-
-
0.00046840 0
0.00051760 1
0.00058610 1
0.00053210 1
0.00054100 1
0.00050460 1
0.00053780 1
0.00050890 1
0.00052770 1
0.00051410 1
0.00054370 1
0.00051150 1
0.00050400 1
0.00051660 1
0.00049090 1
0.00064520 1
0.00049330 1
0.00052670 1
0.00049230 1
0.00063210 1
0.00049300 1
0.00057160 1
0.00051170 1
0.00065540 1
0.00050030 1
0.00050670 1
-
-
-
-
0.00076500 0
0.00121660 1
0.00087870 1
0.00089070 1
0.00095900 1
0.00084870 1
0.00081820 1
0.00085430 1
0.00095590 1
0.00084960 1
0.00082250 1
0.00078380 1
0.00096360 1
0.00085220 1
0.00087310 1
0.00114420 1
0.00083090 1
0.00082040 1
0.00089760 1
0.00082940 1
0.00085340 1
0.00101030 1
0.00095840 1
0.00088290 1
0.00094010 1
0.00085330 1
-
-
-
-
0.00085780 0
0.00111450 1
0.00109090 1
0.00109140 1
0.00108690 1
0.00107280 1
0.00138290 1
0.00113760 1
0.00113600 1
0.00111490 1
0.00108140 1
0.00107600 1
0.00109180 1
0.00115830 1
0.00107320 1
0.00107790 1
0.00107290 1
0.00130320 1
0.00119150 1
0.00112950 1
0.00110470 1
0.00110690 1
0.00126510 1
0.00108160 1
0.00108590 1
0.00117980 1
0.00107370 1
0.00156580 1
0.00137230 1
0.00111830 1
0.00110520 1
0.00111030 1
0.00152410 1
0.00117030 1
0.00135540 1
0.00117770 1
-
-
-
-
0.00114220 0
0.00180710 1
0.00134280 1
0.00132520 1
0.00136960 1
0.00134760 1
0.00137340 1
0.00132320 1
0.00130330 1
0.00143810 1
0.00132480 1
0.00133260 1
0.00130970 1
0.00131700 1
0.00135890 1
0.00140400 1
0.00132880 1
0.00136630 1
0.00136130 1
-
-
-
-
0.00106140 0
0.00143990 1
0.00135680 1
0.00133580 1
0.00144320 1
0.00137400 1
0.00157280 1
0.00139050 1
0.00140070 1
0.00139710 1
0.00139840 1
0.00152740 1
0.00139840 1
0.00144610 1
0.00138410 1
0.00177850 1
0.00144670 1
0.00140090 1
0.00139400 1
0.00147150 1
0.00163000 1
0.00136760 1
0.00144580 1
0.00136490 1
0.00133490 1
0.00139790 1
-
-
-
-
0.00054810 0
0.00051710 1
0.00056850 1
0.00051070 1
0.00049820 1
0.00068290 1
0.00067200 1
0.00050810 1
0.00050010 1
0.00074800 1
0.00055070 1
0.00070870 1
0.00056010 1
0.00051040 1
0.00050350 1
0.00050440 1
0.00050930 1
0.00051920 1
0.00055970 1
0.00052510 1
0.00075630 1
0.00073080 1
0.00051310 1
0.00053270 1
0.00065400 1
0.00062350 1
0.00050500 1
0.00050760 1
0.00069090 1
0.00051630 1
0.00059140 1
0.00052640 1
0.00055210 1
0.00056190 1
0.00057160 1
0.00105040 1
0.00057350 1
0.00058350 1
0.00051050 1
0.00054160 1
0.00063080 1
0.00059180 1
0.00074410 1
0.00058090 1
0.00053780 1
0.00053870 1
0.00060390 1
0.00057180 1
0.00051570 1
0.00050400 1
0.00057710 1
0.00052980 1
-
-
-
-
0.00095660 0
0.00136260 1
0.00102040 1
0.00135150 1
0.00114030 1
0.00109910 1
0.00102320 1
0.00102280 1
0.00097860 1
0.00103480 1
0.00098960 1
0.00103910 1
0.00097980 1
0.00103810 1
0.00100510 1
0.00100900 1
0.00107160 1
0.00111780 1
0.00117330 1
0.00111360 1
0.00116080 1
0.00144990 1
0.00117040 1
0.00216720 1
0.00121340 1
0.00133010 1
0.00125640 1
0.00117770 1
0.00121390 1
0.00214990 1
0.00134760 1
0.00129730 1
0.00111280 1
0.00115130 1
0.00121420 1
0.00119480 1
0.00130170 1
0.00152400 1
0.00127090 1
0.00124160 1
0.00241650 1
0.00124610 1
0.00112720 1
0.00137130 1
0.00123480 1
0.00120380 1
0.00130350 1
0.00098630 1
0.00105750 1
0.00098100 1
0.00097980 1
0.00110130 1
0.00101460 1
0.00113620 1
0.00117430 1
0.00100170 1
0.00096600 1
0.00109950 1
-
-
-
-
0.00106220 0
0.00132080 1
0.00134780 1
0.00131860 1
0.00136450 1
0.00132880 1
0.00133360 1
0.00135810 1
0.00138660 1
0.00134370 1
0.00133260 1
0.00131050 1
0.00126430 1
0.00136970 1
0.00133190 1
0.00132850 1
0.00135640 1
0.00139030 1
0.00148470 1
0.00130230 1
0.00130240 1
0.00133700 1
0.00133190 1
0.00132690 1
0.00137640 1
0.00133440 1
0.00132950 1
0.00135610 1
0.00132640 1
0.00134150 1
0.00133320 1
0.00138840 1
0.00132630 1
0.00133090 1
0.00127520 1
0.00126270 1
0.00144010 1
0.00132530 1
0.00136470 1
0.00133410 1
0.00135530 1
0.00134230 1
0.00127420 1
0.00132320 1
0.00146830 1
0.00144410 1
0.00134180 1
0.00134190 1
0.00129690 1
0.00132920 1
0.00129060 1
0.00127240 1
0.00133080 1
-
-
-
-
0.00053090 0
0.00076940 1
0.00060080 1
0.00056430 1
0.00059760 1
0.00056090 1
0.00056610 1
0.00059510 1
0.00060410 1
0.00057680 1
0.00061630 1
0.00076120 1
0.00063220 1
0.00061120 1
0.00070110 1
0.00064100 1
0.00059070 1
