0.00158660
0.00173790
0.00199210
0.00154440
0.00167840
0.00098210
0.00103750
0.00092450
0.00198240
0.00111740
0.00103050
0.00095980
0.00097540
0.00105310
0.00095970
0.00094900
0.00105460
0.00116430
0.00104820
0.00095420
0.00097620
0.00098290
0.00095820
0.00095230
0.00096910
0.00095090
0.00096880
0.00095180
0.00094410
0.00103950
0.00096120
0.00104450
0.00098280
0.00097500
0.00108290
0.00115690
0.00101650
0.00000000
0.00000000
0.00000000
0.00000000
0.00047340
0.00046750
0.00044720
0.00048550
0.00044630
0.00049300
0.00049300
0.00048970
0.00044040
0.00044450
0.00000000
0.00000000
0.00000000
0.00000000
0.00045000
0.00050280
0.00052650
0.00051910
0.00050400
0.00050810
0.00050090
0.00051980
0.00051050
0.00051970
0.00047660
0.00051560
0.00047570
0.00049400
0.00052050
0.00054170
0.00049270
0.00049880
0.00052180
0.00082610
0.00049650
0.00049320
0.00056780
0.00051650
0.00048660
0.00052470
0.00048860
0.00049820
0.00074080
0.00052190
0.00047970
0.00048610
0.00000000
0.00000000
0.00000000
0.00000000
0.00046840
0.00051760
0.00058610
0.00053210
0.00054100
0.00050460
0.00053780
0.00050890
0.00052770
0.00051410
0.00054370
0.00051150
0.00050400
0.00051660
0.00049090
0.00064520
0.00049330
0.00052670
0.00049230
0.00063210
0.00049300
0.00057160
0.00051170
0.00065540
0.00050030
0.00050670
0.00000000
0.00000000
0.00000000
0.00000000
0.00076500
0.00121660
0.00087870
0.00089070
0.00095900
0.00084870
0.00081820
0.00085430
0.00095590
0.00084960
0.00082250
0.00078380
0.00096360
0.00085220
0.00087310
0.00114420
0.00083090
0.00082040
0.00089760
0.00082940
0.00085340
0.00101030
0.00095840
0.00088290
0.00094010
0.00085330
0.00000000
0.00000000
0.00000000
0.00000000
0.00085780
0.00111450
0.00109090
0.00109140
0.00108690
0.00107280
0.00138290
0.00113760
0.00113600
0.00111490
0.00108140
0.00107600
0.00109180
0.00115830
0.00107320
0.00107790
0.00107290
0.00130320
0.00119150
0.00112950
0.00110470
0.00110690
0.00126510
0.00108160
0.00108590
0.00117980
0.00107370
0.00156580
0.00137230
0.00111830
0.00110520
0.00111030
0.00152410
0.00117030
0.00135540
0.00117770
0.00000000
0.00000000
0.00000000
0.00000000
0.00114220
0.00180710
0.00134280
0.00132520
0.00136960
0.00134760
0.00137340
0.00132320
0.00130330
0.00143810
0.00132480
0.00133260
0.00130970
0.00131700
0.00135890
0.00140400
0.00132880
0.00136630
0.00136130
0.00000000
0.00000000
0.00000000
0.00000000
0.00106140
0.00143990
0.00135680
0.00133580
0.00144320
0.00137400
0.00157280
0.00139050
0.00140070
0.00139710
0.00139840
0.00152740
0.00139840
0.00144610
0.00138410
0.00177850
0.00144670
0.00140090
0.00139400
0.00147150
0.00163000
0.00136760
0.00144580
0.00136490
0.00133490
0.00139790
0.00000000
0.00000000
0.00000000
0.00000000
0.00054810
0.00051710
0.00056850
0.00051070
0.00049820
0.00068290
0.00067200
0.00050810
0.00050010
0.00074800
0.00055070
0.00070870
0.00056010
0.00051040
0.00050350
0.00050440
0.00050930
0.00051920
0.00055970
0.00052510
0.00075630
0.00073080
0.00051310
0.00053270
0.00065400
0.00062350
0.00050500
0.00050760
0.00069090
0.00051630
0.00059140
0.00052640
0.00055210
0.00056190
0.00057160
0.00105040
0.00057350
0.00058350
0.00051050
0.00054160
0.00063080
0.00059180
0.00074410
0.00058090
0.00053780
0.00053870
0.00060390
0.00057180
0.00051570
0.00050400
0.00057710
0.00052980
0.00000000
0.00000000
0.00000000
0.00000000
0.00095660
0.00136260
0.00102040
0.00135150
0.00114030
0.00109910
0.00102320
0.00102280
0.00097860
0.00103480
0.00098960
0.00103910
0.00097980
0.00103810
0.00100510
0.00100900
0.00107160
0.00111780
0.00117330
0.00111360
0.00116080
0.00144990
0.00117040
0.00216720
0.00121340
0.00133010
0.00125640
0.00117770
0.00121390
0.00214990
0.00134760
0.00129730
0.00111280
0.00115130
0.00121420
0.00119480
0.00130170
0.00152400
0.00127090
0.00124160
0.00241650
0.00124610
0.00112720
0.00137130
0.00123480
0.00120380
0.00130350
0.00098630
0.00105750
0.00098100
0.00097980
0.00110130
0.00101460
0.00113620
0.00117430
0.00100170
0.00096600
0.00109950
0.00000000
0.00000000
0.00000000
0.00000000
0.00106220
0.00132080
0.00134780
0.00131860
0.00136450
0.00132880
0.00133360
0.00135810
0.00138660
0.00134370
0.00133260
0.00131050
0.00126430
0.00136970
0.00133190
0.00132850
0.00135640
0.00139030
0.00148470
0.00130230
0.00130240
0.00133700
0.00133190
0.00132690
0.00137640
0.00133440
0.00132950
0.00135610
0.00132640
0.00134150
0.00133320
0.00138840
0.00132630
0.00133090
0.00127520
0.00126270
0.00144010
0.00132530
0.00136470
0.00133410
0.00135530
0.00134230
0.00127420
0.00132320
0.00146830
0.00144410
0.00134180
0.00134190
0.00129690
0.00132920
0.00129060
0.00127240
0.00133080
0.00000000
0.00000000
0.00000000
0.00000000
0.00053090
0.00076940
0.00060080
0.00056430
0.00059760
0.00056090
0.00056610
0.00059510
0.00060410
0.00057680
0.00061630
0.00076120
0.00063220
0.00061120
0.00070110
0.00064100
0.00059070
