1
126.80,20.18,47.40,36.64
128.80,19.18,47.40,36.64
130.80,18.18,47.40,36.64
131.80,17.18,47.40,36.64
132.80,17.18,47.40,36.64
132.80,18.18,47.40,36.64
132.80,19.18,47.40,36.64
131.80,20.18,47.40,36.64
130.80,20.18,47.40,36.64
130.80,21.18,47.40,36.64
129.80,21.18,47.40,36.64
129.80,21.18,47.40,36.64
128.80,21.18,47.40,36.64
128.80,21.18,47.40,36.64
129.80,21.18,47.40,36.64
130.80,21.18,47.40,36.64
131.80,21.18,47.40,36.64
131.80,21.18,47.40,36.64
131.80,21.18,47.40,36.64
131.80,20.18,47.40,36.64
130.80,19.18,47.40,36.64
130.80,19.18,47.40,36.64
130.80,18.18,47.40,36.64
131.80,18.18,47.40,36.64
132.80,17.18,47.40,36.64
133.80,17.18,47.40,36.64
134.80,16.18,47.40,36.64
134.80,15.18,47.40,36.64
134.80,15.18,47.40,36.64
135.80,15.18,47.40,36.64
135.80,15.18,47.40,36.64
135.80,15.18,47.40,36.64
135.80,15.18,47.40,36.64
135.80,15.18,47.40,36.64
135.80,15.18,47.40,36.64
2
0
0
0
0
1
123.00,61.00,14.00,29.00
123.00,61.00,14.00,29.00
123.00,61.00,14.00,29.00
123.00,61.00,14.00,29.00
123.00,61.00,14.00,29.00
123.00,61.00,14.00,29.00
123.00,61.00,14.00,29.00
123.00,61.00,14.00,29.00
2
0
0
0
0
1
100.00,70.00,16.00,29.00
100.00,70.00,16.00,29.00
100.00,70.00,16.00,29.00
100.00,70.00,16.00,29.00
100.00,70.00,16.00,29.00
100.00,70.00,16.00,29.00
100.00,70.00,16.00,29.00
100.00,70.00,16.00,29.00
100.00,70.00,16.00,29.00
100.00,70.00,16.00,29.00
100.00,70.00,16.00,29.00
100.00,70.00,16.00,29.00
100.00,70.00,16.00,29.00
100.00,70.00,16.00,29.00
100.00,70.00,16.00,29.00
100.00,70.00,16.00,29.00
100.00,70.00,16.00,29.00
100.00,70.00,16.00,29.00
100.00,70.00,16.00,29.00
100.00,70.00,16.00,29.00
100.00,70.00,16.00,29.00
100.00,70.00,16.00,29.00
100.00,70.00,16.00,29.00
100.00,70.00,16.00,29.00
100.00,70.00,16.00,29.00
100.00,69.00,16.00,29.00
100.00,69.00,16.00,29.00
100.00,69.00,16.00,29.00
100.00,69.00,16.00,29.00
100.00,69.00,16.00,29.00
2
0
0
0
0
1
116.00,69.00,23.00,33.00
116.00,69.00,23.00,33.00
116.00,69.00,23.00,33.00
116.00,69.00,23.00,33.00
116.00,69.00,23.00,33.00
116.00,69.00,23.00,33.00
116.00,69.00,23.00,33.00
116.00,69.00,23.00,33.00
116.00,69.00,23.00,33.00
116.00,69.00,23.00,33.00
116.00,69.00,23.00,33.00
116.00,69.00,23.00,33.00
116.00,69.00,23.00,33.00
116.00,69.00,23.00,33.00
116.00,69.00,23.00,33.00
116.00,69.00,23.00,33.00
116.00,70.00,23.00,33.00
117.00,71.00,23.00,33.00
118.00,71.00,23.00,33.00
119.00,71.00,23.00,33.00
120.00,71.00,23.00,33.00
121.00,70.00,23.00,33.00
121.00,70.00,23.00,33.00
121.00,70.00,23.00,33.00
2
0
0
0
0
1
156.00,81.00,69.00,38.00
156.00,81.00,69.00,38.00
156.00,81.00,69.00,38.00
156.00,81.00,69.00,38.00
157.00,81.00,69.00,38.00
158.00,81.00,69.00,38.00
158.00,81.00,69.00,38.00
158.00,81.00,69.00,38.00
159.00,81.00,69.00,38.00
160.00,81.00,69.00,38.00
160.00,81.00,69.00,38.00
160.00,80.00,69.00,38.00
161.00,80.00,69.00,38.00
161.00,80.00,69.00,38.00
161.00,80.00,69.00,38.00
161.00,81.00,69.00,38.00
161.00,81.00,69.00,38.00
161.00,81.00,69.00,38.00
161.00,81.00,69.00,38.00
161.00,81.00,69.00,38.00
161.00,81.00,69.00,38.00
161.00,81.00,69.00,38.00
162.00,81.00,69.00,38.00
162.00,81.00,69.00,38.00
2
0
0
0
0
1
255.00,73.00,53.00,37.00
257.00,73.00,53.00,37.00
259.00,72.00,53.00,37.00
262.00,72.00,53.00,37.00
263.00,72.00,53.00,37.00
263.00,73.00,53.00,37.00
263.00,73.00,53.00,37.00
263.00,73.00,53.00,37.00
264.00,72.00,53.00,37.00
265.00,72.00,53.00,37.00
265.00,72.00,53.00,37.00
265.00,72.00,53.00,37.00
264.00,72.00,53.00,37.00
263.00,72.00,53.00,37.00
263.00,72.00,53.00,37.00
263.00,71.00,53.00,37.00
263.00,71.00,53.00,37.00
263.00,71.00,53.00,37.00
263.00,71.00,53.00,37.00
263.00,71.00,53.00,37.00
263.00,71.00,53.00,37.00
262.00,71.00,53.00,37.00
262.00,71.00,53.00,37.00
262.00,71.00,53.00,37.00
262.00,71.00,53.00,37.00
262.00,71.00,53.00,37.00
262.00,71.00,53.00,37.00
262.00,71.00,53.00,37.00
262.00,71.00,53.00,37.00
262.00,71.00,53.00,37.00
262.00,71.00,53.00,37.00
262.00,71.00,53.00,37.00
263.00,71.00,53.00,37.00
263.00,71.00,53.00,37.00
2
0
0
0
0
1
165.91,57.32,72.48,38.93
165.91,57.32,72.48,38.93
165.91,57.32,72.48,38.93
165.91,57.32,72.48,38.93
165.91,57.32,72.48,38.93
165.91,57.32,72.48,38.93
165.91,57.32,72.48,38.93
165.91,57.32,72.48,38.93
165.91,57.32,72.48,38.93
166.91,57.32,72.48,38.93
166.91,57.32,72.48,38.93
166.91,57.32,72.48,38.93
166.91,57.32,72.48,38.93
166.91,57.32,72.48,38.93
166.91,57.32,72.48,38.93
166.91,57.32,72.48,38.93
166.91,57.32,72.48,38.93
2
0
0
0
0
1
81.98,79.17,61.40,41.55
80.98,80.17,61.40,41.55
83.98,78.17,61.40,41.55
83.98,77.17,61.40,41.55
83.98,77.17,61.40,41.55
82.98,79.17,61.40,41.55
82.98,79.17,61.40,41.55
83.98,78.17,61.40,41.55
84.98,78.17,61.40,41.55
84.98,78.17,61.40,41.55
84.98,78.17,61.40,41.55
84.98,78.17,61.40,41.55
84.98,78.17,61.40,41.55
84.98,78.17,61.40,41.55
84.98,78.17,61.40,41.55
84.98,78.17,61.40,41.55
84.98,78.17,61.40,41.55
84.98,78.17,61.40,41.55
84.98,78.17,61.40,41.55
84.98,78.17,61.40,41.55
84.98,78.17,61.40,41.55
84.98,78.17,61.40,41.55
84.98,78.17,61.40,41.55
84.98,78.17,61.40,41.55
2
0
0
0
0
1
52.00,112.00,27.00,45.00
52.00,112.00,27.00,45.00
52.00,112.00,27.00,45.00
52.00,112.00,27.00,45.00
52.00,112.00,27.00,45.00
51.00,112.00,27.00,45.00
50.00,112.00,27.00,45.00
49.00,112.00,27.00,45.00
49.00,112.00,27.00,45.00
49.00,112.00,27.00,45.00
49.00,112.00,27.00,45.00
50.00,112.00,27.00,45.00
51.00,112.00,27.00,45.00
51.00,112.00,27.00,45.00
51.00,112.00,27.00,45.00
52.00,112.00,27.00,45.00
52.00,112.00,27.00,45.00
52.00,112.00,27.00,45.00
52.00,112.00,27.00,45.00
51.00,112.00,27.00,45.00
51.00,112.00,27.00,45.00
51.00,112.00,27.00,45.00
51.00,111.00,27.00,45.00
51.00,110.00,27.00,45.00
51.00,110.00,27.00,45.00
51.00,110.00,27.00,45.00
52.00,109.00,27.00,45.00
53.00,108.00,27.00,45.00
54.00,107.00,27.00,45.00
55.00,106.00,27.00,45.00
56.00,105.00,27.00,45.00
57.00,104.00,27.00,45.00
56.00,104.00,27.00,45.00
56.00,104.00,27.00,45.00
56.00,104.00,27.00,45.00
56.00,104.00,27.00,45.00
56.00,103.00,27.00,45.00
56.00,103.00,27.00,45.00
56.00,103.00,27.00,45.00
56.00,103.00,27.00,45.00
56.00,103.00,27.00,45.00
56.00,103.00,27.00,45.00
56.00,103.00,27.00,45.00
56.00,103.00,27.00,45.00
56.00,103.00,27.00,45.00
56.00,103.00,27.00,45.00
56.00,103.00,27.00,45.00
56.00,103.00,27.00,45.00
56.00,103.00,27.00,45.00
56.00,102.00,27.00,45.00
2
0
0
0
0
1
103.00,88.00,87.00,39.00
111.00,88.00,87.00,39.00
118.00,88.00,87.00,39.00
121.00,88.00,87.00,39.00
122.00,89.00,87.00,39.00
123.00,90.00,87.00,39.00
137.00,87.00,87.00,39.00
138.00,87.00,87.00,39.00
138.00,87.00,87.00,39.00
152.00,88.00,87.00,39.00
153.00,89.00,87.00,39.00
154.00,89.00,87.00,39.00
163.00,89.00,87.00,39.00
164.00,90.00,87.00,39.00
165.00,92.00,87.00,39.00
167.00,93.00,87.00,39.00
167.00,93.00,87.00,39.00
167.00,93.00,87.00,39.00
167.00,93.00,87.00,39.00
168.00,93.00,87.00,39.00
168.00,93.00,87.00,39.00
168.00,93.00,87.00,39.00
168.00,93.00,87.00,39.00
168.00,93.00,87.00,39.00
167.00,93.00,87.00,39.00
167.00,93.00,87.00,39.00
167.00,93.00,87.00,39.00
167.00,93.00,87.00,39.00
167.00,93.00,87.00,39.00
167.00,93.00,87.00,39.00
167.00,93.00,87.00,39.00
167.00,93.00,87.00,39.00
167.00,93.00,87.00,39.00
167.00,93.00,87.00,39.00
167.00,93.00,87.00,39.00
167.00,93.00,87.00,39.00
167.00,93.00,87.00,39.00
167.00,93.00,87.00,39.00
167.00,93.00,87.00,39.00
167.00,93.00,87.00,39.00
167.00,94.00,87.00,39.00
167.00,94.00,87.00,39.00
167.00,95.00,87.00,39.00
167.00,95.00,87.00,39.00
167.00,95.00,87.00,39.00
167.00,95.00,87.00,39.00
167.00,95.00,87.00,39.00
167.00,95.00,87.00,39.00
167.00,95.00,87.00,39.00
167.00,95.00,87.00,39.00
167.00,95.00,87.00,39.00
167.00,95.00,87.00,39.00
167.00,95.00,87.00,39.00
167.00,95.00,87.00,39.00
167.00,95.00,87.00,39.00
167.00,95.00,87.00,39.00
2
0
0
0
0
1
86.00,88.00,66.00,37.00
83.00,88.00,66.00,37.00
82.00,88.00,66.00,37.00
80.00,88.00,66.00,37.00
79.00,88.00,66.00,37.00
77.00,88.00,66.00,37.00
76.00,88.00,66.00,37.00
75.00,88.00,66.00,37.00
74.00,89.00,66.00,37.00
74.00,89.00,66.00,37.00
73.00,89.00,66.00,37.00
73.00,89.00,66.00,37.00
73.00,88.00,66.00,37.00
73.00,87.00,66.00,37.00
72.00,86.00,66.00,37.00
72.00,86.00,66.00,37.00
72.00,85.00,66.00,37.00
71.00,85.00,66.00,37.00
70.00,85.00,66.00,37.00
69.00,85.00,66.00,37.00
68.00,84.00,66.00,37.00
67.00,83.00,66.00,37.00
67.00,83.00,66.00,37.00
68.00,82.00,66.00,37.00
69.00,81.00,66.00,37.00
70.00,80.00,66.00,37.00
70.00,79.00,66.00,37.00
70.00,78.00,66.00,37.00
69.00,78.00,66.00,37.00
68.00,77.00,66.00,37.00
68.00,76.00,66.00,37.00
66.00,76.00,66.00,37.00
66.00,76.00,66.00,37.00
66.00,75.00,66.00,37.00
65.00,75.00,66.00,37.00
65.00,75.00,66.00,37.00
65.00,75.00,66.00,37.00
65.00,76.00,66.00,37.00
64.00,77.00,66.00,37.00
63.00,76.00,66.00,37.00
62.00,75.00,66.00,37.00
61.00,74.00,66.00,37.00
60.00,73.00,66.00,37.00
60.00,73.00,66.00,37.00
60.00,73.00,66.00,37.00
60.00,73.00,66.00,37.00
60.00,73.00,66.00,37.00
60.00,73.00,66.00,37.00
60.00,73.00,66.00,37.00
60.00,73.00,66.00,37.00
59.00,73.00,66.00,37.00
2
0
0
0
0
1
159.00,43.00,62.00,35.00
163.00,42.00,62.00,35.00
167.00,42.00,62.00,35.00
168.00,43.00,62.00,35.00
168.00,45.00,62.00,35.00
169.00,42.00,62.00,35.00
188.00,50.00,62.00,35.00
188.00,49.00,62.00,35.00
189.00,49.00,62.00,35.00
189.00,48.00,62.00,35.00
188.00,50.00,62.00,35.00
188.00,51.00,62.00,35.00
188.00,52.00,62.00,35.00
189.00,52.00,62.00,35.00
190.00,52.00,62.00,35.00
191.00,52.00,62.00,35.00
