0.01523180 0
0.00474620 1
0.00432110 1
0.00347850 1
0.00584000 1
0.00373170 1
0.00357220 1
0.00445820 1
0.00493910 1
0.00448180 1
0.00391780 1
0.00361580 1
0.00348980 1
0.00357790 1
0.00338790 1
0.00378990 1
0.00382210 1
0.00352230 1
0.00357610 1
0.00354290 1
0.00347020 1
0.00356130 1
0.00358270 1
0.00387090 1
0.00342660 1
0.00351750 1
0.00339590 1
0.00356210 1
0.00394920 1
0.00353500 1
0.00344050 1
0.00351300 1
0.00349740 1
0.00337560 1
0.00348960 1
0.00348630 1
0.00348980 1
0.00353660 1
0.00355880 1
0.00342210 1
0.00378780 1
0.00341610 1
0.00365430 1
0.00329790 1
0.00361520 1
0.00364390 1
0.00349200 1
0.00345780 1
0.00348310 1
0.00350250 1
0.00359200 1
0.00367070 1
0.00396710 1
0.00362290 1
0.00388720 1
0.00345030 1
0.00349110 1
0.00344090 1
0.00338750 1
0.00340340 1
0.00381360 1
0.00361480 1
0.00380280 1
0.00376100 1
0.00384120 1
0.00384610 1
0.00422540 1
0.00387790 1
0.00375130 1
0.00373950 1
0.00373950 1
0.00352170 1
0.00397330 1
0.00408130 1
0.00365090 1
0.00365070 1
0.00383560 1
0.00372930 1
0.00371500 1
0.00381860 1
0.00387840 1
0.00377660 1
0.00352020 1
0.00368350 1
0.00376680 1
0.00381080 1
0.00398090 1
0.00380660 1
0.00350070 1
0.00359890 1
0.00373260 1
0.00374920 1
0.00361770 1
0.00379790 1
0.00365270 1
0.00373120 1
0.00362940 1
0.00372290 1
0.00363720 1
0.00363080 1
0.00349290 1
0.00363280 1
0.00364050 1
0.00367310 1
0.00351800 1
0.00367100 1
0.00365340 1
0.00363160 1
0.00393650 1
0.00419200 1
0.00370460 1
0.00391090 1
0.00349860 1
0.00379470 1
0.00371110 1
0.00374840 1
0.00352280 1
0.00361960 1
0.00350780 1
0.00363920 1
0.00351140 1
0.00355290 1
0.00371840 1
0.00387980 1
0.00461860 1
0.00384160 1
0.00386140 1
0.00365540 1
0.00370690 1
0.00403970 1
0.00421550 1
0.00389010 1
0.00498990 1
0.00387960 1
0.00393230 1
0.00375520 1
0.00426610 1
0.00418350 1
0.00392540 1
0.00389860 1
0.00443260 1
0.00374480 1
0.00387910 1
0.00378590 1
0.00382940 1
0.00371150 1
0.00378930 1
0.00364380 1
0.00369850 1
0.00369190 1
0.00374530 1
0.00371190 1
0.00357520 1
0.00353030 1
0.00362800 1
0.00365740 1
0.00370460 1
0.00382530 1
0.00391500 1
0.00395840 1
0.00378530 1
0.00393990 1
0.00409940 1
0.00888040 1
0.00423430 1
0.00452360 1
0.00436670 1
0.00402130 1
0.00407610 1
0.00593130 1
0.01104930 1
0.00426720 1
0.00392070 1
0.00372930 1
0.00352240 1
0.00359680 1
0.00348240 1
0.00355770 1
0.00354740 1
0.00377430 1
0.00392090 1
0.00361260 1
0.00342220 1
0.00349280 1
0.00350870 1
0.00354240 1
0.00359830 1
0.00397310 1
0.00347830 1
0.00353250 1
0.00342980 1
0.00348930 1
0.00344520 1
0.00367660 1
0.00396510 1
0.00357700 1
0.00341320 1
0.00364580 1
0.00362850 1
0.00360380 1
0.00355860 1
0.00340230 1
0.00340150 1
0.00359320 1
0.00348310 1
0.00353400 1
0.00342360 1
0.00350920 1
0.00342770 1
0.00353690 1
0.00351630 1
0.00352720 1
0.00346220 1
0.00359880 1
0.00346440 1
0.00349540 1
0.00361040 1
0.00353330 1
0.00349920 1
0.00344890 1
0.00343550 1
0.00340220 1
0.00360810 1
0.00398860 1
0.00349820 1
0.00353680 1
0.00350710 1
0.00340960 1
0.00342400 1
0.00349230 1
0.00343720 1
0.00340050 1
0.00396300 1
0.00353010 1
0.00363280 1
0.00365310 1
0.00368550 1
0.00418300 1
0.00361130 1
0.00368520 1
0.00361440 1
0.00370720 1
0.00352070 1
0.00386650 1
0.00383610 1
0.00349930 1
0.00334680 1
0.00356930 1
0.00340420 1
0.00352430 1
0.00373820 1
0.00380950 1
0.00338960 1
0.00352550 1
0.00345550 1
0.00353400 1
0.00345650 1
0.00339910 1
0.00339430 1
0.00338840 1
0.00351880 1
0.00342550 1
0.00340640 1
0.00360640 1
0.00345560 1
0.00338510 1
0.00344570 1
0.00343580 1
0.00353340 1
0.00343100 1
0.00348600 1
0.00338130 1
0.00350530 1
0.00346050 1
0.00352180 1
0.00337740 1
0.00346820 1
0.00349010 1
0.00351880 1
0.00373170 1
0.00394900 1
0.00349060 1
0.00351910 1
0.00349520 1
0.00352260 1
0.00347940 1
0.00349870 1
0.00341870 1
0.00349210 1
0.00352680 1
0.00353140 1
0.00345330 1
0.00345710 1
0.00360970 1
0.00402790 1
0.00352360 1
0.00356240 1
0.00345370 1
0.00349440 1
0.00344090 1
0.00357330 1
0.00393570 1
0.00356950 1
0.00350910 1
0.00338830 1
0.00344850 1
0.00340030 1
0.00358850 1
0.00395260 1
0.00348310 1
0.00342400 1
0.00345020 1
0.00339970 1
0.00345420 1
0.00349130 1
0.00346800 1
0.00408830 1
0.00363350 1
0.00339880 1
0.00341300 1
0.00344920 1
0.00332620 1
0.00332720 1
0.00340270 1
0.00351080 1
0.00349770 1
0.00341710 1
0.00358040 1
0.00343910 1
0.00348470 1
0.00352340 1
0.00352480 1
0.00352630 1
0.00404160 1
0.00337140 1
0.00375380 1
0.00386010 1
0.00418250 1
0.00378190 1
0.00361720 1
0.00344210 1
0.00351150 1
0.00360490 1
0.00353810 1
0.00341040 1
0.00361890 1
0.00340170 1
0.00352800 1
0.00342240 1
0.00358140 1
0.00362860 1
0.00412590 1
0.00348820 1
0.00351230 1
0.00341630 1
0.00359900 1
0.00334640 1
0.00357910 1
0.00389680 1
0.00346040 1
0.00329000 1
0.00343840 1
0.00345560 1
0.00353780 1
0.00356790 1
0.00418490 1
0.00361340 1
0.00366120 1
0.00342350 1
0.00353190 1
0.00343820 1
0.00339660 1
0.00339550 1
0.00343640 1
0.00354540 1
0.00340390 1
0.00339170 1
0.00351930 1
0.00353340 1
0.00343280 1
0.00350090 1
0.00343400 1
0.00354440 1
0.00344790 1
0.00366190 1
0.00339210 1
0.00351010 1
0.00438270 1
0.00372050 1
0.00354300 1
0.00360210 1
0.00339580 1
0.00350030 1
0.00378590 1
0.00409630 1
0.00373790 1
0.00360030 1
0.00349420 1
0.00354580 1
0.00341470 1
0.00350010 1
0.00365470 1
0.00358440 1
0.00341280 1
0.00353020 1
0.00342340 1
0.00347170 1
0.00359090 1
0.00388560 1
0.00356020 1
0.00338990 1
0.00339150 1
0.00359100 1
0.00345650 1
0.00361430 1
0.00382360 1
0.00347680 1
0.00342220 1
0.00343640 1
0.00414760 1
0.00365850 1
0.00388940 1
0.00450180 1
0.00357420 1
0.00350170 1
0.00345850 1
0.00354890 1
0.00339140 1
0.00361600 1
0.00342590 1
0.00339660 1
0.00346530 1
0.00339300 1
0.00342530 1
0.00360380 1
0.00345630 1
0.00338970 1
0.00390680 1
0.00351650 1
0.00340420 1
0.00374990 1
0.00340440 1
0.00337920 1
0.00367740 1
0.00373020 1
0.00353890 1
0.00344250 1
0.00390990 1
0.00344100 1
0.00339460 1
0.00394170 1
0.00388520 1
0.00349810 1
0.00350470 1
0.00364160 1
0.00362030 1
0.00360640 1
0.00362350 1
0.00359950 1
0.00400430 1
0.00348600 1
0.00344040 1
0.00346370 1
0.00357070 1
0.00361360 1
0.00385540 1
0.00349340 1
0.00350750 1
0.00343270 1
0.00382400 1
0.00361110 1
0.00380920 1
0.00391790 1
0.00363510 1
0.00354420 1
0.00365760 1
0.00355260 1
0.00358400 1
0.00379430 1
0.00384600 1
0.00343410 1
0.00387030 1
0.00484710 1
0.00438560 1
0.00435970 1
0.00420410 1
0.00383510 1
0.00410990 1
0.00459390 1
0.00616520 1
0.00431680 1
0.00428660 1
0.00379990 1
0.00357960 1
0.00371680 1
0.00379990 1
0.00365030 1
0.00361820 1
0.00361430 1
0.00360980 1
0.00371690 1
0.00365060 1
0.00374090 1
0.00373200 1
0.00404320 1
0.00376890 1
0.00568750 1
0.00606400 1
0.00565550 1
0.00436190 1
0.00435890 1
0.00373820 1
0.00408610 1
0.00435170 1
0.00519980 1
0.00477520 1
0.00416190 1
0.00391740 1
0.00552410 1
0.00543190 1
0.00451220 1
0.00441770 1
0.00487640 1
0.00371870 1
0.00438060 1
0.00431870 1
0.00573770 1
0.00436490 1
0.00460300 1
0.00503180 1
0.00752630 1
0.00757940 1
0.00897570 1
0.00522000 1
0.00417760 1
0.00480960 1
0.00517080 1
0.00733200 1
0.00426130 1
0.00431200 1
0.00771780 1
0.00550050 1
0.00772370 1
0.00493440 1
0.00408030 1
0.00408340 1
0.00372430 1
0.00400080 1
0.00409810 1
0.00432470 1
0.00416690 1
0.00521370 1
0.00543420 1
0.00373070 1
0.00347600 1
0.00353250 1
0.00353980 1
0.00368270 1
0.00366950 1
0.00374880 1
0.00365640 1
0.00401000 1
0.00394330 1
0.00377180 1
-
-
-
-
0.02211820 0
0.00784450 1
0.00836810 1
0.00825270 1
0.00813270 1
0.00884650 1
0.00803210 1
0.00753760 1
0.00626110 1
0.00709750 1
0.00711150 1
0.00660610 1
0.00619480 1
0.00642020 1
0.00627310 1
0.00632600 1
0.00641080 1
0.00823630 1
0.00636870 1
0.00638060 1
0.00629010 1
0.00630210 1
0.00627420 1
0.00634910 1
0.00597140 1
0.00620660 1
0.00615640 1
0.00672790 1
0.00658620 1
