0.01523180
0.00474620
0.00432110
0.00347850
0.00584000
0.00373170
0.00357220
0.00445820
0.00493910
0.00448180
0.00391780
0.00361580
0.00348980
0.00357790
0.00338790
0.00378990
0.00382210
0.00352230
0.00357610
0.00354290
0.00347020
0.00356130
0.00358270
0.00387090
0.00342660
0.00351750
0.00339590
0.00356210
0.00394920
0.00353500
0.00344050
0.00351300
0.00349740
0.00337560
0.00348960
0.00348630
0.00348980
0.00353660
0.00355880
0.00342210
0.00378780
0.00341610
0.00365430
0.00329790
0.00361520
0.00364390
0.00349200
0.00345780
0.00348310
0.00350250
0.00359200
0.00367070
0.00396710
0.00362290
0.00388720
0.00345030
0.00349110
0.00344090
0.00338750
0.00340340
0.00381360
0.00361480
0.00380280
0.00376100
0.00384120
0.00384610
0.00422540
0.00387790
0.00375130
0.00373950
0.00373950
0.00352170
0.00397330
0.00408130
0.00365090
0.00365070
0.00383560
0.00372930
0.00371500
0.00381860
0.00387840
0.00377660
0.00352020
0.00368350
0.00376680
0.00381080
0.00398090
0.00380660
0.00350070
0.00359890
0.00373260
0.00374920
0.00361770
0.00379790
0.00365270
0.00373120
0.00362940
0.00372290
0.00363720
0.00363080
0.00349290
0.00363280
0.00364050
0.00367310
0.00351800
0.00367100
0.00365340
0.00363160
0.00393650
0.00419200
0.00370460
0.00391090
0.00349860
0.00379470
0.00371110
0.00374840
0.00352280
0.00361960
0.00350780
0.00363920
0.00351140
0.00355290
0.00371840
0.00387980
0.00461860
0.00384160
0.00386140
0.00365540
0.00370690
0.00403970
0.00421550
0.00389010
0.00498990
0.00387960
0.00393230
0.00375520
0.00426610
0.00418350
0.00392540
0.00389860
0.00443260
0.00374480
0.00387910
0.00378590
0.00382940
0.00371150
0.00378930
0.00364380
0.00369850
0.00369190
0.00374530
0.00371190
0.00357520
0.00353030
0.00362800
0.00365740
0.00370460
0.00382530
0.00391500
0.00395840
0.00378530
0.00393990
0.00409940
0.00888040
0.00423430
0.00452360
0.00436670
0.00402130
0.00407610
0.00593130
0.01104930
0.00426720
0.00392070
0.00372930
0.00352240
0.00359680
0.00348240
0.00355770
0.00354740
0.00377430
0.00392090
0.00361260
0.00342220
0.00349280
0.00350870
0.00354240
0.00359830
0.00397310
0.00347830
0.00353250
0.00342980
0.00348930
0.00344520
0.00367660
0.00396510
0.00357700
0.00341320
0.00364580
0.00362850
0.00360380
0.00355860
0.00340230
0.00340150
0.00359320
0.00348310
0.00353400
0.00342360
0.00350920
0.00342770
0.00353690
0.00351630
0.00352720
0.00346220
0.00359880
0.00346440
0.00349540
0.00361040
0.00353330
0.00349920
0.00344890
0.00343550
0.00340220
0.00360810
0.00398860
0.00349820
0.00353680
0.00350710
0.00340960
0.00342400
0.00349230
0.00343720
0.00340050
0.00396300
0.00353010
0.00363280
0.00365310
0.00368550
0.00418300
0.00361130
0.00368520
0.00361440
0.00370720
0.00352070
0.00386650
0.00383610
0.00349930
0.00334680
0.00356930
0.00340420
0.00352430
0.00373820
0.00380950
0.00338960
0.00352550
0.00345550
0.00353400
0.00345650
0.00339910
0.00339430
0.00338840
0.00351880
0.00342550
0.00340640
0.00360640
0.00345560
0.00338510
0.00344570
0.00343580
0.00353340
0.00343100
0.00348600
0.00338130
0.00350530
0.00346050
0.00352180
0.00337740
0.00346820
0.00349010
0.00351880
0.00373170
0.00394900
0.00349060
0.00351910
0.00349520
0.00352260
0.00347940
0.00349870
0.00341870
0.00349210
0.00352680
0.00353140
0.00345330
0.00345710
0.00360970
0.00402790
0.00352360
0.00356240
0.00345370
0.00349440
0.00344090
0.00357330
0.00393570
0.00356950
0.00350910
0.00338830
0.00344850
0.00340030
0.00358850
0.00395260
0.00348310
0.00342400
0.00345020
0.00339970
0.00345420
0.00349130
0.00346800
0.00408830
0.00363350
0.00339880
0.00341300
0.00344920
0.00332620
0.00332720
0.00340270
0.00351080
0.00349770
0.00341710
0.00358040
0.00343910
0.00348470
0.00352340
0.00352480
0.00352630
0.00404160
0.00337140
0.00375380
0.00386010
0.00418250
0.00378190
0.00361720
0.00344210
0.00351150
0.00360490
0.00353810
0.00341040
0.00361890
0.00340170
0.00352800
0.00342240
0.00358140
0.00362860
0.00412590
0.00348820
0.00351230
0.00341630
0.00359900
0.00334640
0.00357910
0.00389680
0.00346040
0.00329000
0.00343840
0.00345560
0.00353780
0.00356790
0.00418490
0.00361340
0.00366120
0.00342350
0.00353190
0.00343820
0.00339660
0.00339550
0.00343640
0.00354540
0.00340390
0.00339170
0.00351930
0.00353340
0.00343280
0.00350090
0.00343400
0.00354440
0.00344790
0.00366190
0.00339210
0.00351010
0.00438270
0.00372050
0.00354300
0.00360210
0.00339580
0.00350030
0.00378590
0.00409630
0.00373790
0.00360030
0.00349420
0.00354580
0.00341470
0.00350010
0.00365470
0.00358440
0.00341280
0.00353020
0.00342340
0.00347170
0.00359090
0.00388560
0.00356020
0.00338990
0.00339150
0.00359100
0.00345650
0.00361430
0.00382360
0.00347680
0.00342220
0.00343640
0.00414760
0.00365850
0.00388940
0.00450180
0.00357420
0.00350170
0.00345850
0.00354890
0.00339140
0.00361600
0.00342590
0.00339660
0.00346530
0.00339300
0.00342530
0.00360380
0.00345630
0.00338970
0.00390680
0.00351650
0.00340420
0.00374990
0.00340440
0.00337920
0.00367740
0.00373020
0.00353890
0.00344250
0.00390990
0.00344100
0.00339460
0.00394170
0.00388520
0.00349810
0.00350470
0.00364160
0.00362030
0.00360640
0.00362350
0.00359950
0.00400430
0.00348600
0.00344040
0.00346370
0.00357070
0.00361360
0.00385540
0.00349340
0.00350750
0.00343270
0.00382400
0.00361110
0.00380920
0.00391790
0.00363510
0.00354420
0.00365760
0.00355260
0.00358400
0.00379430
0.00384600
0.00343410
0.00387030
0.00484710
0.00438560
0.00435970
0.00420410
0.00383510
0.00410990
0.00459390
0.00616520
0.00431680
0.00428660
0.00379990
0.00357960
0.00371680
0.00379990
0.00365030
0.00361820
0.00361430
0.00360980
0.00371690
0.00365060
0.00374090
0.00373200
0.00404320
0.00376890
0.00568750
0.00606400
0.00565550
0.00436190
0.00435890
0.00373820
0.00408610
0.00435170
0.00519980
0.00477520
0.00416190
0.00391740
0.00552410
0.00543190
0.00451220
0.00441770
0.00487640
0.00371870
0.00438060
0.00431870
0.00573770
0.00436490
0.00460300
0.00503180
0.00752630
0.00757940
0.00897570
0.00522000
0.00417760
0.00480960
0.00517080
0.00733200
0.00426130
0.00431200
0.00771780
0.00550050
0.00772370
0.00493440
0.00408030
0.00408340
0.00372430
0.00400080
0.00409810
0.00432470
0.00416690
0.00521370
0.00543420
0.00373070
0.00347600
0.00353250
0.00353980
0.00368270
0.00366950
0.00374880
0.00365640
0.00401000
0.00394330
0.00377180
0.00000000
0.00000000
0.00000000
0.00000000
0.02211820
0.00784450
0.00836810
0.00825270
0.00813270
0.00884650
0.00803210
0.00753760
0.00626110
0.00709750
0.00711150
0.00660610
0.00619480
0.00642020
0.00627310
0.00632600
0.00641080
0.00823630
0.00636870
0.00638060
0.00629010
0.00630210
0.00627420
0.00634910
0.00597140
0.00620660
0.00615640
0.00672790
0.00658620
