0.00104510 0
0.00073010 1
0.00058310 1
0.00067270 1
0.00071610 1
0.00059310 1
0.00053530 1
0.00045670 1
0.00044720 1
0.00044840 1
0.00046380 1
0.00072280 1
0.00057150 1
0.00045780 1
0.00051430 1
0.00048460 1
0.00048660 1
0.00105850 1
0.00046980 1
0.00042770 1
0.00044930 1
0.00044920 1
0.00064600 1
0.00050390 1
0.00056050 1
0.00047870 1
0.00045030 1
0.00045280 1
0.00044860 1
0.00051160 1
0.00043020 1
0.00050490 1
0.00046500 1
0.00046200 1
0.00042470 1
0.00042670 1
0.00060580 1
0.00046760 1
0.00058430 1
0.00043020 1
0.00045840 1
0.00046140 1
0.00045810 1
0.00059890 1
0.00042660 1
0.00042500 1
0.00042330 1
0.00045810 1
0.00045590 1
0.00055480 1
0.00056250 1
0.00042400 1
0.00042140 1
0.00042220 1
0.00046220 1
0.00045990 1
0.00045590 1
0.00057700 1
-
-
-
-
0.00049670 0
0.00050550 1
0.00050290 1
0.00053130 1
0.00052870 1
0.00050100 1
0.00047910 1
0.00055160 1
0.00049090 1
0.00047690 1
0.00049990 1
0.00050730 1
0.00046350 1
0.00046610 1
0.00046820 1
0.00050350 1
0.00049620 1
0.00050060 1
0.00049640 1
0.00047140 1
0.00048550 1
0.00050360 1
0.00049820 1
0.00049870 1
0.00046180 1
0.00045370 1
0.00048880 1
0.00048950 1
0.00059940 1
0.00045670 1
0.00045040 1
0.00045450 1
0.00045050 1
0.00048720 1
0.00048810 1
0.00057120 1
0.00049060 1
0.00059470 1
0.00048680 1
0.00045470 1
0.00045230 1
0.00056770 1
0.00056460 1
0.00052870 1
0.00048180 1
0.00047950 1
0.00047940 1
0.00048110 1
0.00053780 1
0.00050330 1
0.00045630 1
0.00045680 1
0.00048780 1
0.00049130 1
0.00048690 1
0.00065630 1
0.00048690 1
0.00046100 1
0.00049260 1
0.00045830 1
0.00045090 1
0.00045370 1
0.00044740 1
0.00045520 1
0.00060910 1
0.00049350 1
0.00045030 1
0.00045440 1
0.00045060 1
0.00048950 1
0.00048800 1
0.00049070 1
0.00045350 1
0.00045210 1
0.00048550 1
0.00048720 1
0.00048480 1
0.00047320 1
0.00045640 1
0.00049630 1
0.00048740 1
-
-
-
-
0.00041520 0
0.00043740 1
0.00043280 1
0.00053640 1
0.00047030 1
0.00043180 1
0.00047420 1
0.00046570 1
0.00046040 1
0.00045720 1
0.00046570 1
0.00047120 1
0.00044910 1
0.00041290 1
0.00041300 1
0.00043210 1
0.00044800 1
0.00047270 1
0.00044760 1
0.00043820 1
0.00051200 1
0.00047040 1
0.00045300 1
0.00044220 1
0.00047620 1
0.00045110 1
0.00044580 1
0.00044810 1
0.00047720 1
0.00052760 1
0.00048810 1
0.00044480 1
0.00045240 1
0.00044250 1
0.00045220 1
0.00045540 1
0.00045050 1
0.00046820 1
0.00044900 1
0.00043810 1
0.00044380 1
0.00044210 1
0.00045980 1
0.00044700 1
0.00045530 1
0.00048360 1
0.00044910 1
0.00043950 1
0.00044640 1
0.00046420 1
0.00051030 1
0.00045820 1
0.00045140 1
0.00044450 1
0.00055670 1
0.00043940 1
0.00044540 1
0.00047230 1
0.00048470 1
0.00048100 1
0.00044900 1
0.00044380 1
0.00048080 1
0.00081890 1
0.00049320 1
0.00046380 1
0.00051950 1
0.00053340 1
0.00051600 1
0.00047240 1
0.00045360 1
0.00046690 1
0.00045010 1
0.00043790 1
0.00049800 1
0.00043990 1
0.00044390 1
0.00045080 1
0.00067850 1
0.00049020 1
0.00048870 1
0.00044190 1
0.00046940 1
0.00047310 1
0.00047910 1
0.00066990 1
0.00046680 1
0.00044180 1
0.00050020 1
0.00047640 1
0.00044550 1
0.00043910 1
0.00050370 1
0.00046170 1
0.00048270 1
0.00047250 1
0.00044380 1
0.00044420 1
0.00048490 1
0.00044140 1
0.00048700 1
0.00047570 1
0.00044550 1
0.00043670 1
0.00048570 1
0.00047890 1
0.00045000 1
0.00045580 1
0.00044970 1
0.00044250 1
0.00044150 1
0.00043990 1
0.00047410 1
0.00045940 1
0.00044470 1
0.00045440 1
0.00045380 1
0.00047470 1
0.00047980 1
0.00045330 1
0.00046310 1
0.00044810 1
0.00049210 1
0.00044170 1
