0.00104510
0.00073010
0.00058310
0.00067270
0.00071610
0.00059310
0.00053530
0.00045670
0.00044720
0.00044840
0.00046380
0.00072280
0.00057150
0.00045780
0.00051430
0.00048460
0.00048660
0.00105850
0.00046980
0.00042770
0.00044930
0.00044920
0.00064600
0.00050390
0.00056050
0.00047870
0.00045030
0.00045280
0.00044860
0.00051160
0.00043020
0.00050490
0.00046500
0.00046200
0.00042470
0.00042670
0.00060580
0.00046760
0.00058430
0.00043020
0.00045840
0.00046140
0.00045810
0.00059890
0.00042660
0.00042500
0.00042330
0.00045810
0.00045590
0.00055480
0.00056250
0.00042400
0.00042140
0.00042220
0.00046220
0.00045990
0.00045590
0.00057700
0.00000000
0.00000000
0.00000000
0.00000000
0.00049670
0.00050550
0.00050290
0.00053130
0.00052870
0.00050100
0.00047910
0.00055160
0.00049090
0.00047690
0.00049990
0.00050730
0.00046350
0.00046610
0.00046820
0.00050350
0.00049620
0.00050060
0.00049640
0.00047140
0.00048550
0.00050360
0.00049820
0.00049870
0.00046180
0.00045370
0.00048880
0.00048950
0.00059940
0.00045670
0.00045040
0.00045450
0.00045050
0.00048720
0.00048810
0.00057120
0.00049060
0.00059470
0.00048680
0.00045470
0.00045230
0.00056770
0.00056460
0.00052870
0.00048180
0.00047950
0.00047940
0.00048110
0.00053780
0.00050330
0.00045630
0.00045680
0.00048780
0.00049130
0.00048690
0.00065630
0.00048690
0.00046100
0.00049260
0.00045830
0.00045090
0.00045370
0.00044740
0.00045520
0.00060910
0.00049350
0.00045030
0.00045440
0.00045060
0.00048950
0.00048800
0.00049070
0.00045350
0.00045210
0.00048550
0.00048720
0.00048480
0.00047320
0.00045640
0.00049630
0.00048740
0.00000000
0.00000000
0.00000000
0.00000000
0.00041520
0.00043740
0.00043280
0.00053640
0.00047030
0.00043180
0.00047420
0.00046570
0.00046040
0.00045720
0.00046570
0.00047120
0.00044910
0.00041290
0.00041300
0.00043210
0.00044800
0.00047270
0.00044760
0.00043820
0.00051200
0.00047040
0.00045300
0.00044220
0.00047620
0.00045110
0.00044580
0.00044810
0.00047720
0.00052760
0.00048810
0.00044480
0.00045240
0.00044250
0.00045220
0.00045540
0.00045050
0.00046820
0.00044900
0.00043810
0.00044380
0.00044210
0.00045980
0.00044700
0.00045530
0.00048360
0.00044910
0.00043950
0.00044640
0.00046420
0.00051030
0.00045820
0.00045140
0.00044450
0.00055670
0.00043940
0.00044540
0.00047230
0.00048470
0.00048100
0.00044900
0.00044380
0.00048080
0.00081890
0.00049320
0.00046380
0.00051950
0.00053340
0.00051600
0.00047240
0.00045360
0.00046690
0.00045010
0.00043790
0.00049800
0.00043990
0.00044390
0.00045080
0.00067850
0.00049020
0.00048870
0.00044190
0.00046940
0.00047310
0.00047910
0.00066990
0.00046680
0.00044180
0.00050020
0.00047640
0.00044550
0.00043910
0.00050370
0.00046170
0.00048270
0.00047250
0.00044380
0.00044420
0.00048490
0.00044140
0.00048700
0.00047570
0.00044550
0.00043670
0.00048570
0.00047890
0.00045000
0.00045580
0.00044970
0.00044250
0.00044150
0.00043990
0.00047410
0.00045940
0.00044470
0.00045440
0.00045380
0.00047470
0.00047980
0.00045330
0.00046310
0.00044810
0.00049210
0.00044170
