0.00002760
0.00331440
0.00274160
0.00226540
0.00174260
0.00165810
0.00315840
0.00168650
0.00183330
0.00220110
0.00179020
0.00164870
0.00172770
0.00297470
0.00198140
0.00219380
0.00201630
0.00228330
0.00182190
0.00166350
0.00177690
0.00176830
0.00000000
0.00000000
0.00000000
0.00000000
0.00002480
0.00108490
0.00107000
0.00099490
0.00103210
0.00099170
0.00100160
0.00109920
0.00100900
0.00134470
0.00111180
0.00100070
0.00099480
0.00100220
0.00110000
0.00099710
0.00107260
0.00099020
0.00098400
0.00112330
0.00129860
0.00000000
0.00000000
0.00000000
0.00000000
0.00022250
0.00095040
0.00090040
0.00065570
0.00073510
0.00064620
0.00063960
0.00063880
0.00064050
0.00065170
0.00063660
0.00073760
0.00063720
0.00064170
0.00063970
0.00070200
0.00077540
0.00065010
0.00064610
0.00064900
0.00065770
0.00064750
0.00079650
0.00088360
0.00068760
0.00066570
0.00093810
0.00070180
0.00066150
0.00090990
0.00069660
0.00066700
0.00075120
0.00066470
0.00064900
0.00101530
0.00084880
0.00064860
0.00064820
0.00064330
0.00064870
0.00063530
0.00073270
0.00064030
0.00063720
0.00063660
0.00063580
0.00063420
0.00063110
0.00072770
0.00064780
0.00068150
0.00064070
0.00073210
0.00063840
0.00073130
0.00065660
0.00064960
0.00067750
0.00064870
0.00074430
0.00000000
0.00000000
0.00000000
0.00000000
0.00022130
0.00057910
0.00038220
0.00040980
0.00040940
0.00042740
0.00041870
0.00044580
0.00043890
0.00041580
0.00044170
0.00044060
0.00041930
0.00041580
0.00041890
0.00044630
0.00042420
0.00048980
0.00041620
0.00044560
0.00044350
0.00042160
0.00047890
0.00041500
0.00046700
0.00043310
0.00054070
0.00041500
0.00049960
0.00053520
0.00046440
0.00045250
0.00041640
0.00043900
0.00041370
0.00044510
0.00041500
0.00042520
0.00044800
0.00041290
0.00043010
0.00053250
0.00043030
0.00045160
0.00044160
0.00045760
0.00045700
0.00046830
0.00047760
0.00048590
0.00047760
0.00046130
0.00045080
0.00042200
0.00041470
0.00041990
0.00042930
0.00041950
0.00043160
0.00040890
0.00040680
0.00040580
0.00040410
0.00041320
0.00051190
0.00041680
0.00040410
0.00040220
0.00043540
0.00041680
0.00040570
0.00038540
0.00044030
0.00040840
0.00040700
0.00049270
0.00040460
0.00040720
0.00040610
0.00040810
0.00040990
0.00041720
0.00040820
0.00038000
0.00041500
0.00038120
0.00040800
0.00040700
0.00041110
0.00046320
0.00054870
0.00046830
0.00040770
0.00043830
0.00040500
0.00040830
0.00045210
0.00040590
0.00045870
0.00040280
0.00040600
0.00045670
0.00044370
0.00040420
0.00041790
0.00040400
0.00041080
0.00050230
0.00038720
0.00044390
0.00040880
0.00038150
0.00040980
0.00040780
0.00046990
0.00050100
0.00040810
0.00041190
0.00041020
0.00068540
0.00058030
0.00041880
0.00040710
0.00043560
0.00041150
0.00043710
0.00066820
0.00041090
0.00042060
0.00070600
0.00047080
0.00040890
0.00050450
0.00041510
0.00040730
0.00041140
0.00043870
0.00040410
0.00040170
0.00041000
0.00041600
0.00040250
0.00039170
0.00050420
0.00040930
0.00055110
0.00044540
0.00041240
0.00040690
0.00040120
0.00042550
0.00040800
0.00051200
0.00045420
0.00042530
0.00043760
0.00040670
0.00046990
0.00040750
0.00041070
0.00041650
0.00042640
0.00042680
0.00053720
0.00042570
0.00040240
0.00043660
0.00040580
0.00040350
0.00040170
0.00047210
0.00041350
0.00040560
0.00040510
0.00040650
0.00038280
0.00052440
0.00040740
0.00040740
0.00040850
0.00040900
0.00040750
0.00040660
0.00043210
0.00041790
0.00041110
0.00050180
0.00040760
0.00041900
0.00041230
0.00050730
0.00040970
0.00040620
0.00040680
0.00050370
0.00042240
0.00040990
0.00040990
0.00050310
0.00041030
0.00042140
0.00040740
0.00049900
0.00040800
0.00040480
0.00040720
0.00040540
0.00038460
0.00040970
0.00040440
0.00050520
0.00040970
0.00041720
0.00049530
0.00050500
0.00041000
0.00042450
0.00046640
0.00040760
0.00040680
0.00044360
0.00042190
0.00039400
0.00043890
0.00040870
0.00040220
0.00040130
0.00041180
0.00038240
0.00044330
0.00040720
0.00040420
0.00040490
0.00041940
0.00040440
0.00040600
0.00037710
0.00044720
0.00040760
0.00040670
0.00037550
0.00040920
0.00051160
0.00040800
0.00040470
0.00040400
0.00040500
0.00041520
0.00050230
0.00058110
0.00040580
0.00040820
0.00066810
0.00042130
0.00044070
0.00040540
0.00040410
0.00040520
0.00040360
0.00040740
0.00038280
0.00040820
0.00041760
0.00040830
0.00038190
0.00037790
0.00040920
0.00040760
0.00050160
0.00040870
0.00040500
0.00037950
0.00053270
0.00041930
0.00040710
0.00040660
0.00040310
0.00040200
0.00040590
0.00040010
0.00049330
0.00040280
0.00040230
0.00040520
0.00048530
0.00041060
0.00041920
0.00040720
0.00050500
0.00040860
0.00047640
0.00040590
0.00050760
0.00041140
0.00041110
0.00040710
0.00038010
0.00041900
0.00041070
0.00040510
0.00050110
0.00040850
0.00040760
0.00040940
0.00038420
0.00040800
0.00040500
0.00040570
0.00050370
0.00042120
0.00040770
0.00040830
0.00041120
0.00040850
0.00040840
0.00040940
0.00041860
0.00040860
0.00040790
0.00045930
0.00054620
0.00044510
0.00041610
0.00049970
0.00043410
0.00043480
0.00040460
0.00040610
0.00040660
0.00040260
0.00040840
0.00042330
0.00042270
0.00041330
0.00040940
0.00041170
0.00038300
0.00037780
0.00040780
0.00038090
0.00038120
0.00040890
0.00050780
0.00041490
0.00039550
0.00040760
0.00050590
0.00037750
0.00038320
0.00037760
0.00048110
0.00045170
0.00038010
0.00038410
0.00040820
0.00038050
0.00037890
0.00042940
0.00038250
0.00041270
0.00037810
0.00037770
0.00047470
0.00038190
0.00038310
0.00038030
0.00038110
0.00040860
0.00046410
0.00050540
0.00044880
0.00041970
0.00040420
0.00040250
0.00040010
0.00040230
0.00041180
0.00038560
0.00037980
0.00043740
0.00037690
0.00047430
0.00046640
0.00060330
0.00053310
0.00045580
0.00000000
0.00000000
0.00000000
0.00000000
0.00012160
0.00076850
0.00058430
0.00056130
0.00056580
0.00055720
0.00055520
0.00055460
0.00064910
0.00055070
0.00059070
0.00052510
0.00057830
0.00051860
0.00053840
0.00055150
0.00059270
0.00060210
0.00059250
0.00055990
0.00055090
0.00055060
0.00052780
0.00057160
0.00051810
0.00052230
0.00059800
0.00052610
0.00052080
0.00060010
0.00055520
0.00055270
0.00054690
0.00051990
0.00052330
0.00052060
0.00051940
0.00059900
0.00052100
0.00055510
0.00052430
0.00051950
0.00051850
0.00052200
0.00072110
0.00052630
0.00051680
0.00064170
0.00054750
0.00055040
0.00055850
0.00061950
0.00052180
0.00052150
0.00051680
0.00056760
0.00052310
0.00055120
0.00055210
0.00055170
0.00055210
0.00059220
0.00052270
0.00051780
0.00054320
0.00056770
0.00062320
0.00055310
0.00054850
0.00055280
0.00056320
0.00055130
0.00064770
0.00055440
0.00000000
0.00000000
0.00000000
0.00000000
0.00019320
0.00079220
0.00054400
0.00046680
0.00046160
0.00045460
0.00045530
0.00050050
0.00045540
0.00045560
0.00045260
0.00053730
0.00045620
0.00052190
0.00048250
0.00052920
0.00048160
0.00048730
0.00056240
0.00049940
0.00048370
0.00045480
0.00051990
0.00049270
0.00052310
0.00057700
0.00048240
0.00052760
0.00047650
0.00054650
0.00045760
0.00050000
0.00045390
0.00053210
0.00046890
0.00054160
0.00057590
0.00048440
0.00048680
0.00049070
0.00049690
0.00050410
0.00045700
0.00048360
0.00049420
0.00049130
0.00048650
0.00058070
0.00074340
0.00049810
0.00048720
0.00052770
0.00049540
0.00052990
0.00059530
0.00053010
0.00052880
0.00048580
0.00064520
0.00065720
0.00049120
0.00048410
0.00050770
0.00052310
0.00048540
0.00050210
0.00049360
0.00048670
0.00047980
0.00049680
0.00048450
0.00052150
0.00048500
0.00052920
0.00048880
0.00049250
0.00048150
0.00049790
0.00048870
0.00048750
0.00048180
0.00079000
0.00049860
0.00048710
0.00048510
0.00048390
0.00058760
0.00058540
0.00045850
0.00045590
0.00045620
0.00057800
0.00052840
0.00045960
0.00052210
0.00048610
0.00048320
0.00048140
0.00058410
0.00045940
0.00045570
0.00045610
0.00059490
0.00055630
0.00046770
0.00048480
0.00048620
0.00048240
0.00048710
0.00055410
0.00045640
0.00045530
0.00045650
0.00057730
0.00046060
0.00048910
0.00085230
0.00046850
0.00045610
0.00045500
0.00052860
0.00045710
0.00053490
0.00049680
0.00049320
0.00048420
0.00056680
0.00058240
0.00045570
0.00045460
0.00045610
0.00057780
0.00050100
0.00045660
0.00045350
0.00048380
0.00045190
0.00059790
0.00045920
0.00052100
0.00045460
0.00045420
0.00048670
0.00049170
0.00045430
0.00045360
0.00063650
