1
201.00,326.00,55.44,88.46
200.00,323.00,55.44,88.46
197.00,318.00,55.44,88.46
196.00,313.00,55.44,88.46
194.00,312.00,55.44,88.46
190.00,310.00,55.44,88.46
188.00,308.00,55.44,88.46
184.00,306.00,55.44,88.46
183.00,303.00,55.44,88.46
183.00,300.00,55.44,88.46
180.00,300.00,55.44,88.46
177.00,299.00,55.44,88.46
176.00,301.00,55.44,88.46
175.00,301.00,55.44,88.46
173.00,300.00,55.44,88.46
171.00,300.00,55.44,88.46
170.00,301.00,55.44,88.46
168.00,304.00,55.44,88.46
120.00,329.00,55.44,88.46
165.00,313.00,55.44,88.46
2
0
0
0
0
1
170.00,315.00,47.92,72.66
170.00,314.00,47.92,72.66
172.00,314.00,47.92,72.66
175.00,312.00,47.92,72.66
178.00,309.00,47.92,72.66
179.00,307.00,47.92,72.66
180.00,307.00,47.92,72.66
184.00,307.00,47.92,72.66
189.00,306.00,47.92,72.66
193.00,305.00,47.92,72.66
194.00,304.00,47.92,72.66
197.00,301.00,47.92,72.66
199.00,298.00,47.92,72.66
200.00,297.00,47.92,72.66
203.00,298.00,47.92,72.66
207.00,302.00,47.92,72.66
210.00,305.00,47.92,72.66
168.00,325.00,47.92,72.66
169.00,326.00,47.92,72.66
2
0
0
0
0
1
220.00,309.00,38.10,59.00
222.00,306.00,38.10,59.00
223.00,305.00,38.10,59.00
223.00,305.00,38.10,59.00
221.00,308.00,38.10,59.00
223.00,310.00,38.10,59.00
226.00,310.00,38.10,59.00
227.00,310.00,38.10,59.00
226.00,310.00,38.10,59.00
224.00,310.00,38.10,59.00
223.00,311.00,38.10,59.00
222.00,311.00,38.10,59.00
221.00,312.00,38.10,59.00
222.00,313.00,38.10,59.00
223.00,312.00,38.10,59.00
223.00,311.00,38.10,59.00
219.00,311.00,38.10,59.00
218.00,311.00,38.10,59.00
220.00,312.00,38.10,59.00
220.00,313.00,38.10,59.00
220.00,313.00,38.10,59.00
219.00,313.00,38.10,59.00
219.00,313.00,38.10,59.00
218.00,313.00,38.10,59.00
218.00,316.00,38.10,59.00
219.00,317.00,38.10,59.00
222.00,316.00,38.10,59.00
224.00,315.00,38.10,59.00
225.00,314.00,38.10,59.00
227.00,314.00,38.10,59.00
228.00,315.00,38.10,59.00
229.00,319.00,38.10,59.00
231.00,324.00,38.10,59.00
235.00,329.00,38.10,59.00
239.00,332.00,38.10,59.00
241.00,334.00,38.10,59.00
241.00,333.00,38.10,59.00
242.00,333.00,38.10,59.00
242.00,333.00,38.10,59.00
244.00,332.00,38.10,59.00
246.00,329.00,38.10,59.00
247.00,326.00,38.10,59.00
248.00,323.00,38.10,59.00
249.00,320.00,38.10,59.00
248.00,318.00,38.10,59.00
247.00,319.00,38.10,59.00
249.00,320.00,38.10,59.00
253.00,320.00,38.10,59.00
254.00,320.00,38.10,59.00
253.00,321.00,38.10,59.00
255.00,321.00,38.10,59.00
256.00,321.00,38.10,59.00
256.00,321.00,38.10,59.00
257.00,320.00,38.10,59.00
258.00,319.00,38.10,59.00
236.00,337.00,38.10,59.00
235.00,335.00,38.10,59.00
235.00,334.00,38.10,59.00
237.00,334.00,38.10,59.00
2
0
0
0
0
1
273.00,315.00,26.81,42.98
274.00,316.00,26.81,42.98
274.00,318.00,26.81,42.98
275.00,318.00,26.81,42.98
275.00,317.00,26.81,42.98
273.00,317.00,26.81,42.98
273.00,319.00,26.81,42.98
275.00,319.00,26.81,42.98
276.00,317.00,26.81,42.98
276.00,314.00,26.81,42.98
277.00,310.00,26.81,42.98
277.00,307.00,26.81,42.98
277.00,305.00,26.81,42.98
277.00,304.00,26.81,42.98
278.00,304.00,26.81,42.98
279.00,303.00,26.81,42.98
279.00,303.00,26.81,42.98
278.00,305.00,26.81,42.98
276.00,309.00,26.81,42.98
275.00,314.00,26.81,42.98
275.00,315.00,26.81,42.98
276.00,313.00,26.81,42.98
275.00,310.00,26.81,42.98
273.00,308.00,26.81,42.98
272.00,306.00,26.81,42.98
269.00,306.00,26.81,42.98
268.00,306.00,26.81,42.98
269.00,305.00,26.81,42.98
269.00,303.00,26.81,42.98
267.00,303.00,26.81,42.98
266.00,305.00,26.81,42.98
264.00,306.00,26.81,42.98
263.00,305.00,26.81,42.98
262.00,304.00,26.81,42.98
261.00,302.00,26.81,42.98
261.00,298.00,26.81,42.98
258.00,297.00,26.81,42.98
255.00,299.00,26.81,42.98
254.00,304.00,26.81,42.98
254.00,310.00,26.81,42.98
254.00,316.00,26.81,42.98
253.00,319.00,26.81,42.98
251.00,321.00,26.81,42.98
249.00,324.00,26.81,42.98
250.00,326.00,26.81,42.98
251.00,324.00,26.81,42.98
251.00,320.00,26.81,42.98
251.00,314.00,26.81,42.98
250.00,312.00,26.81,42.98
247.00,315.00,26.81,42.98
245.00,318.00,26.81,42.98
245.00,323.00,26.81,42.98
246.00,326.00,26.81,42.98
248.00,326.00,26.81,42.98
248.00,322.00,26.81,42.98
246.00,317.00,26.81,42.98
242.00,313.00,26.81,42.98
241.00,312.00,26.81,42.98
243.00,311.00,26.81,42.98
245.00,308.00,26.81,42.98
245.00,308.00,26.81,42.98
245.00,310.00,26.81,42.98
245.00,313.00,26.81,42.98
245.00,316.00,26.81,42.98
246.00,317.00,26.81,42.98
247.00,317.00,26.81,42.98
248.00,316.00,26.81,42.98
247.00,313.00,26.81,42.98
245.00,314.00,26.81,42.98
245.00,316.00,26.81,42.98
246.00,317.00,26.81,42.98
248.00,315.00,26.81,42.98
247.00,313.00,26.81,42.98
246.00,315.00,26.81,42.98
249.00,316.00,26.81,42.98
249.00,317.00,26.81,42.98
247.00,318.00,26.81,42.98
247.00,319.00,26.81,42.98
249.00,320.00,26.81,42.98
247.00,320.00,26.81,42.98
244.00,322.00,26.81,42.98
245.00,321.00,26.81,42.98
246.00,318.00,26.81,42.98
246.00,313.00,26.81,42.98
246.00,308.00,26.81,42.98
244.00,305.00,26.81,42.98
240.00,306.00,26.81,42.98
238.00,306.00,26.81,42.98
239.00,304.00,26.81,42.98
241.00,303.00,26.81,42.98
243.00,303.00,26.81,42.98
243.00,304.00,26.81,42.98
239.00,308.00,26.81,42.98
237.00,312.00,26.81,42.98
237.00,315.00,26.81,42.98
240.00,316.00,26.81,42.98
241.00,316.00,26.81,42.98
242.00,315.00,26.81,42.98
240.00,315.00,26.81,42.98
237.00,316.00,26.81,42.98
236.00,316.00,26.81,42.98
236.00,317.00,26.81,42.98
236.00,318.00,26.81,42.98
236.00,320.00,26.81,42.98
236.00,321.00,26.81,42.98
235.00,319.00,26.81,42.98
235.00,316.00,26.81,42.98
236.00,314.00,26.81,42.98
236.00,310.00,26.81,42.98
236.00,306.00,26.81,42.98
233.00,307.00,26.81,42.98
234.00,309.00,26.81,42.98
237.00,309.00,26.81,42.98
236.00,308.00,26.81,42.98
234.00,309.00,26.81,42.98
235.00,310.00,26.81,42.98
234.00,313.00,26.81,42.98
233.00,317.00,26.81,42.98
234.00,322.00,26.81,42.98
235.00,326.00,26.81,42.98
235.00,328.00,26.81,42.98
234.00,331.00,26.81,42.98
235.00,333.00,26.81,42.98
235.00,334.00,26.81,42.98
237.00,333.00,26.81,42.98
238.00,328.00,26.81,42.98
239.00,321.00,26.81,42.98
240.00,316.00,26.81,42.98
237.00,314.00,26.81,42.98
234.00,317.00,26.81,42.98
235.00,323.00,26.81,42.98
239.00,325.00,26.81,42.98
240.00,325.00,26.81,42.98
239.00,326.00,26.81,42.98
237.00,327.00,26.81,42.98
236.00,327.00,26.81,42.98
234.00,327.00,26.81,42.98
234.00,326.00,26.81,42.98
234.00,323.00,26.81,42.98
232.00,322.00,26.81,42.98
231.00,322.00,26.81,42.98
231.00,323.00,26.81,42.98
231.00,324.00,26.81,42.98
231.00,324.00,26.81,42.98
230.00,326.00,26.81,42.98
229.00,328.00,26.81,42.98
227.00,330.00,26.81,42.98
224.00,334.00,26.81,42.98
224.00,338.00,26.81,42.98
227.00,339.00,26.81,42.98
227.00,337.00,26.81,42.98
225.00,333.00,26.81,42.98
224.00,330.00,26.81,42.98
224.00,328.00,26.81,42.98
223.00,327.00,26.81,42.98
222.00,326.00,26.81,42.98
223.00,323.00,26.81,42.98
223.00,321.00,26.81,42.98
222.00,321.00,26.81,42.98
221.00,324.00,26.81,42.98
221.00,326.00,26.81,42.98
220.00,326.00,26.81,42.98
219.00,325.00,26.81,42.98
219.00,325.00,26.81,42.98
220.00,325.00,26.81,42.98
218.00,325.00,26.81,42.98
217.00,326.00,26.81,42.98
218.00,325.00,26.81,42.98
219.00,322.00,26.81,42.98
218.00,319.00,26.81,42.98
217.00,317.00,26.81,42.98
216.00,318.00,26.81,42.98
216.00,320.00,26.81,42.98
218.00,320.00,26.81,42.98
220.00,318.00,26.81,42.98
220.00,315.00,26.81,42.98
219.00,314.00,26.81,42.98
217.00,317.00,26.81,42.98
217.00,321.00,26.81,42.98
217.00,324.00,26.81,42.98
216.00,325.00,26.81,42.98
216.00,327.00,26.81,42.98
217.00,328.00,26.81,42.98
216.00,328.00,26.81,42.98
213.00,329.00,26.81,42.98
214.00,331.00,26.81,42.98
217.00,330.00,26.81,42.98
218.00,327.00,26.81,42.98
215.00,328.00,26.81,42.98
214.00,331.00,26.81,42.98
217.00,334.00,26.81,42.98
221.00,336.00,26.81,42.98
219.00,337.00,26.81,42.98
220.00,336.00,26.81,42.98
222.00,336.00,26.81,42.98
220.00,337.00,26.81,42.98
219.00,340.00,26.81,42.98
220.00,341.00,26.81,42.98
221.00,340.00,26.81,42.98
220.00,339.00,26.81,42.98
219.00,339.00,26.81,42.98
219.00,339.00,26.81,42.98
217.00,339.00,26.81,42.98
213.00,340.00,26.81,42.98
212.00,340.00,26.81,42.98
212.00,338.00,26.81,42.98
211.00,333.00,26.81,42.98
210.00,329.00,26.81,42.98
210.00,325.00,26.81,42.98
210.00,322.00,26.81,42.98
208.00,321.00,26.81,42.98
206.00,319.00,26.81,42.98
206.00,318.00,26.81,42.98
205.00,319.00,26.81,42.98
206.00,323.00,26.81,42.98
208.00,324.00,26.81,42.98
208.00,325.00,26.81,42.98
204.00,324.00,26.81,42.98
203.00,323.00,26.81,42.98
205.00,321.00,26.81,42.98
203.00,322.00,26.81,42.98
201.00,328.00,26.81,42.98
201.00,333.00,26.81,42.98
203.00,334.00,26.81,42.98
200.00,336.00,26.81,42.98
198.00,338.00,26.81,42.98
199.00,339.00,26.81,42.98
198.00,343.00,26.81,42.98
197.00,346.00,26.81,42.98
198.00,348.00,26.81,42.98
199.00,347.00,26.81,42.98
199.00,346.00,26.81,42.98
198.00,344.00,26.81,42.98
198.00,345.00,26.81,42.98
198.00,347.00,26.81,42.98
199.00,350.00,26.81,42.98
200.00,351.00,26.81,42.98
199.00,349.00,26.81,42.98
199.00,347.00,26.81,42.98
198.00,347.00,26.81,42.98
198.00,348.00,26.81,42.98
198.00,348.00,26.81,42.98
199.00,349.00,26.81,42.98
199.00,348.00,26.81,42.98
199.00,345.00,26.81,42.98
197.00,345.00,26.81,42.98
195.00,347.00,26.81,42.98
196.00,348.00,26.81,42.98
196.00,346.00,26.81,42.98
193.00,347.00,26.81,42.98
194.00,349.00,26.81,42.98
195.00,350.00,26.81,42.98
194.00,350.00,26.81,42.98
192.00,351.00,26.81,42.98
193.00,350.00,26.81,42.98
194.00,350.00,26.81,42.98
195.00,349.00,26.81,42.98
195.00,348.00,26.81,42.98
195.00,349.00,26.81,42.98
193.00,351.00,26.81,42.98
194.00,355.00,26.81,42.98
196.00,359.00,26.81,42.98
199.00,360.00,26.81,42.98
199.00,358.00,26.81,42.98
199.00,356.00,26.81,42.98
199.00,353.00,26.81,42.98
200.00,351.00,26.81,42.98
200.00,348.00,26.81,42.98
203.00,345.00,26.81,42.98
205.00,342.00,26.81,42.98
205.00,337.00,26.81,42.98
205.00,334.00,26.81,42.98
204.00,336.00,26.81,42.98
206.00,341.00,26.81,42.98
207.00,344.00,26.81,42.98
207.00,347.00,26.81,42.98
208.00,348.00,26.81,42.98
208.00,346.00,26.81,42.98
206.00,348.00,26.81,42.98
203.00,351.00,26.81,42.98
204.00,353.00,26.81,42.98
204.00,353.00,26.81,42.98
203.00,351.00,26.81,42.98
203.00,349.00,26.81,42.98
202.00,348.00,26.81,42.98
200.00,348.00,26.81,42.98
199.00,352.00,26.81,42.98
198.00,358.00,26.81,42.98
198.00,361.00,26.81,42.98
199.00,361.00,26.81,42.98
197.00,362.00,26.81,42.98
195.00,364.00,26.81,42.98
196.00,367.00,26.81,42.98
196.00,369.00,26.81,42.98
192.00,372.00,26.81,42.98
189.00,375.00,26.81,42.98
191.00,377.00,26.81,42.98
192.00,375.00,26.81,42.98
189.00,372.00,26.81,42.98
185.00,370.00,26.81,42.98
183.00,369.00,26.81,42.98
182.00,372.00,26.81,42.98
180.00,375.00,26.81,42.98
176.00,373.00,26.81,42.98
175.00,366.00,26.81,42.98
173.00,359.00,26.81,42.98
170.00,355.00,26.81,42.98
168.00,355.00,26.81,42.98
167.00,354.00,26.81,42.98
163.00,353.00,26.81,42.98
160.00,354.00,26.81,42.98
159.00,354.00,26.81,42.98
161.00,356.00,26.81,42.98
160.00,359.00,26.81,42.98
157.00,362.00,26.81,42.98
155.00,365.00,26.81,42.98
149.00,364.00,26.81,42.98
148.00,367.00,26.81,42.98
148.00,369.00,26.81,42.98
150.00,370.00,26.81,42.98
149.00,371.00,26.81,42.98
149.00,370.00,26.81,42.98
149.00,370.00,26.81,42.98
149.00,370.00,26.81,42.98
150.00,371.00,26.81,42.98
153.00,370.00,26.81,42.98
155.00,368.00,26.81,42.98
156.00,366.00,26.81,42.98
155.00,366.00,26.81,42.98
157.00,366.00,26.81,42.98
158.00,366.00,26.81,42.98
158.00,366.00,26.81,42.98
160.00,363.00,26.81,42.98
163.00,362.00,26.81,42.98
163.00,363.00,26.81,42.98
166.00,365.00,26.81,42.98
169.00,366.00,26.81,42.98
170.00,367.00,26.81,42.98
170.00,368.00,26.81,42.98
172.00,368.00,26.81,42.98
175.00,367.00,26.81,42.98
176.00,364.00,26.81,42.98
177.00,358.00,26.81,42.98
178.00,355.00,26.81,42.98
175.00,354.00,26.81,42.98
177.00,354.00,26.81,42.98
178.00,356.00,26.81,42.98
178.00,358.00,26.81,42.98
180.00,358.00,26.81,42.98
182.00,355.00,26.81,42.98
182.00,354.00,26.81,42.98
181.00,358.00,26.81,42.98
180.00,362.00,26.81,42.98
180.00,366.00,26.81,42.98
181.00,368.00,26.81,42.98
181.00,367.00,26.81,42.98
181.00,365.00,26.81,42.98
182.00,365.00,26.81,42.98
182.00,365.00,26.81,42.98
182.00,368.00,26.81,42.98
182.00,369.00,26.81,42.98
183.00,369.00,26.81,42.98
184.00,365.00,26.81,42.98
184.00,362.00,26.81,42.98
184.00,358.00,26.81,42.98
185.00,353.00,26.81,42.98
185.00,348.00,26.81,42.98
184.00,346.00,26.81,42.98
184.00,343.00,26.81,42.98
184.00,344.00,26.81,42.98
186.00,342.00,26.81,42.98
186.00,340.00,26.81,42.98
184.00,338.00,26.81,42.98
186.00,335.00,26.81,42.98
186.00,332.00,26.81,42.98
182.00,334.00,26.81,42.98
179.00,338.00,26.81,42.98
180.00,340.00,26.81,42.98
181.00,340.00,26.81,42.98
180.00,338.00,26.81,42.98
177.00,337.00,26.81,42.98
176.00,336.00,26.81,42.98
175.00,336.00,26.81,42.98
174.00,335.00,26.81,42.98
2
0
0
0
0
1
168.00,323.00,29.20,51.54
167.00,324.00,29.20,51.54
167.00,327.00,29.20,51.54
169.00,332.00,29.20,51.54
172.00,336.00,29.20,51.54
174.00,337.00,29.20,51.54
174.00,337.00,29.20,51.54
170.00,340.00,29.20,51.54
170.00,344.00,29.20,51.54
172.00,346.00,29.20,51.54
172.00,347.00,29.20,51.54
172.00,346.00,29.20,51.54
172.00,345.00,29.20,51.54
172.00,346.00,29.20,51.54
171.00,348.00,29.20,51.54
171.00,348.00,29.20,51.54
171.00,345.00,29.20,51.54
168.00,345.00,29.20,51.54
168.00,347.00,29.20,51.54
172.00,345.00,29.20,51.54
175.00,339.00,29.20,51.54
174.00,335.00,29.20,51.54
174.00,335.00,29.20,51.54
172.00,339.00,29.20,51.54
172.00,339.00,29.20,51.54
176.00,339.00,29.20,51.54
176.00,340.00,29.20,51.54
179.00,339.00,29.20,51.54
182.00,337.00,29.20,51.54
183.00,334.00,29.20,51.54
182.00,334.00,29.20,51.54
182.00,335.00,29.20,51.54
182.00,335.00,29.20,51.54
185.00,334.00,29.20,51.54
188.00,330.00,29.20,51.54
189.00,324.00,29.20,51.54
188.00,321.00,29.20,51.54
189.00,319.00,29.20,51.54
191.00,316.00,29.20,51.54
190.00,315.00,29.20,51.54
193.00,314.00,29.20,51.54
194.00,315.00,29.20,51.54
192.00,315.00,29.20,51.54
196.00,308.00,29.20,51.54
194.00,309.00,29.20,51.54
188.00,312.00,29.20,51.54
191.00,311.00,29.20,51.54
190.00,311.00,29.20,51.54
187.00,310.00,29.20,51.54
186.00,310.00,29.20,51.54
187.00,309.00,29.20,51.54
189.00,310.00,29.20,51.54
188.00,312.00,29.20,51.54
186.00,315.00,29.20,51.54
185.00,321.00,29.20,51.54
186.00,327.00,29.20,51.54
191.00,327.00,29.20,51.54
195.00,325.00,29.20,51.54
194.00,320.00,29.20,51.54
196.00,314.00,29.20,51.54
199.00,308.00,29.20,51.54
201.00,306.00,29.20,51.54
202.00,305.00,29.20,51.54
204.00,304.00,29.20,51.54
206.00,303.00,29.20,51.54
205.00,307.00,29.20,51.54
206.00,310.00,29.20,51.54
210.00,311.00,29.20,51.54
209.00,313.00,29.20,51.54
208.00,313.00,29.20,51.54
208.00,313.00,29.20,51.54
207.00,314.00,29.20,51.54
2
0
0
0
0
1
203.00,331.00,26.98,49.96
202.00,331.00,26.98,49.96
200.00,329.00,26.98,49.96
199.00,327.00,26.98,49.96
198.00,326.00,26.98,49.96
198.00,323.00,26.98,49.96
198.00,319.00,26.98,49.96
198.00,314.00,26.98,49.96
198.00,310.00,26.98,49.96
196.00,310.00,26.98,49.96
195.00,310.00,26.98,49.96
191.00,311.00,26.98,49.96
190.00,309.00,26.98,49.96
189.00,305.00,26.98,49.96
185.00,313.00,26.98,49.96
182.00,318.00,26.98,49.96
181.00,318.00,26.98,49.96
177.00,323.00,26.98,49.96
175.00,329.00,26.98,49.96
176.00,331.00,26.98,49.96
177.00,331.00,26.98,49.96
177.00,329.00,26.98,49.96
176.00,328.00,26.98,49.96
176.00,327.00,26.98,49.96
176.00,329.00,26.98,49.96
175.00,331.00,26.98,49.96
177.00,330.00,26.98,49.96
179.00,328.00,26.98,49.96
177.00,328.00,26.98,49.96
177.00,325.00,26.98,49.96
176.00,323.00,26.98,49.96
173.00,326.00,26.98,49.96
170.00,334.00,26.98,49.96
170.00,340.00,26.98,49.96
174.00,340.00,26.98,49.96
173.00,340.00,26.98,49.96
169.00,342.00,26.98,49.96
171.00,342.00,26.98,49.96
176.00,342.00,26.98,49.96
175.00,343.00,26.98,49.96
174.00,341.00,26.98,49.96
174.00,336.00,26.98,49.96
175.00,332.00,26.98,49.96
177.00,330.00,26.98,49.96
176.00,332.00,26.98,49.96
175.00,336.00,26.98,49.96
177.00,339.00,26.98,49.96
180.00,340.00,26.98,49.96
179.00,339.00,26.98,49.96
179.00,335.00,26.98,49.96
176.00,333.00,26.98,49.96
175.00,330.00,26.98,49.96
176.00,327.00,26.98,49.96
174.00,327.00,26.98,49.96
175.00,324.00,26.98,49.96
176.00,321.00,26.98,49.96
174.00,319.00,26.98,49.96
172.00,318.00,26.98,49.96
172.00,317.00,26.98,49.96
173.00,321.00,26.98,49.96
175.00,323.00,26.98,49.96
178.00,324.00,26.98,49.96
180.00,323.00,26.98,49.96
179.00,324.00,26.98,49.96
178.00,326.00,26.98,49.96
180.00,326.00,26.98,49.96
182.00,325.00,26.98,49.96
185.00,326.00,26.98,49.96
189.00,327.00,26.98,49.96
195.00,326.00,26.98,49.96
199.00,326.00,26.98,49.96
200.00,326.00,26.98,49.96
201.00,326.00,26.98,49.96
202.00,327.00,26.98,49.96
203.00,325.00,26.98,49.96
206.00,321.00,26.98,49.96
206.00,318.00,26.98,49.96
206.00,316.00,26.98,49.96
206.00,318.00,26.98,49.96
206.00,323.00,26.98,49.96
207.00,327.00,26.98,49.96
211.00,327.00,26.98,49.96
212.00,328.00,26.98,49.96
214.00,327.00,26.98,49.96
217.00,326.00,26.98,49.96
219.00,324.00,26.98,49.96
221.00,321.00,26.98,49.96
222.00,320.00,26.98,49.96
222.00,318.00,26.98,49.96
221.00,317.00,26.98,49.96
220.00,316.00,26.98,49.96
218.00,315.00,26.98,49.96
215.00,317.00,26.98,49.96
214.00,320.00,26.98,49.96
215.00,325.00,26.98,49.96
217.00,329.00,26.98,49.96
219.00,332.00,26.98,49.96
219.00,334.00,26.98,49.96
220.00,334.00,26.98,49.96
222.00,333.00,26.98,49.96
221.00,332.00,26.98,49.96
222.00,330.00,26.98,49.96
223.00,327.00,26.98,49.96
226.00,323.00,26.98,49.96
228.00,318.00,26.98,49.96
226.00,316.00,26.98,49.96
223.00,319.00,26.98,49.96
220.00,322.00,26.98,49.96
221.00,323.00,26.98,49.96
221.00,324.00,26.98,49.96
218.00,325.00,26.98,49.96
219.00,321.00,26.98,49.96
218.00,317.00,26.98,49.96
215.00,315.00,26.98,49.96
211.00,316.00,26.98,49.96
208.00,318.00,26.98,49.96
208.00,319.00,26.98,49.96
207.00,319.00,26.98,49.96
206.00,317.00,26.98,49.96
205.00,317.00,26.98,49.96
202.00,320.00,26.98,49.96
201.00,321.00,26.98,49.96
205.00,317.00,26.98,49.96
206.00,314.00,26.98,49.96
204.00,313.00,26.98,49.96
204.00,310.00,26.98,49.96
206.00,307.00,26.98,49.96
206.00,308.00,26.98,49.96
205.00,311.00,26.98,49.96
207.00,312.00,26.98,49.96
208.00,309.00,26.98,49.96
206.00,306.00,26.98,49.96
204.00,303.00,26.98,49.96
203.00,301.00,26.98,49.96
200.00,304.00,26.98,49.96
200.00,306.00,26.98,49.96
201.00,308.00,26.98,49.96
202.00,306.00,26.98,49.96
201.00,305.00,26.98,49.96
199.00,306.00,26.98,49.96
199.00,308.00,26.98,49.96
198.00,309.00,26.98,49.96
197.00,311.00,26.98,49.96
195.00,310.00,26.98,49.96
195.00,307.00,26.98,49.96
192.00,303.00,26.98,49.96
