0.00002910
0.00107890
0.00229620
0.00093920
0.00118370
0.00093760
0.00097230
0.00139990
0.00136550
0.00092630
0.00099820
0.00132340
0.00096610
0.00000000
0.00000000
0.00000000
0.00000000
0.00010780
0.00092850
0.00104330
0.00147400
0.00114700
0.00110790
0.00134520
0.00123440
0.00091130
0.00000000
0.00000000
0.00000000
0.00000000
0.00014170
0.00125800
0.00108120
0.00106640
0.00108680
0.00106070
0.00106850
0.00000000
0.00000000
0.00000000
0.00000000
0.00010860
0.00121050
0.00140580
0.00000000
0.00000000
0.00000000
0.00000000
0.00011480
0.00134810
0.00172830
0.00000000
0.00000000
0.00000000
0.00000000
0.00014990
0.00150270
0.00139140
0.00156890
0.00139900
0.00139110
0.00152090
0.00138460
0.00140650
0.00131920
0.00215090
0.00128900
0.00133800
0.00162560
0.00163350
0.00140140
0.00133480
0.00172650
0.00140930
0.00133240
0.00137480
0.00154120
0.00148460
0.00125110
0.00122990
0.00120400
0.00119690
0.00125170
0.00117930
0.00145490
0.00143800
0.00183280
0.00138000
0.00147720
0.00138130
0.00151450
0.00182240
0.00179630
0.00139150
0.00000000
0.00000000
0.00000000
0.00000000
0.00019640
0.00158860
0.00175390
0.00133650
0.00168080
0.00162690
0.00106370
0.00208890
0.00200890
0.00110980
0.00169010
0.00185560
0.00190320
0.00174710
0.00198850
0.00120950
0.00195080
0.00000000
0.00000000
0.00000000
0.00000000
0.00013810
0.00294290
0.00203800
0.00174300
0.00162870
0.00162690
0.00157240
0.00000000
0.00000000
0.00000000
0.00000000
0.00011580
0.00220170
0.00206600
0.00220270
0.00235810
0.00297070
0.00211580
0.00184770
0.00209610
0.00177550
0.00205150
0.00211740
0.00205740
0.00175640
0.00243280
0.00000000
0.00000000
0.00000000
0.00000000
0.00024970
0.00213220
0.00336200
0.00208280
0.00223380
0.00223650
0.00246570
0.00241540
0.00279570
0.00212510
0.00243740
0.00181950
0.00205500
0.00191760
0.00256080
0.00184270
0.00000000
0.00000000
0.00000000
0.00000000
0.00009420
0.00261810
0.00437520
0.00295490
0.00214820
0.00238540
0.00218470
0.00205780
0.00248520
0.00000000
0.00000000
0.00000000
0.00000000
0.00011950
0.00212720
0.00228540
0.00361670
0.00245060
0.00000000
0.00000000
0.00000000
0.00000000
0.00011810
0.00201400
0.00223090
0.00221360
0.00198040
0.00206560
0.00186870
0.00197350
0.00000000
0.00000000
0.00000000
0.00000000
0.00013410
0.00251850
0.00239510
0.00331930
0.00167200
0.00216380
0.00153570
0.00232740
0.00000000
0.00000000
0.00000000
0.00000000
0.00011690
0.00150660
0.00140570
0.00131860
0.00131220
0.00152880
0.00164330
0.00000000
0.00000000
0.00000000
0.00000000
0.00010230
0.00133050
0.00144930
0.00000000
0.00000000
0.00000000
0.00000000
0.00048690
0.00159050
0.00124490
0.00149120
0.00125740
0.00000000
0.00000000
0.00000000
0.00000000
0.00011830
0.00133920
0.00158910
0.00192560
0.00116040
0.00199770
0.00195710
0.00155980
0.00165810
0.00230130
0.00000000
0.00000000
0.00000000
0.00000000
0.00009260
0.00173600
0.00127940
0.00192380
0.00231360
0.00139060
0.00168940
0.00130710
0.00170090
0.00161670
0.00140330
0.00134830
0.00129920
0.00142110
0.00138210
0.00153850
0.00146600
0.00000000
0.00000000
0.00000000
0.00000000
0.00011000
0.00160840
0.00120960
0.00134320
0.00155300
0.00000000
0.00000000
0.00000000
0.00000000
0.00014930
0.00132410
0.00122230
0.00119370
0.00111910
0.00143110
0.00157770
0.00108380
0.00129900
0.00094560
0.00206840
0.00099820
0.00137700
0.00096760
0.00136660
0.00104100
0.00130130
0.00154930
0.00139110
0.00094350
0.00176880
0.00121880
0.00144120
0.00311580
0.00146060
0.00100530
0.00154940
0.00114950
0.00131150
0.00095090
0.00125330
0.00094740
0.00135900
0.00095320
0.00175150
0.00113730
0.00133840
0.00101250
0.00186110
0.00101660
0.00136680
0.00101780
0.00140820
0.00180750
0.00150030
0.00233090
0.00149500
0.00113100
0.00164060
0.00101950
0.00130580
0.00094310
0.00125930
0.00095210
0.00135220
0.00105040
0.00128950
0.00146240
0.00128950
0.00105670
0.00131390
0.00104870
0.00133410
0.00154090
