1
323.00,162.00,48.42,68.56
321.00,161.00,48.42,68.56
318.00,160.00,48.42,68.56
314.00,160.00,48.42,68.56
304.00,160.00,48.42,68.56
299.00,159.00,48.42,68.56
296.00,159.00,48.42,68.56
290.00,159.00,48.42,68.56
282.00,158.00,48.42,68.56
277.00,157.00,48.42,68.56
274.00,157.00,48.42,68.56
2
0
0
0
0
1
311.00,158.00,47.28,69.40
306.00,156.00,47.28,69.40
301.00,154.00,47.28,69.40
295.00,152.00,47.28,69.40
288.00,149.00,47.28,69.40
282.00,147.00,47.28,69.40
276.00,145.00,47.28,69.40
2
0
0
0
0
1
320.00,155.00,46.34,70.04
317.00,155.00,46.34,70.04
322.00,153.00,46.34,70.04
319.00,152.00,46.34,70.04
337.00,139.00,46.34,70.04
2
0
0
0
0
1
323.00,149.00,45.51,70.56
2
0
0
0
0
1
321.00,148.00,43.90,71.88
2
0
0
0
0
1
329.00,151.00,41.93,73.29
329.00,151.00,41.93,73.29
329.00,151.00,41.93,73.29
329.00,151.00,41.93,73.29
329.00,151.00,41.93,73.29
329.00,151.00,41.93,73.29
324.00,150.00,41.93,73.29
323.00,150.00,41.93,73.29
322.00,150.00,41.93,73.29
321.00,150.00,41.93,73.29
319.00,150.00,41.93,73.29
315.00,149.00,41.93,73.29
315.00,150.00,41.93,73.29
313.00,150.00,41.93,73.29
315.00,151.00,41.93,73.29
317.00,152.00,41.93,73.29
317.00,152.00,41.93,73.29
314.00,151.00,41.93,73.29
315.00,151.00,41.93,73.29
315.00,151.00,41.93,73.29
315.00,151.00,41.93,73.29
315.00,151.00,41.93,73.29
314.00,151.00,41.93,73.29
313.00,151.00,41.93,73.29
313.00,151.00,41.93,73.29
315.00,152.00,41.93,73.29
311.00,151.00,41.93,73.29
313.00,152.00,41.93,73.29
313.00,152.00,41.93,73.29
313.00,152.00,41.93,73.29
316.00,153.00,41.93,73.29
316.00,153.00,41.93,73.29
315.00,153.00,41.93,73.29
315.00,153.00,41.93,73.29
316.00,153.00,41.93,73.29
319.00,154.00,41.93,73.29
289.00,128.00,41.93,73.29
2
0
0
0
0
1
331.00,148.00,33.96,78.30
331.00,148.00,33.96,78.30
332.00,148.00,33.96,78.30
333.00,148.00,33.96,78.30
326.00,146.00,33.96,78.30
331.00,147.00,33.96,78.30
334.00,148.00,33.96,78.30
335.00,148.00,33.96,78.30
335.00,148.00,33.96,78.30
338.00,149.00,33.96,78.30
339.00,150.00,33.96,78.30
340.00,150.00,33.96,78.30
342.00,151.00,33.96,78.30
318.00,126.00,33.96,78.30
318.00,126.00,33.96,78.30
2
0
0
0
0
1
357.00,153.00,34.29,82.79
358.00,153.00,34.29,82.79
358.00,153.00,34.29,82.79
356.00,153.00,34.29,82.79
355.00,153.00,34.29,82.79
2
0
0
0
0
1
374.00,159.00,34.40,85.12
374.00,159.00,34.40,85.12
377.00,160.00,34.40,85.12
381.00,161.00,34.40,85.12
380.00,161.00,34.40,85.12
384.00,162.00,34.40,85.12
383.00,162.00,34.40,85.12
386.00,163.00,34.40,85.12
388.00,164.00,34.40,85.12
389.00,164.00,34.40,85.12
391.00,165.00,34.40,85.12
392.00,166.00,34.40,85.12
394.00,167.00,34.40,85.12
2
0
0
0
0
1
403.00,160.00,34.27,88.07
404.00,160.00,34.27,88.07
404.00,159.00,34.27,88.07
404.00,158.00,34.27,88.07
404.00,158.00,34.27,88.07
404.00,158.00,34.27,88.07
404.00,157.00,34.27,88.07
403.00,157.00,34.27,88.07
408.00,158.00,34.27,88.07
407.00,158.00,34.27,88.07
406.00,158.00,34.27,88.07
406.00,158.00,34.27,88.07
407.00,159.00,34.27,88.07
409.00,160.00,34.27,88.07
2
0
0
0
0
1
443.00,160.00,33.36,88.06
445.00,159.00,33.36,88.06
449.00,158.00,33.36,88.06
453.00,158.00,33.36,88.06
455.00,157.00,33.36,88.06
457.00,156.00,33.36,88.06
458.00,154.00,33.36,88.06
2
0
0
0
0
1
465.00,158.00,32.29,86.95
466.00,159.00,32.29,86.95
466.00,160.00,32.29,86.95
2
0
0
0
0
1
460.00,161.00,30.87,84.51
461.00,162.00,30.87,84.51
456.00,161.00,30.87,84.51
454.00,161.00,30.87,84.51
454.00,161.00,30.87,84.51
454.00,161.00,30.87,84.51
2
0
0
0
0
1
452.00,158.00,29.02,81.27
451.00,156.00,29.02,81.27
452.00,155.00,29.02,81.27
451.00,153.00,29.02,81.27
450.00,151.00,29.02,81.27
448.00,150.00,29.02,81.27
2
0
0
0
0
1
450.00,154.00,27.21,78.04
451.00,154.00,27.21,78.04
451.00,154.00,27.21,78.04
451.00,154.00,27.21,78.04
452.00,154.00,27.21,78.04
2
0
0
0
0
1
452.00,148.00,27.78,76.49
2
0
0
0
0
1
463.00,141.00,29.25,76.18
467.00,140.00,29.25,76.18
473.00,139.00,29.25,76.18
2
0
0
0
0
1
522.00,126.00,31.09,75.72
527.00,124.00,31.09,75.72
530.00,123.00,31.09,75.72
534.00,125.00,31.09,75.72
535.00,119.00,31.09,75.72
537.00,121.00,31.09,75.72
536.00,121.00,31.09,75.72
536.00,121.00,31.09,75.72
2
0
0
0
0
1
521.00,117.00,32.82,74.61
519.00,116.00,32.82,74.61
516.00,116.00,32.82,74.61
513.00,116.00,32.82,74.61
511.00,115.00,32.82,74.61
508.00,112.00,32.82,74.61
503.00,104.00,32.82,74.61
501.00,103.00,32.82,74.61
503.00,111.00,32.82,74.61
497.00,93.00,32.82,74.61
499.00,110.00,32.82,74.61
497.00,109.00,32.82,74.61
497.00,108.00,32.82,74.61
493.00,103.00,32.82,74.61
490.00,100.00,32.82,74.61
2
0
0
0
0
1
484.00,91.00,34.16,72.56
486.00,93.00,34.16,72.56
488.00,93.00,34.16,72.56
2
0
0
0
0
1
486.00,87.00,34.68,71.64
487.00,83.00,34.68,71.64
488.00,83.00,34.68,71.64
488.00,82.00,34.68,71.64
489.00,82.00,34.68,71.64
489.00,83.00,34.68,71.64
488.00,84.00,34.68,71.64
488.00,84.00,34.68,71.64
487.00,84.00,34.68,71.64
484.00,84.00,34.68,71.64
483.00,85.00,34.68,71.64
481.00,86.00,34.68,71.64
478.00,87.00,34.68,71.64
475.00,86.00,34.68,71.64
470.00,84.00,34.68,71.64
466.00,84.00,34.68,71.64
461.00,85.00,34.68,71.64
457.00,87.00,34.68,71.64
453.00,89.00,34.68,71.64
450.00,91.00,34.68,71.64
446.00,91.00,34.68,71.64
440.00,92.00,34.68,71.64
438.00,92.00,34.68,71.64
436.00,93.00,34.68,71.64
432.00,94.00,34.68,71.64
431.00,95.00,34.68,71.64
431.00,94.00,34.68,71.64
429.00,94.00,34.68,71.64
426.00,94.00,34.68,71.64
426.00,94.00,34.68,71.64
426.00,93.00,34.68,71.64
426.00,94.00,34.68,71.64
426.00,96.00,34.68,71.64
428.00,96.00,34.68,71.64
428.00,94.00,34.68,71.64
425.00,96.00,34.68,71.64
423.00,97.00,34.68,71.64
425.00,97.00,34.68,71.64
423.00,94.00,34.68,71.64
422.00,92.00,34.68,71.64
421.00,92.00,34.68,71.64
419.00,92.00,34.68,71.64
416.00,92.00,34.68,71.64
416.00,94.00,34.68,71.64
412.00,92.00,34.68,71.64
410.00,93.00,34.68,71.64
409.00,90.00,34.68,71.64
406.00,93.00,34.68,71.64
405.00,93.00,34.68,71.64
404.00,92.00,34.68,71.64
402.00,90.00,34.68,71.64
398.00,90.00,34.68,71.64
396.00,90.00,34.68,71.64
394.00,92.00,34.68,71.64
392.00,92.00,34.68,71.64
390.00,90.00,34.68,71.64
384.00,92.00,34.68,71.64
382.00,90.00,34.68,71.64
377.00,90.00,34.68,71.64
374.00,90.00,34.68,71.64
370.00,88.00,34.68,71.64
370.00,88.00,34.68,71.64
370.00,88.00,34.68,71.64
