0.00079490 0
0.00086820 1
0.00139130 1
0.00095130 1
0.00172520 1
0.00097790 1
0.00084290 1
0.00089720 1
0.00153310 1
0.00187550 1
0.00086280 1
0.00083740 1
0.00090330 1
0.00085120 1
0.00176150 1
0.00094770 1
0.00093320 1
0.00091550 1
0.00095080 1
0.00195870 1
0.00085750 1
0.00082690 1
0.00082660 1
0.00088750 1
0.00083670 1
0.00081390 1
0.00083690 1
0.00079220 1
-
-
-
-
0.00285140 0
0.00319650 1
0.00374380 1
0.00359030 1
0.00355110 1
0.00375250 1
0.00367140 1
0.00337010 1
0.00278260 1
0.00270460 1
0.00279070 1
0.00271210 1
0.00303030 1
0.00296970 1
0.00360040 1
0.00274400 1
0.00329580 1
0.00348400 1
0.00283910 1
0.00325860 1
0.00365900 1
0.00275590 1
0.00271130 1
-
-
-
-
0.00165640 0
0.00168070 1
0.00164680 1
0.00164910 1
0.00164020 1
0.00187800 1
0.00171250 1
0.00164840 1
0.00167740 1
0.00174840 1
0.00200010 1
0.00208060 1
0.00167620 1
0.00164920 1
0.00169300 1
0.00220000 1
0.00174560 1
0.00167260 1
0.00171000 1
0.00174380 1
0.00305630 1
0.00173040 1
0.00167000 1
0.00180840 1
0.00166530 1
0.00187490 1
0.00172190 1
0.00164920 1
0.00168290 1
0.00165960 1
0.00192850 1
0.00165810 1
0.00164620 1
0.00164820 1
0.00190180 1
0.00230480 1
0.00214660 1
0.00169640 1
0.00208450 1
0.00171190 1
0.00173300 1
0.00182140 1
0.00174840 1
0.00169000 1
0.00180470 1
0.00166910 1
0.00168130 1
-
-
-
-
0.00346640 0
0.00493130 1
0.00506490 1
0.00492140 1
0.00488880 1
0.00434080 1
0.00420130 1
0.00455080 1
0.00492620 1
0.00450100 1
0.00495000 1
0.00468590 1
0.00529870 1
0.00529370 1
0.00505930 1
0.00475780 1
0.00472200 1
0.00514690 1
0.00536530 1
0.00553230 1
0.00513530 1
0.00565940 1
0.00491730 1
0.00498760 1
0.00473320 1
0.00512360 1
0.00528700 1
0.00515060 1
0.00536860 1
0.00491350 1
0.00499810 1
0.00559680 1
0.00545000 1
0.00528150 1
0.00511360 1
0.00492050 1
0.00528480 1
0.00527570 1
0.00538340 1
0.00492450 1
0.00520300 1
0.00509200 1
0.00457840 1
0.00470180 1
0.00447220 1
0.00455300 1
0.00491680 1
0.00457000 1
0.00438410 1
0.00431250 1
-
-
-
-
0.00334110 0
0.00491900 1
0.00483680 1
0.00480390 1
0.00643680 1
0.00608830 1
0.00523250 1
0.00496620 1
0.00585170 1
0.00529740 1
0.00663520 1
0.00514550 1
0.00516650 1
0.00516060 1
0.00541330 1
0.00528530 1
0.00514800 1
0.00512830 1
0.00466780 1
0.00469210 1
0.00469670 1
0.00632370 1
0.00522010 1
0.00498450 1
0.00530780 1
0.00483820 1
0.00493910 1
-
-
-
-
0.00391580 0
0.00365780 1
0.00320840 1
0.00401070 1
0.00406930 1
0.02354510 1
0.00362200 1
0.00419030 1
0.00381810 1
0.00394270 1
0.00350290 1
0.00585790 1
0.00737990 1
0.00417490 1
0.00411280 1
0.00483610 1
0.00406220 1
0.00376520 1
0.00361050 1
0.00441950 1
-
-
-
-
0.00241350 0
0.00250360 1
0.00247720 1
0.00234940 1
0.00247580 1
0.00259390 1
0.00276170 1
0.00243200 1
0.00220120 1
0.00220770 1
0.00216700 1
0.00251030 1
0.00281340 1
0.00310610 1
0.00477090 1
0.00410580 1
0.00274120 1
0.00290840 1
0.00262970 1
0.00243110 1
0.00225780 1
0.00309250 1
0.00286670 1
0.00353260 1
0.00402480 1
