1
225.00,92.00,44.00,46.00
225.00,92.00,44.00,46.00
226.00,92.00,44.00,46.00
225.00,92.00,44.00,46.00
225.00,92.00,44.00,46.00
223.00,92.00,44.00,46.00
222.00,92.00,44.00,46.00
221.00,92.00,44.00,46.00
220.00,92.00,44.00,46.00
219.00,92.00,44.00,46.00
217.00,92.00,44.00,46.00
215.00,92.00,44.00,46.00
212.00,92.00,44.00,46.00
209.00,92.00,44.00,46.00
205.00,92.00,44.00,46.00
202.00,92.00,44.00,46.00
199.00,92.00,44.00,46.00
195.00,92.00,44.00,46.00
192.00,93.00,44.00,46.00
192.00,93.00,44.00,46.00
192.00,93.00,44.00,46.00
193.00,93.00,44.00,46.00
192.00,93.00,44.00,46.00
192.00,93.00,44.00,46.00
192.00,93.00,44.00,46.00
192.00,93.00,44.00,46.00
2
0
0
0
0
1
58.52,93.68,73.49,77.57
58.52,93.68,73.49,77.57
58.52,93.68,73.49,77.57
58.52,93.68,73.49,77.57
58.52,93.68,73.49,77.57
58.52,93.68,73.49,77.57
58.52,93.68,73.49,77.57
58.52,93.68,73.49,77.57
58.52,93.68,73.49,77.57
58.52,93.68,73.49,77.57
58.52,93.68,73.49,77.57
58.52,93.68,73.49,77.57
58.52,93.68,73.49,77.57
58.52,93.68,73.49,77.57
58.52,93.68,73.49,77.57
58.52,93.68,73.49,77.57
58.52,93.68,73.49,77.57
58.52,93.68,73.49,77.57
58.52,93.68,73.49,77.57
58.52,93.68,73.49,77.57
58.52,93.68,73.49,77.57
2
0
0
0
0
1
176.60,64.67,52.12,68.18
177.60,59.67,52.12,68.18
183.60,54.67,52.12,68.18
190.60,51.67,52.12,68.18
198.60,50.67,52.12,68.18
206.60,50.67,52.12,68.18
213.60,51.67,52.12,68.18
220.60,52.67,52.12,68.18
226.60,54.67,52.12,68.18
230.60,55.67,52.12,68.18
233.60,55.67,52.12,68.18
235.60,57.67,52.12,68.18
235.60,58.67,52.12,68.18
232.60,59.67,52.12,68.18
228.60,61.67,52.12,68.18
228.60,64.67,52.12,68.18
228.60,68.67,52.12,68.18
228.60,71.67,52.12,68.18
228.60,74.67,52.12,68.18
231.60,77.67,52.12,68.18
231.60,81.67,52.12,68.18
232.60,85.67,52.12,68.18
234.60,89.67,52.12,68.18
235.60,93.67,52.12,68.18
238.60,95.67,52.12,68.18
240.60,99.67,52.12,68.18
241.60,106.67,52.12,68.18
245.60,115.67,52.12,68.18
249.60,122.67,52.12,68.18
252.60,128.67,52.12,68.18
251.60,134.67,52.12,68.18
249.60,140.67,52.12,68.18
246.60,142.67,52.12,68.18
242.60,140.67,52.12,68.18
238.60,136.67,52.12,68.18
235.60,136.67,52.12,68.18
231.60,134.67,52.12,68.18
227.60,129.67,52.12,68.18
224.60,127.67,52.12,68.18
225.60,130.67,52.12,68.18
223.60,130.67,52.12,68.18
220.60,129.67,52.12,68.18
220.60,130.67,52.12,68.18
220.60,130.67,52.12,68.18
220.60,130.67,52.12,68.18
2
0
0
0
0
1
119.04,102.30,58.42,74.90
119.04,102.30,58.42,74.90
119.04,102.30,58.42,74.90
120.04,101.30,58.42,74.90
118.04,88.30,58.42,74.90
118.04,102.30,58.42,74.90
118.04,102.30,58.42,74.90
119.04,101.30,58.42,74.90
119.04,101.30,58.42,74.90
119.04,101.30,58.42,74.90
119.04,101.30,58.42,74.90
120.04,101.30,58.42,74.90
121.04,101.30,58.42,74.90
122.04,101.30,58.42,74.90
123.04,101.30,58.42,74.90
124.04,100.30,58.42,74.90
125.04,100.30,58.42,74.90
127.04,100.30,58.42,74.90
131.04,99.30,58.42,74.90
135.04,98.30,58.42,74.90
138.04,98.30,58.42,74.90
141.04,98.30,58.42,74.90
143.04,98.30,58.42,74.90
145.04,98.30,58.42,74.90
147.04,98.30,58.42,74.90
149.04,98.30,58.42,74.90
150.04,98.30,58.42,74.90
151.04,98.30,58.42,74.90
151.04,98.30,58.42,74.90
151.04,98.30,58.42,74.90
151.04,98.30,58.42,74.90
151.04,98.30,58.42,74.90
151.04,98.30,58.42,74.90
151.04,98.30,58.42,74.90
151.04,98.30,58.42,74.90
151.04,98.30,58.42,74.90
151.04,98.30,58.42,74.90
151.04,98.30,58.42,74.90
151.04,98.30,58.42,74.90
151.04,98.30,58.42,74.90
150.04,98.30,58.42,74.90
150.04,98.30,58.42,74.90
151.04,98.30,58.42,74.90
151.04,98.30,58.42,74.90
151.04,98.30,58.42,74.90
151.04,98.30,58.42,74.90
151.04,98.30,58.42,74.90
151.04,98.30,58.42,74.90
2
0
0
0
0
1
69.75,155.45,58.07,55.25
69.75,155.45,58.07,55.25
69.75,155.45,58.07,55.25
69.75,155.45,58.07,55.25
69.75,155.45,58.07,55.25
69.75,155.45,58.07,55.25
69.75,155.45,58.07,55.25
69.75,155.45,58.07,55.25
69.75,155.45,58.07,55.25
69.75,155.45,58.07,55.25
69.75,155.45,58.07,55.25
69.75,155.45,58.07,55.25
69.75,155.45,58.07,55.25
73.75,149.45,58.07,55.25
76.75,144.45,58.07,55.25
77.75,142.45,58.07,55.25
79.75,139.45,58.07,55.25
113.75,149.45,58.07,55.25
113.75,148.45,58.07,55.25
113.75,148.45,58.07,55.25
113.75,148.45,58.07,55.25
113.75,148.45,58.07,55.25
113.75,148.45,58.07,55.25
113.75,148.45,58.07,55.25
113.75,148.45,58.07,55.25
2
0
0
0
0
1
74.44,67.02,75.89,82.10
74.44,69.02,75.89,82.10
74.44,70.02,75.89,82.10
74.44,70.02,75.89,82.10
74.44,70.02,75.89,82.10
74.44,70.02,75.89,82.10
74.44,70.02,75.89,82.10
74.44,70.02,75.89,82.10
74.44,70.02,75.89,82.10
74.44,70.02,75.89,82.10
74.44,70.02,75.89,82.10
74.44,70.02,75.89,82.10
74.44,70.02,75.89,82.10
74.44,70.02,75.89,82.10
74.44,70.02,75.89,82.10
74.44,70.02,75.89,82.10
74.44,70.02,75.89,82.10
74.44,70.02,75.89,82.10
2
0
0
0
0
1
193.00,104.00,49.00,59.00
193.00,106.00,49.00,59.00
199.00,105.00,49.00,59.00
203.00,104.00,49.00,59.00
206.00,104.00,49.00,59.00
208.00,104.00,49.00,59.00
209.00,104.00,49.00,59.00
211.00,105.00,49.00,59.00
214.00,107.00,49.00,59.00
214.00,109.00,49.00,59.00
213.00,115.00,49.00,59.00
212.00,116.00,49.00,59.00
212.00,117.00,49.00,59.00
212.00,118.00,49.00,59.00
213.00,118.00,49.00,59.00
214.00,119.00,49.00,59.00
214.00,124.00,49.00,59.00
214.00,125.00,49.00,59.00
214.00,129.00,49.00,59.00
214.00,130.00,49.00,59.00
213.00,137.00,49.00,59.00
214.00,143.00,49.00,59.00
216.00,147.00,49.00,59.00
218.00,149.00,49.00,59.00
