0.00079490
0.00086820
0.00139130
0.00095130
0.00172520
0.00097790
0.00084290
0.00089720
0.00153310
0.00187550
0.00086280
0.00083740
0.00090330
0.00085120
0.00176150
0.00094770
0.00093320
0.00091550
0.00095080
0.00195870
0.00085750
0.00082690
0.00082660
0.00088750
0.00083670
0.00081390
0.00083690
0.00079220
0.00000000
0.00000000
0.00000000
0.00000000
0.00285140
0.00319650
0.00374380
0.00359030
0.00355110
0.00375250
0.00367140
0.00337010
0.00278260
0.00270460
0.00279070
0.00271210
0.00303030
0.00296970
0.00360040
0.00274400
0.00329580
0.00348400
0.00283910
0.00325860
0.00365900
0.00275590
0.00271130
0.00000000
0.00000000
0.00000000
0.00000000
0.00165640
0.00168070
0.00164680
0.00164910
0.00164020
0.00187800
0.00171250
0.00164840
0.00167740
0.00174840
0.00200010
0.00208060
0.00167620
0.00164920
0.00169300
0.00220000
0.00174560
0.00167260
0.00171000
0.00174380
0.00305630
0.00173040
0.00167000
0.00180840
0.00166530
0.00187490
0.00172190
0.00164920
0.00168290
0.00165960
0.00192850
0.00165810
0.00164620
0.00164820
0.00190180
0.00230480
0.00214660
0.00169640
0.00208450
0.00171190
0.00173300
0.00182140
0.00174840
0.00169000
0.00180470
0.00166910
0.00168130
0.00000000
0.00000000
0.00000000
0.00000000
0.00346640
0.00493130
0.00506490
0.00492140
0.00488880
0.00434080
0.00420130
0.00455080
0.00492620
0.00450100
0.00495000
0.00468590
0.00529870
0.00529370
0.00505930
0.00475780
0.00472200
0.00514690
0.00536530
0.00553230
0.00513530
0.00565940
0.00491730
0.00498760
0.00473320
0.00512360
0.00528700
0.00515060
0.00536860
0.00491350
0.00499810
0.00559680
0.00545000
0.00528150
0.00511360
0.00492050
0.00528480
0.00527570
0.00538340
0.00492450
0.00520300
0.00509200
0.00457840
0.00470180
0.00447220
0.00455300
0.00491680
0.00457000
0.00438410
0.00431250
0.00000000
0.00000000
0.00000000
0.00000000
0.00334110
0.00491900
0.00483680
0.00480390
0.00643680
0.00608830
0.00523250
0.00496620
0.00585170
0.00529740
0.00663520
0.00514550
0.00516650
0.00516060
0.00541330
0.00528530
0.00514800
0.00512830
0.00466780
0.00469210
0.00469670
0.00632370
0.00522010
0.00498450
0.00530780
0.00483820
0.00493910
0.00000000
0.00000000
0.00000000
0.00000000
0.00391580
0.00365780
0.00320840
0.00401070
0.00406930
0.02354510
0.00362200
0.00419030
0.00381810
0.00394270
0.00350290
0.00585790
0.00737990
0.00417490
0.00411280
0.00483610
0.00406220
0.00376520
0.00361050
0.00441950
0.00000000
0.00000000
0.00000000
0.00000000
0.00241350
0.00250360
0.00247720
0.00234940
0.00247580
0.00259390
0.00276170
0.00243200
0.00220120
0.00220770
0.00216700
0.00251030
0.00281340
0.00310610
0.00477090
0.00410580
0.00274120
0.00290840
0.00262970
0.00243110
0.00225780
0.00309250
0.00286670
0.00353260
0.00402480
