0.01052390
0.00351270
0.00338800
0.00297040
0.00262560
0.00748730
0.00312220
0.00284400
0.00276130
0.00478060
0.00324950
0.00299920
0.00407090
0.00428280
0.00327280
0.00329700
0.00333520
0.00286930
0.00289350
0.00321830
0.00283440
0.00317030
0.00338770
0.00296080
0.00271700
0.00276630
0.00277530
0.00283930
0.00332210
0.00342670
0.00268030
0.00280560
0.00267400
0.00271930
0.00270590
0.00308040
0.00278980
0.00271230
0.00288220
0.00280200
0.00276290
0.00303190
0.00339100
0.00298220
0.00270820
0.00275080
0.00280160
0.00264800
0.00294910
0.00337560
0.00274520
0.00274610
0.00261220
0.00270220
0.00299630
0.00289230
0.00362390
0.00271530
0.00274410
0.00262050
0.00260350
0.00277330
0.00359500
0.00355040
0.00392670
0.00349230
0.00371070
0.00353300
0.00330730
0.00460840
0.00373030
0.00490120
0.00378160
0.00332880
0.00343510
0.00315360
0.00363190
0.00355620
0.00309270
0.00310800
0.00327280
0.00307620
0.00306450
0.00306550
0.00312680
0.00300500
0.00311440
0.00331570
0.00289950
0.00333460
0.00339640
0.00325930
0.00429550
0.00495960
0.00491610
0.00487200
0.00441830
0.00387360
0.00377570
0.00337470
0.00345560
0.00356120
0.00387240
0.00492370
0.00363420
0.00361540
0.00359770
0.00406720
0.00607020
0.00454990
0.00367540
0.00363740
0.00360050
0.00342610
0.00317030
0.00429280
0.00445420
0.00405050
0.00371190
0.00361670
0.00311870
0.00392060
0.00775720
0.01057280
0.00460220
0.00777280
0.00449000
0.00354000
0.00380260
0.00444740
0.00684650
0.00556140
0.00364920
0.00494990
0.00387470
0.00600420
0.00858850
0.00449690
0.00524190
0.00421860
0.00339820
0.00351010
0.00402010
0.00414630
0.00338070
0.00360170
0.00402840
0.00442240
0.00364180
0.00359820
0.00577720
0.00442250
0.00308090
0.00305510
0.00309870
0.00324540
0.00344560
0.00457650
0.00361280
0.00367800
0.00440850
0.00355560
0.00326360
0.00329440
0.00340830
0.00350940
0.00335200
0.00339980
0.00325850
0.00348980
0.00463550
0.00337740
0.00316660
0.00359330
0.00347330
0.00356040
0.00353560
0.00401040
0.00372340
0.00358530
0.00308360
0.00414380
0.00370060
0.00354440
0.00325700
0.00331920
0.00321110
0.00325160
0.00333110
0.00388810
0.00974970
0.00370220
0.00327620
0.00372880
0.00347430
0.00355990
0.00402930
0.00438360
0.00652800
0.00398730
0.00333900
0.00599430
0.00318000
0.00322930
0.00376900
0.00313180
0.00292900
0.00299720
0.00285580
0.00286230
0.00284570
0.00296140
0.00280800
0.00281830
0.00270110
0.00334670
0.00459300
0.00433130
0.00329960
0.00293310
0.00337220
0.00439770
0.00290270
0.00307660
0.00434220
0.00285670
0.00277890
0.00270980
0.00290810
0.00273670
0.00300680
0.00376040
0.00277210
0.00279440
0.00270970
0.00292100
0.00273470
0.00272730
0.00277070
0.00276360
0.00268700
0.00269800
0.00266610
0.00307750
0.00328010
0.00280310
0.00271640
0.00282740
0.00279480
0.00271510
0.00296640
0.00377500
0.00274440
0.00278640
0.00269640
0.00408500
0.00277840
0.00276690
0.00284290
0.00271070
0.00274110
0.00275720
0.00303440
0.00270550
0.00266580
0.00278460
0.00281620
0.00273350
0.00281290
0.00271950
0.00303590
0.00359470
0.00272040
0.00272860
0.00290100
0.00284060
0.00275500
0.00295550
0.00340660
0.00285810
0.00332170
0.00360070
0.00332570
0.00283990
0.00292040
0.00280590
0.00281170
0.00279850
0.00295950
0.00287240
0.00304400
0.00369270
0.00293600
0.00280110
0.00265620
0.00267950
0.00287150
0.00287510
0.00319400
0.00275180
0.00265510
0.00277590
0.00262150
0.00263250
0.00293010
0.00338260
0.00288450
0.00275910
0.00261450
0.00269810
0.00262620
0.00295190
0.00263860
0.00262030
0.00265680
0.00272650
0.00276840
0.00296080
0.00332950
0.00293660
0.00261800
0.00276730
0.00265940
0.00285020
0.00294800
0.00350030
0.00271750
0.00270080
0.00273810
0.00268480
0.00260880
0.00303560
0.00331000
0.00295710
0.00286680
0.00283760
0.00280540
0.00281580
0.00323040
0.00277840
0.00275790
0.00266180
0.00277120
0.00284760
0.00290680
0.00371410
0.00310170
0.00282650
0.00272000
0.00321930
0.00282960
0.00296020
0.00353130
0.00315610
0.00281240
0.00271210
0.00269020
0.00293460
0.00270780
0.00280900
0.00270290
0.00281630
0.00284660
0.00271640
0.00296020
0.00367040
0.00270620
0.00279360
0.00289870
0.00278450
0.00266640
0.00289690
0.00341980
0.00289240
0.00292350
0.00277410
0.00269440
0.00263320
0.00288640
0.00379440
0.00263140
0.00272580
0.00261260
0.00280550
0.00273480
0.00262290
0.00260280
0.00337230
0.00268690
0.00273830
0.00260980
0.00313120
0.00325410
0.00285230
0.00273320
0.00275050
0.00272900
0.00262910
0.00291110
0.00373200
0.00263040
0.00273810
0.00261210
0.00291710
0.00268560
0.00295770
0.00351820
0.00284100
0.00281360
0.00268160
0.00266400
0.00270950
0.00284420
0.00315530
0.00299330
0.00292080
0.00291920
0.00287590
0.00297950
0.00344080
0.00274570
0.00277420
0.00266330
0.00271550
0.00266350
0.00351970
0.00356040
0.00363200
0.00299660
0.00337490
0.00283350
0.00281810
0.00279870
0.00276290
0.00276860
0.00271270
0.00270870
0.00272040
0.00273610
0.00286100
0.00270750
0.00271790
0.00269480
0.00279660
0.00278930
0.00294480
0.00332360
0.00308430
0.00276600
0.00280280
0.00276510
0.00281100
0.00293700
0.00350690
0.00281000
0.00273360
0.00277170
0.00270730
0.00280740
0.00272120
0.00269450
0.00277960
0.00278010
0.00275180
0.00271030
0.00294270
0.00396400
0.00289150
0.00286290
0.00289180
0.00274770
0.00271790
0.00312180
0.00407530
0.00269770
0.00279800
0.00269760
0.00313700
0.00281660
0.00295500
0.00342570
0.00283690
0.00272370
0.00271460
0.00274260
0.00271090
0.00260640
0.00273170
0.00277440
0.00263220
0.00265320
0.00263710
0.00319090
0.00380840
0.00274300
0.00288040
0.00282030
0.00276000
0.00274850
0.00409830
0.00347900
0.00308300
0.00290510
0.00289230
0.00270660
0.00272090
0.00284420
0.00271610
0.00280870
0.00271580
0.00291850
0.00294320
0.00267670
0.00282580
0.00280980
0.00268970
0.00284330
0.00269040
0.00307420
0.00295420
0.00329360
0.00284540
0.00262140
0.00273360
0.00265810
0.00262200
0.00293470
0.00345790
0.00276890
0.00281580
0.00272230
0.00269470
0.00260000
0.00283570
0.00270990
0.00263500
0.00264410
0.00273090
0.00269330
0.00266060
0.00286580
0.00361860
0.00265520
0.00273730
0.00264920
0.00286380
0.00281930
0.00293100
0.00349280
0.00300600
0.00262650
0.00269860
0.00260490
0.00275900
0.00265650
0.00266420
0.00275950
0.00274960
0.00264420
0.00270010
0.00260720
0.00273080
0.00291500
0.00346240
0.00270660
0.00277610
0.00280840
0.00266340
0.00259840
