0.01052390 0
0.00351270 1
0.00338800 1
0.00297040 1
0.00262560 1
0.00748730 1
0.00312220 1
0.00284400 1
0.00276130 1
0.00478060 1
0.00324950 1
0.00299920 1
0.00407090 1
0.00428280 1
0.00327280 1
0.00329700 1
0.00333520 1
0.00286930 1
0.00289350 1
0.00321830 1
0.00283440 1
0.00317030 1
0.00338770 1
0.00296080 1
0.00271700 1
0.00276630 1
0.00277530 1
0.00283930 1
0.00332210 1
0.00342670 1
0.00268030 1
0.00280560 1
0.00267400 1
0.00271930 1
0.00270590 1
0.00308040 1
0.00278980 1
0.00271230 1
0.00288220 1
0.00280200 1
0.00276290 1
0.00303190 1
0.00339100 1
0.00298220 1
0.00270820 1
0.00275080 1
0.00280160 1
0.00264800 1
0.00294910 1
0.00337560 1
0.00274520 1
0.00274610 1
0.00261220 1
0.00270220 1
0.00299630 1
0.00289230 1
0.00362390 1
0.00271530 1
0.00274410 1
0.00262050 1
0.00260350 1
0.00277330 1
0.00359500 1
0.00355040 1
0.00392670 1
0.00349230 1
0.00371070 1
0.00353300 1
0.00330730 1
0.00460840 1
0.00373030 1
0.00490120 1
0.00378160 1
0.00332880 1
0.00343510 1
0.00315360 1
0.00363190 1
0.00355620 1
0.00309270 1
0.00310800 1
0.00327280 1
0.00307620 1
0.00306450 1
0.00306550 1
0.00312680 1
0.00300500 1
0.00311440 1
0.00331570 1
0.00289950 1
0.00333460 1
0.00339640 1
0.00325930 1
0.00429550 1
0.00495960 1
0.00491610 1
0.00487200 1
0.00441830 1
0.00387360 1
0.00377570 1
0.00337470 1
0.00345560 1
0.00356120 1
0.00387240 1
0.00492370 1
0.00363420 1
0.00361540 1
0.00359770 1
0.00406720 1
0.00607020 1
0.00454990 1
0.00367540 1
0.00363740 1
0.00360050 1
0.00342610 1
0.00317030 1
0.00429280 1
0.00445420 1
0.00405050 1
0.00371190 1
0.00361670 1
0.00311870 1
0.00392060 1
0.00775720 1
0.01057280 1
0.00460220 1
0.00777280 1
0.00449000 1
0.00354000 1
0.00380260 1
0.00444740 1
0.00684650 1
0.00556140 1
0.00364920 1
0.00494990 1
0.00387470 1
0.00600420 1
0.00858850 1
0.00449690 1
0.00524190 1
0.00421860 1
0.00339820 1
0.00351010 1
0.00402010 1
0.00414630 1
0.00338070 1
0.00360170 1
0.00402840 1
0.00442240 1
0.00364180 1
0.00359820 1
0.00577720 1
0.00442250 1
0.00308090 1
0.00305510 1
0.00309870 1
0.00324540 1
0.00344560 1
0.00457650 1
0.00361280 1
0.00367800 1
0.00440850 1
0.00355560 1
0.00326360 1
0.00329440 1
0.00340830 1
0.00350940 1
0.00335200 1
0.00339980 1
0.00325850 1
0.00348980 1
0.00463550 1
0.00337740 1
0.00316660 1
0.00359330 1
0.00347330 1
0.00356040 1
0.00353560 1
0.00401040 1
0.00372340 1
0.00358530 1
0.00308360 1
0.00414380 1
0.00370060 1
0.00354440 1
0.00325700 1
0.00331920 1
0.00321110 1
0.00325160 1
0.00333110 1
0.00388810 1
0.00974970 1
0.00370220 1
0.00327620 1
0.00372880 1
0.00347430 1
0.00355990 1
0.00402930 1
0.00438360 1
0.00652800 1
0.00398730 1
0.00333900 1
0.00599430 1
0.00318000 1
0.00322930 1
0.00376900 1
0.00313180 1
0.00292900 1
0.00299720 1
0.00285580 1
0.00286230 1
0.00284570 1
0.00296140 1
0.00280800 1
0.00281830 1
0.00270110 1
0.00334670 1
0.00459300 1
0.00433130 1
0.00329960 1
0.00293310 1
0.00337220 1
0.00439770 1
0.00290270 1
0.00307660 1
0.00434220 1
0.00285670 1
0.00277890 1
0.00270980 1
0.00290810 1
0.00273670 1
0.00300680 1
0.00376040 1
0.00277210 1
0.00279440 1
0.00270970 1
0.00292100 1
0.00273470 1
0.00272730 1
0.00277070 1
0.00276360 1
0.00268700 1
0.00269800 1
0.00266610 1
0.00307750 1
0.00328010 1
0.00280310 1
0.00271640 1
0.00282740 1
0.00279480 1
0.00271510 1
0.00296640 1
0.00377500 1
0.00274440 1
0.00278640 1
0.00269640 1
0.00408500 1
0.00277840 1
0.00276690 1
0.00284290 1
0.00271070 1
0.00274110 1
0.00275720 1
0.00303440 1
0.00270550 1
0.00266580 1
0.00278460 1
0.00281620 1
0.00273350 1
0.00281290 1
0.00271950 1
0.00303590 1
0.00359470 1
0.00272040 1
0.00272860 1
0.00290100 1
0.00284060 1
0.00275500 1
0.00295550 1
0.00340660 1
0.00285810 1
0.00332170 1
0.00360070 1
0.00332570 1
0.00283990 1
0.00292040 1
0.00280590 1
0.00281170 1
0.00279850 1
0.00295950 1
0.00287240 1
0.00304400 1
0.00369270 1
0.00293600 1
0.00280110 1
0.00265620 1
0.00267950 1
0.00287150 1
0.00287510 1
0.00319400 1
0.00275180 1
0.00265510 1
0.00277590 1
0.00262150 1
0.00263250 1
0.00293010 1
0.00338260 1
0.00288450 1
0.00275910 1
0.00261450 1
0.00269810 1
0.00262620 1
0.00295190 1
0.00263860 1
0.00262030 1
0.00265680 1
0.00272650 1
0.00276840 1
0.00296080 1
0.00332950 1
0.00293660 1
0.00261800 1
0.00276730 1
0.00265940 1
0.00285020 1
0.00294800 1
0.00350030 1
0.00271750 1
0.00270080 1
0.00273810 1
0.00268480 1
0.00260880 1
0.00303560 1
0.00331000 1
0.00295710 1
0.00286680 1
0.00283760 1
0.00280540 1
0.00281580 1
0.00323040 1
0.00277840 1
0.00275790 1
0.00266180 1
0.00277120 1
0.00284760 1
0.00290680 1
0.00371410 1
0.00310170 1
0.00282650 1
0.00272000 1
0.00321930 1
0.00282960 1
0.00296020 1
0.00353130 1
0.00315610 1
0.00281240 1
0.00271210 1
0.00269020 1
0.00293460 1
0.00270780 1
0.00280900 1
0.00270290 1
0.00281630 1
0.00284660 1
0.00271640 1
0.00296020 1
0.00367040 1
0.00270620 1
0.00279360 1
0.00289870 1
0.00278450 1
0.00266640 1
0.00289690 1
0.00341980 1
0.00289240 1
0.00292350 1
0.00277410 1
0.00269440 1
0.00263320 1
0.00288640 1
0.00379440 1
0.00263140 1
0.00272580 1
0.00261260 1
0.00280550 1
0.00273480 1
0.00262290 1
0.00260280 1
0.00337230 1
0.00268690 1
0.00273830 1
0.00260980 1
0.00313120 1
0.00325410 1
0.00285230 1
0.00273320 1
0.00275050 1
0.00272900 1
0.00262910 1
0.00291110 1
0.00373200 1
0.00263040 1
0.00273810 1
0.00261210 1
0.00291710 1
0.00268560 1
0.00295770 1
0.00351820 1
0.00284100 1
0.00281360 1
0.00268160 1
0.00266400 1
0.00270950 1
0.00284420 1
0.00315530 1
0.00299330 1
0.00292080 1
0.00291920 1
0.00287590 1
0.00297950 1
0.00344080 1
0.00274570 1
0.00277420 1
0.00266330 1
0.00271550 1
0.00266350 1
0.00351970 1
0.00356040 1
0.00363200 1
0.00299660 1
0.00337490 1
0.00283350 1
0.00281810 1
0.00279870 1
0.00276290 1
0.00276860 1
0.00271270 1
0.00270870 1
0.00272040 1
0.00273610 1
0.00286100 1
0.00270750 1
0.00271790 1
0.00269480 1
0.00279660 1
0.00278930 1
0.00294480 1
0.00332360 1
0.00308430 1
0.00276600 1
0.00280280 1
0.00276510 1
0.00281100 1
0.00293700 1
0.00350690 1
0.00281000 1
0.00273360 1
0.00277170 1
0.00270730 1
0.00280740 1
0.00272120 1
0.00269450 1
0.00277960 1
0.00278010 1
0.00275180 1
0.00271030 1
0.00294270 1
0.00396400 1
0.00289150 1
0.00286290 1
0.00289180 1
0.00274770 1
0.00271790 1
0.00312180 1
0.00407530 1
0.00269770 1
0.00279800 1
0.00269760 1
0.00313700 1
0.00281660 1
0.00295500 1
0.00342570 1
0.00283690 1
0.00272370 1
0.00271460 1
0.00274260 1
0.00271090 1
0.00260640 1
0.00273170 1
0.00277440 1
0.00263220 1
0.00265320 1
0.00263710 1
0.00319090 1
0.00380840 1
0.00274300 1
0.00288040 1
0.00282030 1
0.00276000 1
0.00274850 1
0.00409830 1
0.00347900 1
0.00308300 1
0.00290510 1
0.00289230 1
0.00270660 1
0.00272090 1
0.00284420 1
0.00271610 1
0.00280870 1
0.00271580 1
0.00291850 1
0.00294320 1
0.00267670 1
0.00282580 1
0.00280980 1
0.00268970 1
0.00284330 1
0.00269040 1
0.00307420 1
0.00295420 1
0.00329360 1
0.00284540 1
0.00262140 1
0.00273360 1
0.00265810 1
0.00262200 1
0.00293470 1
0.00345790 1
0.00276890 1
0.00281580 1
0.00272230 1
0.00269470 1
0.00260000 1
0.00283570 1
0.00270990 1
0.00263500 1
0.00264410 1
0.00273090 1
0.00269330 1
0.00266060 1
0.00286580 1
0.00361860 1
0.00265520 1
0.00273730 1
0.00264920 1
0.00286380 1
0.00281930 1
0.00293100 1
0.00349280 1
0.00300600 1
0.00262650 1
0.00269860 1
0.00260490 1
0.00275900 1
0.00265650 1
0.00266420 1
0.00275950 1
0.00274960 1
0.00264420 1
0.00270010 1
0.00260720 1
0.00273080 1
0.00291500 1
0.00346240 1
0.00270660 1
0.00277610 1
0.00280840 1
0.00266340 1
0.00259840 1
