0.01472520
0.00390930
0.00658730
0.00400980
0.00339550
0.00400810
0.00371190
0.00403330
0.00345220
0.00362840
0.00341820
0.00339570
0.00359070
0.00333630
0.00386480
0.00358320
0.00366660
0.00457750
0.00349440
0.00338040
0.00359940
0.00357260
0.00333590
0.00332810
0.00366590
0.00335470
0.00344320
0.00365260
0.00342080
0.00322720
0.00378120
0.00352270
0.00379090
0.00329900
0.00349290
0.00332720
0.00341790
0.00353570
0.00373740
0.00325050
0.00362880
0.00326650
0.00332500
0.00337110
0.00337510
0.00326080
0.00323330
0.00326630
0.00322180
0.00322890
0.00330340
0.00333110
0.00323030
0.00337130
0.00322600
0.00331990
0.00322360
0.00347580
0.00322510
0.00356540
0.00407080
0.00350140
0.00328990
0.00365990
0.00516070
0.00345630
0.00370240
0.00383510
0.00354750
0.00361250
0.00367550
0.00390130
0.00380470
0.00354400
0.00349770
0.00369790
0.00380160
0.00000000
0.00000000
0.00000000
0.00000000
0.00646910
0.00218130
0.00193700
0.00220630
0.00245880
0.00201790
0.00237080
0.00251920
0.00257110
0.00225580
0.00267430
0.00242780
0.00243440
0.00240960
0.00205820
0.00196640
0.00229750
0.00237310
0.00244700
0.00205550
0.00201710
0.00195060
0.00192800
0.00191770
0.00220520
0.00261280
0.00198800
0.00202380
0.00192780
0.00245930
0.00219230
0.00214880
0.00262750
0.00202490
0.00197690
0.00225470
0.00190520
0.00210470
0.00232690
0.00248760
0.00200650
0.00200870
0.00192030
0.00191460
0.00194260
0.00220940
0.00292930
0.00198150
0.00190280
0.00212760
0.00208240
0.00196910
0.00198760
0.00193890
0.00197590
0.00205130
0.00198580
0.00195840
0.00195810
0.00202850
0.00197300
0.00198420
0.00195320
0.00212160
0.00193420
0.00191040
0.00197120
0.00191990
0.00200040
0.00212740
0.00191700
0.00191480
0.00214930
0.00215910
0.00237880
0.00202110
0.00200980
0.00230700
0.00203990
0.00196070
0.00205320
0.00235080
0.00206070
0.00208030
0.00205850
0.00239770
0.00224890
0.00207820
0.00212130
0.00212250
0.00225390
0.00207000
0.00223370
0.00196680
0.00321150
0.00196820
0.00207580
0.00208210
0.00201130
0.00195050
0.00201990
0.00196340
0.00246910
0.00199420
0.00204120
0.00202530
0.00192900
0.00198890
0.00192780
0.00198570
0.00206380
0.00226050
0.00196080
0.00199430
0.00240440
0.00222450
0.00197300
0.00206480
0.00224790
0.00228550
0.00230810
0.00239460
0.00283120
0.00233510
0.00236710
0.00263710
0.00231720
0.00246680
0.00243840
0.00317090
0.00244110
0.00628040
0.00238810
0.00360430
0.00215910
0.00728780
0.00252720
0.00217020
0.00230140
0.00238510
0.00207520
0.00224850
0.00229230
0.00271180
0.00202610
0.00200460
0.00190130
0.00195860
0.00195590
0.00187860
0.00191660
0.00194790
0.00188590
0.00191160
0.00195140
0.00181710
0.00186170
0.00193180
0.00180700
0.00184160
0.00192080
0.00184920
0.00187140
0.00213110
0.00214640
0.00192060
0.00198740
0.00185010
0.00184540
0.00194450
0.00181180
0.00196600
0.00194440
0.00181110
0.00187220
0.00186610
0.00198320
0.00180760
0.00183650
0.00181020
0.00184950
0.00186300
0.00181330
0.00180100
0.00184500
0.00201550
0.00188560
0.00182150
0.00181410
0.00205760
0.00188680
0.00181150
0.00180440
0.00185310
0.00209060
0.00192390
0.00187960
0.00188200
0.00187620
0.00205940
0.00183890
0.00180770
0.00180610
0.00180740
0.00193080
0.00181710
0.00181550
0.00180360
0.00184610
0.00207430
0.00182050
0.00184570
0.00195400
0.00180060
0.00187010
0.00192030
0.00180450
0.00183460
0.00208790
0.00186250
0.00186100
0.00191510
0.00181060
0.00190590
0.00218640
0.00211410
