0.01472520 0
0.00390930 1
0.00658730 1
0.00400980 1
0.00339550 1
0.00400810 1
0.00371190 1
0.00403330 1
0.00345220 1
0.00362840 1
0.00341820 1
0.00339570 1
0.00359070 1
0.00333630 1
0.00386480 1
0.00358320 1
0.00366660 1
0.00457750 1
0.00349440 1
0.00338040 1
0.00359940 1
0.00357260 1
0.00333590 1
0.00332810 1
0.00366590 1
0.00335470 1
0.00344320 1
0.00365260 1
0.00342080 1
0.00322720 1
0.00378120 1
0.00352270 1
0.00379090 1
0.00329900 1
0.00349290 1
0.00332720 1
0.00341790 1
0.00353570 1
0.00373740 1
0.00325050 1
0.00362880 1
0.00326650 1
0.00332500 1
0.00337110 1
0.00337510 1
0.00326080 1
0.00323330 1
0.00326630 1
0.00322180 1
0.00322890 1
0.00330340 1
0.00333110 1
0.00323030 1
0.00337130 1
0.00322600 1
0.00331990 1
0.00322360 1
0.00347580 1
0.00322510 1
0.00356540 1
0.00407080 1
0.00350140 1
0.00328990 1
0.00365990 1
0.00516070 1
0.00345630 1
0.00370240 1
0.00383510 1
0.00354750 1
0.00361250 1
0.00367550 1
0.00390130 1
0.00380470 1
0.00354400 1
0.00349770 1
0.00369790 1
0.00380160 1
-
-
-
-
0.00646910 0
0.00218130 1
0.00193700 1
0.00220630 1
0.00245880 1
0.00201790 1
0.00237080 1
0.00251920 1
0.00257110 1
0.00225580 1
0.00267430 1
0.00242780 1
0.00243440 1
0.00240960 1
0.00205820 1
0.00196640 1
0.00229750 1
0.00237310 1
0.00244700 1
0.00205550 1
0.00201710 1
0.00195060 1
0.00192800 1
0.00191770 1
0.00220520 1
0.00261280 1
0.00198800 1
0.00202380 1
0.00192780 1
0.00245930 1
0.00219230 1
0.00214880 1
0.00262750 1
0.00202490 1
0.00197690 1
0.00225470 1
0.00190520 1
0.00210470 1
0.00232690 1
0.00248760 1
0.00200650 1
0.00200870 1
0.00192030 1
0.00191460 1
0.00194260 1
0.00220940 1
0.00292930 1
0.00198150 1
0.00190280 1
0.00212760 1
0.00208240 1
0.00196910 1
0.00198760 1
0.00193890 1
0.00197590 1
0.00205130 1
0.00198580 1
0.00195840 1
0.00195810 1
0.00202850 1
0.00197300 1
0.00198420 1
0.00195320 1
0.00212160 1
0.00193420 1
0.00191040 1
0.00197120 1
0.00191990 1
0.00200040 1
0.00212740 1
0.00191700 1
0.00191480 1
0.00214930 1
0.00215910 1
0.00237880 1
0.00202110 1
0.00200980 1
0.00230700 1
0.00203990 1
0.00196070 1
0.00205320 1
0.00235080 1
0.00206070 1
0.00208030 1
0.00205850 1
0.00239770 1
0.00224890 1
0.00207820 1
0.00212130 1
0.00212250 1
0.00225390 1
0.00207000 1
0.00223370 1
0.00196680 1
0.00321150 1
0.00196820 1
0.00207580 1
0.00208210 1
0.00201130 1
0.00195050 1
0.00201990 1
0.00196340 1
0.00246910 1
0.00199420 1
0.00204120 1
0.00202530 1
0.00192900 1
0.00198890 1
0.00192780 1
0.00198570 1
0.00206380 1
0.00226050 1
0.00196080 1
0.00199430 1
0.00240440 1
0.00222450 1
0.00197300 1
0.00206480 1
0.00224790 1
0.00228550 1
0.00230810 1
0.00239460 1
0.00283120 1
0.00233510 1
0.00236710 1
0.00263710 1
0.00231720 1
0.00246680 1
0.00243840 1
0.00317090 1
0.00244110 1
0.00628040 1
0.00238810 1
0.00360430 1
0.00215910 1
0.00728780 1
0.00252720 1
0.00217020 1
0.00230140 1
0.00238510 1
0.00207520 1
0.00224850 1
0.00229230 1
0.00271180 1
0.00202610 1
0.00200460 1
0.00190130 1
0.00195860 1
0.00195590 1
0.00187860 1
0.00191660 1
0.00194790 1
0.00188590 1
0.00191160 1
0.00195140 1
0.00181710 1
0.00186170 1
0.00193180 1
0.00180700 1
0.00184160 1
0.00192080 1
0.00184920 1
0.00187140 1
0.00213110 1
0.00214640 1
0.00192060 1
0.00198740 1
0.00185010 1
0.00184540 1
0.00194450 1
0.00181180 1
0.00196600 1
0.00194440 1
0.00181110 1
0.00187220 1
0.00186610 1
0.00198320 1
0.00180760 1
0.00183650 1
0.00181020 1
0.00184950 1
0.00186300 1
0.00181330 1
0.00180100 1
0.00184500 1
0.00201550 1
0.00188560 1
0.00182150 1
0.00181410 1
0.00205760 1
0.00188680 1
0.00181150 1
0.00180440 1
0.00185310 1
0.00209060 1
0.00192390 1
0.00187960 1
0.00188200 1
0.00187620 1
0.00205940 1
0.00183890 1
0.00180770 1
0.00180610 1
0.00180740 1
0.00193080 1
0.00181710 1
0.00181550 1
0.00180360 1
0.00184610 1
0.00207430 1
0.00182050 1
0.00184570 1
0.00195400 1
0.00180060 1
0.00187010 1
0.00192030 1
0.00180450 1
0.00183460 1
0.00208790 1
0.00186250 1
0.00186100 1
0.00191510 1
0.00181060 1
0.00190590 1
0.00218640 1
0.00211410 1
