0.00010130
0.00070830
0.00068890
0.00053500
0.00064410
0.00083320
0.00051590
0.00048190
0.00056770
0.00094660
0.00078980
0.00050050
0.00048220
0.00047770
0.00070810
0.00058720
0.00058860
0.00051720
0.00048450
0.00048180
0.00066460
0.00055830
0.00050860
0.00051190
0.00050870
0.00053790
0.00048790
0.00050960
0.00054290
0.00046070
0.00048140
0.00052880
0.00048050
0.00045850
0.00062180
0.00085680
0.00056390
0.00062610
0.00069600
0.00000000
0.00000000
0.00000000
0.00000000
0.00010010
0.00087650
0.00088420
0.00110100
0.00070850
0.00073100
0.00069700
0.00069780
0.00065040
0.00177150
0.00119630
0.00069090
0.00066680
0.00092350
0.00069860
0.00069530
0.00068430
0.00069060
0.00070290
0.00098340
0.00068670
0.00067160
0.00106520
0.00000000
0.00000000
0.00000000
0.00000000
0.00003310
0.00137810
0.00159310
0.00196580
0.00165290
0.00195850
0.00184300
0.00169850
0.00174100
0.00203330
0.00309040
0.00191290
0.00153440
0.00154880
0.00310420
0.00156280
0.00185560
0.00213150
0.00206230
0.00178420
0.00320490
0.00206190
0.00145870
0.00145640
0.00148420
0.00153630
0.00146450
0.00147970
0.00145090
0.00164240
0.00190980
0.00154580
0.00183560
0.00157250
0.00159740
0.00164820
0.00184930
0.00158190
0.00160830
0.00152680
0.00155430
0.00162840
0.00137650
0.00000000
0.00000000
0.00000000
0.00000000
0.00010130
0.00164100
0.00150380
0.00154820
0.00162330
0.00174280
0.00182050
0.00194500
0.00165310
0.00361780
0.00156350
0.00163360
0.00176260
0.00175910
0.00166310
0.00160460
0.00152120
0.00151840
0.00169230
0.00155800
0.00151940
0.00152010
0.00154280
0.00156610
0.00161280
0.00162110
0.00000000
0.00000000
0.00000000
0.00000000
0.00002290
0.00102080
0.00101330
0.00106920
0.00107400
0.00089180
0.00089490
0.00089170
0.00089940
0.00089250
0.00089020
0.00089440
0.00101760
0.00099620
0.00090250
0.00088730
0.00088930
0.00091160
0.00085390
0.00085970
0.00085410
0.00086250
0.00086680
0.00085560
0.00085860
0.00000000
0.00000000
0.00000000
0.00000000
0.00013220
0.00097810
0.00064050
0.00061890
0.00071460
0.00065740
0.00062160
0.00068770
0.00083740
0.00062270
0.00061680
0.00071150
0.00062010
0.00063980
0.00064920
0.00061250
0.00062170
0.00062180
0.00058850
0.00061310
0.00061790
0.00071870
0.00062450
0.00062430
0.00061630
0.00061180
0.00062850
0.00062590
0.00072910
0.00069060
0.00068400
0.00072650
0.00065640
0.00062490
0.00062920
0.00061330
0.00061790
0.00061840
0.00071920
0.00062440
0.00062040
0.00072240
0.00061900
0.00061990
0.00064240
0.00000000
0.00000000
0.00000000
0.00000000
0.00012640
0.00034590
0.00026370
0.00026020
0.00025980
0.00026050
0.00025870
0.00037360
0.00057210
0.00041320
0.00029390
0.00046200
0.00047340
0.00031860
0.00028340
0.00027590
0.00027410
0.00027780
0.00032490
0.00027980
0.00027620
0.00027520
0.00027480
0.00033290
0.00031180
0.00027650
0.00032940
0.00030950
0.00029130
0.00034370
0.00027430
0.00028220
0.00027720
0.00027820
0.00027790
0.00027970
0.00027560
0.00027610
0.00025880
0.00025980
0.00025940
0.00025900
0.00026710
0.00026110
0.00025940
0.00025910
