1
152.00,94.00,19.00,49.00
152.00,94.00,19.00,49.00
151.00,91.00,19.00,49.00
150.00,90.00,19.00,49.00
150.00,88.00,19.00,49.00
151.00,87.00,19.00,49.00
152.00,86.00,19.00,49.00
154.00,86.00,19.00,49.00
155.00,85.00,19.00,49.00
157.00,85.00,19.00,49.00
158.00,85.00,19.00,49.00
157.00,85.00,19.00,49.00
155.00,85.00,19.00,49.00
154.00,85.00,19.00,49.00
153.00,85.00,19.00,49.00
149.00,85.00,19.00,49.00
144.00,85.00,19.00,49.00
139.00,85.00,19.00,49.00
135.00,85.00,19.00,49.00
132.00,85.00,19.00,49.00
131.00,84.00,19.00,49.00
132.00,84.00,19.00,49.00
132.00,84.00,19.00,49.00
133.00,83.00,19.00,49.00
134.00,83.00,19.00,49.00
135.00,82.00,19.00,49.00
137.00,82.00,19.00,49.00
139.00,83.00,19.00,49.00
141.00,83.00,19.00,49.00
143.00,83.00,19.00,49.00
146.00,83.00,19.00,49.00
148.00,83.00,19.00,49.00
150.00,84.00,19.00,49.00
152.00,84.00,19.00,49.00
151.00,82.00,19.00,49.00
151.00,84.00,19.00,49.00
151.00,84.00,19.00,49.00
2
0
0
0
0
1
157.00,75.00,23.00,55.00
158.00,76.00,23.00,55.00
159.00,76.00,23.00,55.00
161.00,76.00,23.00,55.00
163.00,76.00,23.00,55.00
164.00,76.00,23.00,55.00
165.00,76.00,23.00,55.00
164.00,76.00,23.00,55.00
163.00,76.00,23.00,55.00
163.00,76.00,23.00,55.00
161.00,76.00,23.00,55.00
158.00,76.00,23.00,55.00
156.00,77.00,23.00,55.00
151.00,78.00,23.00,55.00
144.00,77.00,23.00,55.00
136.00,76.00,23.00,55.00
131.00,76.00,23.00,55.00
127.00,74.00,23.00,55.00
127.00,73.00,23.00,55.00
128.00,72.00,23.00,55.00
129.00,71.00,23.00,55.00
2
0
0
0
0
1
159.00,62.00,31.00,77.00
163.00,63.00,31.00,77.00
167.00,63.00,31.00,77.00
169.00,64.00,31.00,77.00
170.00,64.00,31.00,77.00
169.00,65.00,31.00,77.00
168.00,66.00,31.00,77.00
168.00,67.00,31.00,77.00
168.00,68.00,31.00,77.00
169.00,69.00,31.00,77.00
169.00,70.00,31.00,77.00
171.00,71.00,31.00,77.00
173.00,72.00,31.00,77.00
175.00,72.00,31.00,77.00
177.00,72.00,31.00,77.00
181.00,73.00,31.00,77.00
184.00,73.00,31.00,77.00
185.00,74.00,31.00,77.00
186.00,74.00,31.00,77.00
189.00,74.00,31.00,77.00
191.00,73.00,31.00,77.00
191.00,72.00,31.00,77.00
190.00,70.00,31.00,77.00
190.00,69.00,31.00,77.00
191.00,66.00,31.00,77.00
187.00,64.00,31.00,77.00
183.00,63.00,31.00,77.00
180.00,62.00,31.00,77.00
180.00,60.00,31.00,77.00
177.00,60.00,31.00,77.00
177.00,59.00,31.00,77.00
176.00,59.00,31.00,77.00
173.00,60.00,31.00,77.00
173.00,59.00,31.00,77.00
173.00,58.00,31.00,77.00
175.00,59.00,31.00,77.00
179.00,57.00,31.00,77.00
172.00,59.00,31.00,77.00
171.00,59.00,31.00,77.00
165.00,59.00,31.00,77.00
190.00,20.00,31.00,77.00
2
0
0
0
0
1
153.00,62.00,30.00,77.00
152.00,62.00,30.00,77.00
151.00,64.00,30.00,77.00
149.00,67.00,30.00,77.00
147.00,68.00,30.00,77.00
146.00,69.00,30.00,77.00
144.00,71.00,30.00,77.00
148.00,72.00,30.00,77.00
154.00,72.00,30.00,77.00
161.00,72.00,30.00,77.00
167.00,72.00,30.00,77.00
173.00,70.00,30.00,77.00
178.00,70.00,30.00,77.00
180.00,66.00,30.00,77.00
184.00,65.00,30.00,77.00
187.00,64.00,30.00,77.00
193.00,63.00,30.00,77.00
193.00,61.00,30.00,77.00
198.00,60.00,30.00,77.00
201.00,60.00,30.00,77.00
203.00,60.00,30.00,77.00
202.00,60.00,30.00,77.00
200.00,61.00,30.00,77.00
192.00,65.00,30.00,77.00
2
0
0
0
0
1
148.00,86.00,25.00,62.00
146.00,86.00,25.00,62.00
145.00,85.00,25.00,62.00
146.00,83.00,25.00,62.00
150.00,80.00,25.00,62.00
151.00,77.00,25.00,62.00
153.00,76.00,25.00,62.00
152.00,74.00,25.00,62.00
152.00,73.00,25.00,62.00
149.00,72.00,25.00,62.00
148.00,72.00,25.00,62.00
148.00,71.00,25.00,62.00
149.00,71.00,25.00,62.00
146.00,71.00,25.00,62.00
143.00,70.00,25.00,62.00
133.00,69.00,25.00,62.00
129.00,69.00,25.00,62.00
127.00,82.00,25.00,62.00
127.00,71.00,25.00,62.00
129.00,71.00,25.00,62.00
126.00,70.00,25.00,62.00
132.00,71.00,25.00,62.00
133.00,71.00,25.00,62.00
2
0
0
0
0
1
130.00,69.00,21.00,56.00
130.00,70.00,21.00,56.00
127.00,72.00,21.00,56.00
123.00,75.00,21.00,56.00
119.00,78.00,21.00,56.00
115.00,81.00,21.00,56.00
112.00,83.00,21.00,56.00
113.00,84.00,21.00,56.00
116.00,84.00,21.00,56.00
120.00,85.00,21.00,56.00
124.00,86.00,21.00,56.00
128.00,85.00,21.00,56.00
130.00,86.00,21.00,56.00
132.00,86.00,21.00,56.00
138.00,86.00,21.00,56.00
139.00,86.00,21.00,56.00
141.00,86.00,21.00,56.00
144.00,85.00,21.00,56.00
146.00,83.00,21.00,56.00
145.00,85.00,21.00,56.00
145.00,84.00,21.00,56.00
144.00,84.00,21.00,56.00
144.00,81.00,21.00,56.00
144.00,84.00,21.00,56.00
144.00,84.00,21.00,56.00
141.00,86.00,21.00,56.00
142.00,84.00,21.00,56.00
138.00,84.00,21.00,56.00
139.00,84.00,21.00,56.00
140.00,84.00,21.00,56.00
143.00,83.00,21.00,56.00
142.00,82.00,21.00,56.00
141.00,82.00,21.00,56.00
141.00,80.00,21.00,56.00
139.00,80.00,21.00,56.00
135.00,84.00,21.00,56.00
139.00,80.00,21.00,56.00
137.00,79.00,21.00,56.00
137.00,78.00,21.00,56.00
133.00,78.00,21.00,56.00
132.00,78.00,21.00,56.00
135.00,79.00,21.00,56.00
129.00,79.00,21.00,56.00
2
0
0
0
0
1
149.00,89.00,16.00,35.00
150.00,88.00,16.00,35.00
154.00,88.00,16.00,35.00
158.00,88.00,16.00,35.00
160.00,88.00,16.00,35.00
162.00,87.00,16.00,35.00
164.00,87.00,16.00,35.00
164.00,87.00,16.00,35.00
165.00,87.00,16.00,35.00
165.00,87.00,16.00,35.00
166.00,87.00,16.00,35.00
167.00,87.00,16.00,35.00
167.00,87.00,16.00,35.00
165.00,87.00,16.00,35.00
165.00,87.00,16.00,35.00
166.00,87.00,16.00,35.00
169.00,87.00,16.00,35.00
171.00,86.00,16.00,35.00
172.00,85.00,16.00,35.00
173.00,85.00,16.00,35.00
176.00,85.00,16.00,35.00
178.00,85.00,16.00,35.00
179.00,85.00,16.00,35.00
180.00,85.00,16.00,35.00
181.00,84.00,16.00,35.00
181.00,85.00,16.00,35.00
181.00,86.00,16.00,35.00
181.00,87.00,16.00,35.00
181.00,89.00,16.00,35.00
180.00,91.00,16.00,35.00
179.00,92.00,16.00,35.00
178.00,92.00,16.00,35.00
177.00,93.00,16.00,35.00
177.00,93.00,16.00,35.00
176.00,94.00,16.00,35.00
175.00,94.00,16.00,35.00
174.00,94.00,16.00,35.00
173.00,94.00,16.00,35.00
172.00,95.00,16.00,35.00
171.00,95.00,16.00,35.00
172.00,95.00,16.00,35.00
172.00,95.00,16.00,35.00
173.00,95.00,16.00,35.00
174.00,95.00,16.00,35.00
175.00,95.00,16.00,35.00
