0.00185750 0
0.00187540 1
0.00279530 1
0.00164090 1
0.00151740 1
0.00281860 1
0.00182580 1
0.00147500 1
0.00177280 1
0.00280860 1
0.00149580 1
0.00143460 1
0.00137010 1
0.00155080 1
0.00151230 1
0.00152310 1
0.00142260 1
0.00143130 1
0.00142290 1
0.00138660 1
0.00138580 1
0.00140150 1
0.00138610 1
0.00139980 1
0.00142710 1
0.00134860 1
0.00134420 1
0.00140220 1
0.00163690 1
0.00150740 1
0.00136870 1
0.00135400 1
0.00133490 1
0.00137970 1
0.00149030 1
0.00134790 1
0.00141460 1
0.00134250 1
0.00138660 1
0.00135430 1
0.00136300 1
0.00134060 1
0.00135560 1
0.00138340 1
0.00150110 1
0.00146860 1
0.00140390 1
0.00137870 1
0.00139880 1
0.00143280 1
0.00137030 1
0.00134540 1
0.00144310 1
0.00134320 1
0.00135970 1
0.00137510 1
0.00135480 1
0.00136070 1
0.00134350 1
0.00142060 1
0.00151840 1
0.00142010 1
0.00141330 1
0.00140260 1
0.00139140 1
0.00142540 1
0.00146630 1
0.00141890 1
0.00146900 1
0.00140650 1
0.00138190 1
0.00143100 1
0.00144850 1
0.00141620 1
0.00138300 1
0.00134640 1
0.00137370 1
0.00135590 1
0.00134930 1
0.00134050 1
0.00136200 1
0.00161270 1
0.00140640 1
0.00143190 1
0.00140130 1
0.00157240 1
0.00154660 1
0.00144390 1
0.00144020 1
0.00141670 1
0.00147000 1
0.00144700 1
0.00135680 1
0.00153140 1
0.00138390 1
0.00139560 1
0.00140980 1
0.00139080 1
0.00134270 1
0.00160400 1
0.00136990 1
0.00134160 1
0.00136440 1
0.00138160 1
0.00204930 1
0.00136270 1
0.00133770 1
0.00202760 1
0.00154790 1
0.00145160 1
0.00220410 1
0.00154360 1
0.00152850 1
0.00147340 1
0.00164990 1
0.00146870 1
0.00144240 1
0.00177150 1
0.00155360 1
0.00144070 1
0.00146490 1
0.00160880 1
0.00149730 1
0.00148640 1
0.00144510 1
0.00196510 1
0.00176750 1
0.00144560 1
0.00143910 1
0.00142990 1
0.00147370 1
0.00154440 1
0.00153920 1
0.00145180 1
0.00145400 1
0.00155780 1
0.00144720 1
0.00144780 1
0.00147180 1
0.00141380 1
0.00144060 1
0.00144050 1
0.00154140 1
0.00145920 1
0.00147070 1
0.00146930 1
0.00144500 1
0.00140040 1
0.00151720 1
0.00204210 1
0.00150590 1
0.00166300 1
0.00148610 1
0.00151390 1
0.00144990 1
0.00146120 1
0.00157600 1
0.00146330 1
0.00141670 1
0.00156710 1
0.00143070 1
0.00139890 1
0.00144790 1
0.00142140 1
0.00150910 1
0.00214720 1
0.00147300 1
0.00147990 1
0.00142640 1
0.00147640 1
0.00153430 1
0.00145200 1
0.00147090 1
0.00144890 1
0.00147150 1
0.00139280 1
0.00143150 1
0.00147510 1
0.00148690 1
0.00141570 1
0.00141560 1
0.00146200 1
0.00146770 1
0.00141680 1
0.00140490 1
0.00145870 1
0.00141430 1
0.00146090 1
0.00149590 1
0.00141350 1
0.00143450 1
0.00141520 1
0.00176770 1
0.00146190 1
0.00143370 1
0.00141270 1
0.00145670 1
0.00146830 1
0.00149830 1
0.00142840 1
0.00142500 1
0.00141290 1
0.00140880 1
0.00144720 1
0.00145940 1
0.00145790 1
0.00144020 1
0.00142070 1
0.00150000 1
0.00135720 1
0.00135220 1
0.00135710 1
0.00144330 1
0.00158320 1
0.00144630 1
0.00183890 1
0.00175900 1
0.00146830 1
0.00149470 1
0.00145170 1
0.00142750 1
0.00139670 1
0.00151840 1
0.00151670 1
0.00154660 1
0.00143210 1
0.00154110 1
0.00144130 1
0.00147950 1
0.00151640 1
0.00149050 1
0.00146060 1
0.00153920 1
0.00150560 1
0.00180610 1
0.00155970 1
0.00143430 1
0.00162240 1
0.00216450 1
0.00146270 1
0.00152000 1
0.00147000 1
0.00144490 1
0.00162170 1
0.00154880 1
0.00143280 1
0.00146720 1
0.00137800 1
0.00145230 1
0.00181670 1
0.00177820 1
0.00141800 1
0.00143440 1
0.00144990 1
0.00153890 1
0.00142910 1
0.00149620 1
0.00136500 1
0.00157580 1
0.00152770 1
0.00150930 1
0.00147020 1
0.00161700 1
0.00162990 1
0.00151430 1
0.00155760 1
0.00157520 1
0.00163590 1
0.00161180 1
0.00170050 1
0.00185850 1
0.00150270 1
0.00226590 1
0.00143790 1
0.00166650 1
0.00153660 1
0.00171410 1
0.00148470 1
0.00165970 1
0.00155270 1
0.00170550 1
0.00201940 1
0.00271370 1
0.00176200 1
0.00178610 1
0.00140910 1
0.00150960 1
0.00141680 1
0.00140450 1
0.00139320 1
0.00141650 1
0.00144710 1
0.00141180 1
0.00142490 1
0.00143180 1
0.00139360 1
0.00138460 1
0.00135320 1
0.00134420 1
0.00138260 1
0.00136590 1
0.00135140 1
0.00157690 1
0.00148060 1
0.00140080 1
0.00149420 1
0.00213190 1
0.00158210 1
0.00144290 1
0.00137340 1
0.00140850 1
0.00138910 1
0.00163400 1
0.00138670 1
0.00144740 1
0.00143580 1
0.00139540 1
0.00134940 1
0.00147310 1
0.00146900 1
0.00138660 1
0.00144330 1
0.00134340 1
0.00147770 1
0.00151440 1
0.00194060 1
0.00140510 1
0.00133030 1
0.00149220 1
0.00135810 1
0.00134810 1
0.00143150 1
0.00134610 1
0.00135330 1
0.00155720 1
0.00136710 1
0.00133570 1
0.00131490 1
0.00133810 1
0.00162020 1
0.00135410 1
0.00145670 1
0.00135470 1
0.00137430 1
0.00133890 1
0.00134670 1
0.00134690 1
0.00134370 1
0.00135570 1
0.00134940 1
0.00163870 1
0.00135300 1
0.00134080 1
0.00134180 1
0.00132590 1
0.00134030 1
0.00141710 1
0.00162710 1
0.00145390 1
0.00156410 1
0.00146230 1
0.00144470 1
0.00151470 1
0.00145240 1
0.00144270 1
0.00141330 1
0.00147490 1
0.00140190 1
0.00138230 1
0.00141500 1
0.00136550 1
0.00143580 1
0.00147630 1
0.00142620 1
0.00140790 1
0.00141170 1
0.00157100 1
0.00141770 1
0.00145680 1
0.00155990 1
0.00144680 1
0.00147470 1
0.00159980 1
0.00142140 1
0.00142350 1
0.00145850 1
0.00144000 1
0.00145780 1
0.00141730 1
0.00147560 1
0.00137430 1
0.00143340 1
0.00148050 1
0.00140320 1
0.00141160 1
0.00142730 1
0.00142800 1
0.00150620 1
0.00153220 1
0.00135690 1
0.00137380 1
0.00135610 1
0.00150630 1
0.00141660 1
0.00142350 1
0.00143340 1
0.00143330 1
0.00154820 1
0.00139180 1
0.00135800 1
0.00137170 1
0.00144950 1
0.00147570 1
0.00165320 1
0.00147480 1
0.00143950 1
0.00142170 1
0.00141540 1
0.00152930 1
0.00146340 1
0.00140970 1
0.00141890 1
0.00147540 1
0.00147890 1
0.00145170 1
0.00145970 1
0.00155740 1
0.00746590 1
0.00148280 1
0.00190910 1
0.00155920 1
0.00154650 1
0.00144320 1
0.00136690 1
0.00141310 1
0.00136670 1
0.00134640 1
0.00138010 1
0.00134770 1
0.00132560 1
0.00132570 1
0.00143770 1
0.00137610 1
0.00133260 1
0.00133550 1
0.00132810 1
0.00146350 1
0.00149510 1
0.00140060 1
0.00139610 1
0.00145350 1
0.00133780 1
0.00143560 1
0.00146180 1
0.00137440 1
0.00142310 1
0.00135840 1
0.00137040 1
0.00136690 1
0.00134500 1
0.00137860 1
0.00133750 1
0.00133180 1
0.00147700 1
0.00132380 1
0.00136720 1
0.00139960 1
0.00135100 1
0.00139650 1
0.00148610 1
0.00137450 1
0.00131000 1
0.00162300 1
0.00140030 1
0.00133560 1
0.00138450 1
0.00139330 1
0.00134580 1
0.00134660 1
0.00145470 1
0.00139090 1
0.00140100 1
0.00139910 1
0.00142230 1
0.00135050 1
0.00161600 1
0.00144220 1
0.00181500 1
0.00136020 1
0.00139130 1
0.00133980 1
0.00133970 1
0.00134180 1
0.00136920 1
0.00136100 1
0.00218010 1
0.00148370 1
0.00135720 1
0.00137260 1
0.00150860 1
0.00141110 1
0.00137920 1
0.00134980 1
0.00139740 1
0.00137730 1
0.00138320 1
0.00169290 1
0.00165860 1
0.00166650 1
0.00136430 1
0.00137980 1
0.00138990 1
0.00136710 1
0.00160670 1
0.00138120 1
0.00134050 1
0.00133180 1
0.00144320 1
0.00137140 1
0.00136800 1
0.00142790 1
0.00136820 1
0.00139470 1
0.00145330 1
0.00140540 1
0.00134460 1
0.00134180 1
0.00146350 1
0.00134120 1
0.00211420 1
0.00143630 1
0.00141540 1
0.00145930 1
0.00138820 1
0.00137110 1
0.00141200 1
0.00142420 1
0.00134680 1
0.00135060 1
0.00135730 1
0.00168270 1
0.00145520 1
0.00134490 1
0.00152230 1
0.00145760 1
0.00138600 1
0.00136800 1
0.00142310 1
0.00133930 1
0.00138730 1
0.00147390 1
0.00138790 1
0.00133590 1
0.00131990 1
0.00135010 1
0.00142860 1
0.00138630 1
0.00134860 1
0.00134080 1
0.00166880 1
0.00137770 1
0.00138180 1
0.00133900 1
0.00209000 1
0.00149650 1
0.00139170 1
0.00139060 1
0.00133460 1
0.00133280 1
0.00145220 1
0.00137570 1
0.00134290 1
0.00136480 1
0.00133540 1
0.00141350 1
0.00149040 1
0.00135870 1
0.00134880 1
0.00134710 1
0.00141580 1
0.00194970 1
0.00136770 1
0.00194730 1
0.00166410 1
0.00162160 1
0.00133690 1
0.00133200 1
0.00148120 1
0.00136370 1
0.00183770 1
0.00139110 1
0.00133660 1
0.00137790 1
0.00144410 1
0.00151460 1
0.00140180 1
0.00139640 1
0.00140600 1
0.00138250 1
0.00141240 1
0.00139280 1
0.00149060 1
0.00145270 1
0.00135320 1
0.00138600 1
0.00136260 1
0.00135660 1
0.00136970 1
0.00142220 1
0.00134880 1
0.00136180 1
0.00134810 1
0.00140860 1
0.00133100 1
0.00133670 1
0.00146140 1
0.00141680 1
0.00135440 1
0.00134400 1
0.00134190 1
0.00161920 1
0.00148060 1
0.00137710 1
0.00134400 1
0.00140920 1
0.00137080 1
0.00141880 1
0.00142550 1
0.00137290 1
0.00134310 1
0.00142780 1
0.00142320 1
0.00137040 1
0.00134680 1
0.00134380 1
0.00134460 1
0.00142390 1
0.00139250 1
0.00133540 1
0.00132140 1
0.00134210 1
0.00164080 1
0.00138890 1
0.00140940 1
0.00146980 1
0.00158470 1
0.00155830 1
0.00142910 1
0.00133810 1
0.00133930 1
0.00135230 1
0.00176350 1
0.00150960 1
0.00144040 1
0.00165720 1
0.00144910 1
0.00149750 1
0.00147230 1
0.00144440 1
0.00151470 1
0.00145290 1
0.00134120 1
0.00136370 1
0.00134120 1
0.00133500 1
0.00135080 1
0.00147510 1
0.00145100 1
0.00135110 1
0.00134640 1
0.00133580 1
0.00149650 1
0.00136040 1
0.00134830 1
0.00134440 1
0.00135040 1
0.00152780 1
0.00137250 1
0.00136040 1
0.00152090 1
0.00132520 1
0.00134880 1
0.00142210 1
0.00136240 1
0.00136020 1
0.00133720 1
0.00133810 1
0.00137980 1
0.00134260 1
0.00140620 1
0.00133390 1
0.00132840 1
0.00166300 1
0.00138990 1
0.00134450 1
0.00140430 1
0.00134160 1
0.00139290 1
0.00163620 1
0.00138750 1
0.00133960 1
0.00132070 1
0.00133400 1
0.00138500 1
0.00140350 1
0.00138700 1
0.00133010 1
0.00132810 1
0.00138390 1
0.00135250 1
0.00138570 1
0.00136110 1
0.00134950 1
0.00154420 1
0.00146770 1
0.00134030 1
0.00135350 1
0.00144130 1
0.00154100 1
0.00134020 1
0.00133680 1
0.00130530 1
0.00143290 1
0.00156440 1
0.00137970 1
0.00136650 1
0.00141380 1
0.00152140 1
0.00144970 1
0.00176440 1
0.00169450 1
