0.00185750
0.00187540
0.00279530
0.00164090
0.00151740
0.00281860
0.00182580
0.00147500
0.00177280
0.00280860
0.00149580
0.00143460
0.00137010
0.00155080
0.00151230
0.00152310
0.00142260
0.00143130
0.00142290
0.00138660
0.00138580
0.00140150
0.00138610
0.00139980
0.00142710
0.00134860
0.00134420
0.00140220
0.00163690
0.00150740
0.00136870
0.00135400
0.00133490
0.00137970
0.00149030
0.00134790
0.00141460
0.00134250
0.00138660
0.00135430
0.00136300
0.00134060
0.00135560
0.00138340
0.00150110
0.00146860
0.00140390
0.00137870
0.00139880
0.00143280
0.00137030
0.00134540
0.00144310
0.00134320
0.00135970
0.00137510
0.00135480
0.00136070
0.00134350
0.00142060
0.00151840
0.00142010
0.00141330
0.00140260
0.00139140
0.00142540
0.00146630
0.00141890
0.00146900
0.00140650
0.00138190
0.00143100
0.00144850
0.00141620
0.00138300
0.00134640
0.00137370
0.00135590
0.00134930
0.00134050
0.00136200
0.00161270
0.00140640
0.00143190
0.00140130
0.00157240
0.00154660
0.00144390
0.00144020
0.00141670
0.00147000
0.00144700
0.00135680
0.00153140
0.00138390
0.00139560
0.00140980
0.00139080
0.00134270
0.00160400
0.00136990
0.00134160
0.00136440
0.00138160
0.00204930
0.00136270
0.00133770
0.00202760
0.00154790
0.00145160
0.00220410
0.00154360
0.00152850
0.00147340
0.00164990
0.00146870
0.00144240
0.00177150
0.00155360
0.00144070
0.00146490
0.00160880
0.00149730
0.00148640
0.00144510
0.00196510
0.00176750
0.00144560
0.00143910
0.00142990
0.00147370
0.00154440
0.00153920
0.00145180
0.00145400
0.00155780
0.00144720
0.00144780
0.00147180
0.00141380
0.00144060
0.00144050
0.00154140
0.00145920
0.00147070
0.00146930
0.00144500
0.00140040
0.00151720
0.00204210
0.00150590
0.00166300
0.00148610
0.00151390
0.00144990
0.00146120
0.00157600
0.00146330
0.00141670
0.00156710
0.00143070
0.00139890
0.00144790
0.00142140
0.00150910
0.00214720
0.00147300
0.00147990
0.00142640
0.00147640
0.00153430
0.00145200
0.00147090
0.00144890
0.00147150
0.00139280
0.00143150
0.00147510
0.00148690
0.00141570
0.00141560
0.00146200
0.00146770
0.00141680
0.00140490
0.00145870
0.00141430
0.00146090
0.00149590
0.00141350
0.00143450
0.00141520
0.00176770
0.00146190
0.00143370
0.00141270
0.00145670
0.00146830
0.00149830
0.00142840
0.00142500
0.00141290
0.00140880
0.00144720
0.00145940
0.00145790
0.00144020
0.00142070
0.00150000
0.00135720
0.00135220
0.00135710
0.00144330
0.00158320
0.00144630
0.00183890
0.00175900
0.00146830
0.00149470
0.00145170
0.00142750
0.00139670
0.00151840
0.00151670
0.00154660
0.00143210
0.00154110
0.00144130
0.00147950
0.00151640
0.00149050
0.00146060
0.00153920
0.00150560
0.00180610
0.00155970
0.00143430
0.00162240
0.00216450
0.00146270
0.00152000
0.00147000
0.00144490
0.00162170
0.00154880
0.00143280
0.00146720
0.00137800
0.00145230
0.00181670
0.00177820
0.00141800
0.00143440
0.00144990
0.00153890
0.00142910
0.00149620
0.00136500
0.00157580
0.00152770
0.00150930
0.00147020
0.00161700
0.00162990
0.00151430
0.00155760
0.00157520
0.00163590
0.00161180
0.00170050
0.00185850
0.00150270
0.00226590
0.00143790
0.00166650
0.00153660
0.00171410
0.00148470
0.00165970
0.00155270
0.00170550
0.00201940
0.00271370
0.00176200
0.00178610
0.00140910
0.00150960
0.00141680
0.00140450
0.00139320
0.00141650
0.00144710
0.00141180
0.00142490
0.00143180
0.00139360
0.00138460
0.00135320
0.00134420
0.00138260
0.00136590
0.00135140
0.00157690
0.00148060
0.00140080
0.00149420
0.00213190
0.00158210
0.00144290
0.00137340
0.00140850
0.00138910
0.00163400
0.00138670
0.00144740
0.00143580
0.00139540
0.00134940
0.00147310
0.00146900
0.00138660
0.00144330
0.00134340
0.00147770
0.00151440
0.00194060
0.00140510
0.00133030
0.00149220
0.00135810
0.00134810
0.00143150
0.00134610
0.00135330
0.00155720
0.00136710
0.00133570
0.00131490
0.00133810
0.00162020
0.00135410
0.00145670
0.00135470
0.00137430
0.00133890
0.00134670
0.00134690
0.00134370
0.00135570
0.00134940
0.00163870
0.00135300
0.00134080
0.00134180
0.00132590
0.00134030
0.00141710
0.00162710
0.00145390
0.00156410
0.00146230
0.00144470
0.00151470
0.00145240
0.00144270
0.00141330
0.00147490
0.00140190
0.00138230
0.00141500
0.00136550
0.00143580
0.00147630
0.00142620
0.00140790
0.00141170
0.00157100
0.00141770
0.00145680
0.00155990
0.00144680
0.00147470
0.00159980
0.00142140
0.00142350
0.00145850
0.00144000
0.00145780
0.00141730
0.00147560
0.00137430
0.00143340
0.00148050
0.00140320
0.00141160
0.00142730
0.00142800
0.00150620
0.00153220
0.00135690
0.00137380
0.00135610
0.00150630
0.00141660
0.00142350
0.00143340
0.00143330
0.00154820
0.00139180
0.00135800
0.00137170
0.00144950
0.00147570
0.00165320
0.00147480
0.00143950
0.00142170
0.00141540
0.00152930
0.00146340
0.00140970
0.00141890
0.00147540
0.00147890
0.00145170
0.00145970
0.00155740
0.00746590
0.00148280
0.00190910
0.00155920
0.00154650
0.00144320
0.00136690
0.00141310
0.00136670
0.00134640
0.00138010
0.00134770
0.00132560
0.00132570
0.00143770
0.00137610
0.00133260
0.00133550
0.00132810
0.00146350
0.00149510
0.00140060
0.00139610
0.00145350
0.00133780
0.00143560
0.00146180
0.00137440
0.00142310
0.00135840
0.00137040
0.00136690
0.00134500
0.00137860
0.00133750
0.00133180
0.00147700
0.00132380
0.00136720
0.00139960
0.00135100
0.00139650
0.00148610
0.00137450
0.00131000
0.00162300
0.00140030
0.00133560
0.00138450
0.00139330
0.00134580
0.00134660
0.00145470
0.00139090
0.00140100
0.00139910
0.00142230
0.00135050
0.00161600
0.00144220
0.00181500
0.00136020
0.00139130
0.00133980
0.00133970
0.00134180
0.00136920
0.00136100
0.00218010
0.00148370
0.00135720
0.00137260
0.00150860
0.00141110
0.00137920
0.00134980
0.00139740
0.00137730
0.00138320
0.00169290
0.00165860
0.00166650
0.00136430
0.00137980
0.00138990
0.00136710
0.00160670
0.00138120
0.00134050
0.00133180
0.00144320
0.00137140
0.00136800
0.00142790
0.00136820
0.00139470
0.00145330
0.00140540
0.00134460
0.00134180
0.00146350
0.00134120
0.00211420
0.00143630
0.00141540
0.00145930
0.00138820
0.00137110
0.00141200
0.00142420
0.00134680
0.00135060
0.00135730
0.00168270
0.00145520
0.00134490
0.00152230
0.00145760
0.00138600
0.00136800
0.00142310
0.00133930
0.00138730
0.00147390
0.00138790
0.00133590
0.00131990
0.00135010
0.00142860
0.00138630
0.00134860
0.00134080
0.00166880
0.00137770
0.00138180
0.00133900
0.00209000
0.00149650
0.00139170
0.00139060
0.00133460
0.00133280
0.00145220
0.00137570
0.00134290
0.00136480
0.00133540
0.00141350
0.00149040
0.00135870
0.00134880
0.00134710
0.00141580
0.00194970
0.00136770
0.00194730
0.00166410
0.00162160
0.00133690
0.00133200
0.00148120
0.00136370
0.00183770
0.00139110
0.00133660
0.00137790
0.00144410
0.00151460
0.00140180
0.00139640
0.00140600
0.00138250
0.00141240
0.00139280
0.00149060
0.00145270
0.00135320
0.00138600
0.00136260
0.00135660
0.00136970
0.00142220
0.00134880
0.00136180
0.00134810
0.00140860
0.00133100
0.00133670
0.00146140
0.00141680
0.00135440
0.00134400
0.00134190
0.00161920
0.00148060
0.00137710
0.00134400
0.00140920
0.00137080
0.00141880
0.00142550
0.00137290
0.00134310
0.00142780
0.00142320
0.00137040
0.00134680
0.00134380
0.00134460
0.00142390
0.00139250
0.00133540
0.00132140
0.00134210
0.00164080
0.00138890
0.00140940
0.00146980
0.00158470
0.00155830
0.00142910
0.00133810
0.00133930
0.00135230
0.00176350
0.00150960
0.00144040
0.00165720
0.00144910
0.00149750
0.00147230
0.00144440
0.00151470
0.00145290
0.00134120
0.00136370
0.00134120
0.00133500
0.00135080
0.00147510
0.00145100
0.00135110
0.00134640
0.00133580
0.00149650
0.00136040
0.00134830
0.00134440
0.00135040
0.00152780
0.00137250
0.00136040
0.00152090
0.00132520
0.00134880
0.00142210
0.00136240
0.00136020
0.00133720
0.00133810
0.00137980
0.00134260
0.00140620
0.00133390
0.00132840
0.00166300
0.00138990
0.00134450
0.00140430
0.00134160
0.00139290
0.00163620
0.00138750
0.00133960
0.00132070
0.00133400
0.00138500
0.00140350
0.00138700
0.00133010
0.00132810
0.00138390
0.00135250
0.00138570
0.00136110
0.00134950
0.00154420
0.00146770
0.00134030
0.00135350
0.00144130
0.00154100
0.00134020
0.00133680
0.00130530
0.00143290
0.00156440
0.00137970
0.00136650
0.00141380
0.00152140
0.00144970
0.00176440
0.00169450
