0.03012790
0.01081740
0.01303050
0.00976530
0.00769290
0.00780950
0.00870140
0.00889880
0.00793520
0.00679590
0.00840720
0.00902180
0.00603330
0.00679740
0.00705910
0.00588000
0.00602000
0.00661560
0.00622610
0.00594000
0.00667950
0.00553680
0.00636310
0.00636660
0.00592390
0.00573100
0.00650660
0.00559390
0.00560400
0.00555240
0.00567220
0.00555460
0.00573300
0.00590850
0.00557840
0.00580290
0.00644310
0.00636260
0.00627540
0.00948600
0.00628780
0.00705720
0.00769430
0.00708850
0.00707260
0.00688510
0.00616950
0.00704490
0.00746730
0.00621150
0.00630780
0.00631660
0.00650030
0.00613460
0.00581980
0.00712100
0.00633430
0.00608390
0.00594750
0.00600700
0.00625900
0.00790690
0.00636700
0.00679770
0.00685930
0.00620600
0.00642300
0.00749290
0.00690100
0.00670450
0.00766170
0.00663610
0.00675270
0.00831380
0.01038700
0.00841950
0.00960800
0.01061130
0.00827020
0.01028760
0.01131850
0.01037210
0.01401090
0.01263520
0.00969390
0.01108900
0.01350160
0.00964540
0.01199940
0.06233860
0.00909110
0.01537740
0.00851400
0.00874800
0.00694950
0.00782180
0.00668030
0.00688710
0.00781930
0.01260380
0.00751880
0.00744790
0.00910350
0.01145510
0.00829500
0.00659650
0.00635660
0.00669230
0.00730900
0.00617950
0.00645890
0.00717750
0.00617550
0.00610570
0.00711530
0.00586780
0.00625370
0.00688870
0.00588730
0.00603550
0.00659290
0.00562690
0.00000000
0.00000000
0.00000000
0.00000000
0.02457020
0.00842990
0.00844560
0.00848270
0.00782330
0.00781500
0.00703510
0.00620220
0.00659390
0.00663570
0.00706360
0.00618150
0.00704740
0.00674100
0.00700760
0.00716710
0.00635110
0.00677490
0.00624460
0.00645620
0.00721520
0.00645960
0.00629330
0.00702700
0.00649180
0.00819570
0.00622340
0.00704540
0.00744240
0.00664820
0.00722340
0.00604840
0.00673180
0.00711800
0.00657050
0.00613280
0.00650890
0.00673100
0.00712720
0.00622570
0.00626550
0.00659020
0.00662730
0.00752020
0.00683700
0.00648430
0.00622310
0.00681710
0.00716270
0.00686160
0.00627940
0.00706530
0.00645990
0.00709140
0.00617170
0.00648580
0.00695730
0.00676830
0.00722610
0.00616770
0.00671380
0.00734870
0.00636120
0.00616530
0.00652470
0.00655540
0.00688090
0.00594780
0.00616680
0.00635640
0.00632630
0.00696340
0.00620920
0.00680130
0.00613130
0.00717810
0.00725800
0.00718350
0.00647500
0.00682160
0.00713530
0.00787770
0.00689240
0.00718880
0.00785110
0.00758650
0.00799010
0.00707000
0.00697800
0.00759360
0.00646970
0.00620750
0.00623540
