0.03012790 0
0.01081740 1
0.01303050 1
0.00976530 1
0.00769290 1
0.00780950 1
0.00870140 1
0.00889880 1
0.00793520 1
0.00679590 1
0.00840720 1
0.00902180 1
0.00603330 1
0.00679740 1
0.00705910 1
0.00588000 1
0.00602000 1
0.00661560 1
0.00622610 1
0.00594000 1
0.00667950 1
0.00553680 1
0.00636310 1
0.00636660 1
0.00592390 1
0.00573100 1
0.00650660 1
0.00559390 1
0.00560400 1
0.00555240 1
0.00567220 1
0.00555460 1
0.00573300 1
0.00590850 1
0.00557840 1
0.00580290 1
0.00644310 1
0.00636260 1
0.00627540 1
0.00948600 1
0.00628780 1
0.00705720 1
0.00769430 1
0.00708850 1
0.00707260 1
0.00688510 1
0.00616950 1
0.00704490 1
0.00746730 1
0.00621150 1
0.00630780 1
0.00631660 1
0.00650030 1
0.00613460 1
0.00581980 1
0.00712100 1
0.00633430 1
0.00608390 1
0.00594750 1
0.00600700 1
0.00625900 1
0.00790690 1
0.00636700 1
0.00679770 1
0.00685930 1
0.00620600 1
0.00642300 1
0.00749290 1
0.00690100 1
0.00670450 1
0.00766170 1
0.00663610 1
0.00675270 1
0.00831380 1
0.01038700 1
0.00841950 1
0.00960800 1
0.01061130 1
0.00827020 1
0.01028760 1
0.01131850 1
0.01037210 1
0.01401090 1
0.01263520 1
0.00969390 1
0.01108900 1
0.01350160 1
0.00964540 1
0.01199940 1
0.06233860 1
0.00909110 1
0.01537740 1
0.00851400 1
0.00874800 1
0.00694950 1
0.00782180 1
0.00668030 1
0.00688710 1
0.00781930 1
0.01260380 1
0.00751880 1
0.00744790 1
0.00910350 1
0.01145510 1
0.00829500 1
0.00659650 1
0.00635660 1
0.00669230 1
0.00730900 1
0.00617950 1
0.00645890 1
0.00717750 1
0.00617550 1
0.00610570 1
0.00711530 1
0.00586780 1
0.00625370 1
0.00688870 1
0.00588730 1
0.00603550 1
0.00659290 1
0.00562690 1
-
-
-
-
0.02457020 0
0.00842990 1
0.00844560 1
0.00848270 1
0.00782330 1
0.00781500 1
0.00703510 1
0.00620220 1
0.00659390 1
0.00663570 1
0.00706360 1
0.00618150 1
0.00704740 1
0.00674100 1
0.00700760 1
0.00716710 1
0.00635110 1
0.00677490 1
0.00624460 1
0.00645620 1
0.00721520 1
0.00645960 1
0.00629330 1
0.00702700 1
0.00649180 1
0.00819570 1
0.00622340 1
0.00704540 1
0.00744240 1
0.00664820 1
0.00722340 1
0.00604840 1
0.00673180 1
0.00711800 1
0.00657050 1
0.00613280 1
0.00650890 1
0.00673100 1
0.00712720 1
0.00622570 1
0.00626550 1
0.00659020 1
0.00662730 1
0.00752020 1
0.00683700 1
0.00648430 1
0.00622310 1
0.00681710 1
0.00716270 1
0.00686160 1
0.00627940 1
0.00706530 1
0.00645990 1
0.00709140 1
0.00617170 1
0.00648580 1
0.00695730 1
0.00676830 1
0.00722610 1
0.00616770 1
0.00671380 1
0.00734870 1
0.00636120 1
0.00616530 1
0.00652470 1
0.00655540 1
0.00688090 1
0.00594780 1
0.00616680 1
0.00635640 1
0.00632630 1
0.00696340 1
0.00620920 1
0.00680130 1
0.00613130 1
0.00717810 1
0.00725800 1
0.00718350 1
0.00647500 1
0.00682160 1
0.00713530 1
0.00787770 1
0.00689240 1
0.00718880 1
0.00785110 1
0.00758650 1
0.00799010 1
0.00707000 1
0.00697800 1
0.00759360 1
0.00646970 1
0.00620750 1
0.00623540 1
