1
263.00,119.13,113.00,81.74
262.00,120.13,113.00,81.74
260.00,121.13,113.00,81.74
258.00,122.13,113.00,81.74
257.00,123.13,113.00,81.74
256.00,123.13,113.00,81.74
254.00,124.13,113.00,81.74
253.00,124.13,113.00,81.74
252.00,124.13,113.00,81.74
252.00,124.13,113.00,81.74
252.00,124.13,113.00,81.74
252.00,124.13,113.00,81.74
252.00,124.13,113.00,81.74
252.00,124.13,113.00,81.74
252.00,124.13,113.00,81.74
252.00,124.13,113.00,81.74
252.00,124.13,113.00,81.74
252.00,124.13,113.00,81.74
252.00,124.13,113.00,81.74
252.00,124.13,113.00,81.74
252.00,124.13,113.00,81.74
252.00,123.13,113.00,81.74
252.00,123.13,113.00,81.74
252.00,123.13,113.00,81.74
250.00,123.13,113.00,81.74
248.00,123.13,113.00,81.74
246.00,123.13,113.00,81.74
244.00,122.13,113.00,81.74
241.00,120.13,113.00,81.74
239.00,119.13,113.00,81.74
236.00,117.13,113.00,81.74
233.00,116.13,113.00,81.74
2
0
0
0
0
1
349.57,141.64,118.94,94.90
346.57,140.64,118.94,94.90
344.57,139.64,118.94,94.90
342.57,138.64,118.94,94.90
340.57,138.64,118.94,94.90
338.57,139.64,118.94,94.90
337.57,139.64,118.94,94.90
335.57,138.64,118.94,94.90
334.57,139.64,118.94,94.90
332.57,138.64,118.94,94.90
331.57,139.64,118.94,94.90
329.57,139.64,118.94,94.90
329.57,138.64,118.94,94.90
327.57,138.64,118.94,94.90
326.57,139.64,118.94,94.90
325.57,137.64,118.94,94.90
323.57,135.64,118.94,94.90
321.57,133.64,118.94,94.90
319.57,131.64,118.94,94.90
315.57,128.64,118.94,94.90
313.57,126.64,118.94,94.90
309.57,122.64,118.94,94.90
306.57,119.64,118.94,94.90
302.57,116.64,118.94,94.90
297.57,112.64,118.94,94.90
293.57,109.64,118.94,94.90
288.57,105.64,118.94,94.90
284.57,102.64,118.94,94.90
280.57,100.64,118.94,94.90
276.57,97.64,118.94,94.90
272.57,95.64,118.94,94.90
268.57,94.64,118.94,94.90
264.57,93.64,118.94,94.90
260.57,93.64,118.94,94.90
256.57,92.64,118.94,94.90
252.57,93.64,118.94,94.90
248.57,93.64,118.94,94.90
244.57,93.64,118.94,94.90
2
0
0
0
0
1
352.00,135.00,22.00,51.00
351.00,135.00,22.00,51.00
350.00,165.00,22.00,51.00
364.00,147.00,22.00,51.00
2
0
0
0
0
1
343.00,130.00,21.00,47.00
343.00,130.00,21.00,47.00
344.00,133.00,21.00,47.00
344.00,136.00,21.00,47.00
343.00,139.00,21.00,47.00
343.00,140.00,21.00,47.00
343.00,142.00,21.00,47.00
343.00,144.00,21.00,47.00
342.00,146.00,21.00,47.00
342.00,148.00,21.00,47.00
342.00,150.00,21.00,47.00
342.00,152.00,21.00,47.00
342.00,153.00,21.00,47.00
341.00,154.00,21.00,47.00
341.00,155.00,21.00,47.00
341.00,157.00,21.00,47.00
341.00,158.00,21.00,47.00
341.00,160.00,21.00,47.00
341.00,161.00,21.00,47.00
341.00,162.00,21.00,47.00
340.00,163.00,21.00,47.00
340.00,164.00,21.00,47.00
340.00,165.00,21.00,47.00
340.00,165.00,21.00,47.00
340.00,165.00,21.00,47.00
340.00,165.00,21.00,47.00
340.00,167.00,21.00,47.00
340.00,168.00,21.00,47.00
340.00,169.00,21.00,47.00
340.00,171.00,21.00,47.00
2
0
0
0
0
1
325.00,142.00,40.00,32.00
325.00,142.00,40.00,32.00
325.00,143.00,40.00,32.00
324.00,143.00,40.00,32.00
324.00,144.00,40.00,32.00
324.00,144.00,40.00,32.00
324.00,145.00,40.00,32.00
324.00,145.00,40.00,32.00
324.00,145.00,40.00,32.00
324.00,144.00,40.00,32.00
323.00,144.00,40.00,32.00
321.00,144.00,40.00,32.00
319.00,144.00,40.00,32.00
318.00,144.00,40.00,32.00
317.00,144.00,40.00,32.00
316.00,144.00,40.00,32.00
315.00,143.00,40.00,32.00
314.00,143.00,40.00,32.00
313.00,143.00,40.00,32.00
312.00,144.00,40.00,32.00
311.00,146.00,40.00,32.00
310.00,146.00,40.00,32.00
309.00,147.00,40.00,32.00
309.00,148.00,40.00,32.00
309.00,149.00,40.00,32.00
309.00,150.00,40.00,32.00
309.00,151.00,40.00,32.00
308.00,152.00,40.00,32.00
307.00,153.00,40.00,32.00
306.00,154.00,40.00,32.00
306.00,155.00,40.00,32.00
305.00,155.00,40.00,32.00
305.00,155.00,40.00,32.00
306.00,156.00,40.00,32.00
306.00,156.00,40.00,32.00
309.00,155.00,40.00,32.00
309.00,155.00,40.00,32.00
307.00,156.00,40.00,32.00
307.00,157.00,40.00,32.00
307.00,157.00,40.00,32.00
307.00,157.00,40.00,32.00
307.00,157.00,40.00,32.00
307.00,157.00,40.00,32.00
307.00,157.00,40.00,32.00
307.00,157.00,40.00,32.00
2
0
0
0
0
1
345.00,122.00,71.00,25.00
345.00,122.00,71.00,25.00
344.00,122.00,71.00,25.00
344.00,122.00,71.00,25.00
343.00,122.00,71.00,25.00
343.00,122.00,71.00,25.00
343.00,122.00,71.00,25.00
343.00,122.00,71.00,25.00
343.00,122.00,71.00,25.00
343.00,122.00,71.00,25.00
342.00,122.00,71.00,25.00
342.00,122.00,71.00,25.00
341.00,122.00,71.00,25.00
341.00,122.00,71.00,25.00
341.00,122.00,71.00,25.00
341.00,122.00,71.00,25.00
341.00,122.00,71.00,25.00
2
0
0
0
0
1
400.93,92.33,73.14,42.01
394.93,95.33,73.14,42.01
388.93,97.33,73.14,42.01
384.93,98.33,73.14,42.01
381.93,98.33,73.14,42.01
378.93,99.33,73.14,42.01
375.93,101.33,73.14,42.01
373.93,102.33,73.14,42.01
371.93,103.33,73.14,42.01
370.93,104.33,73.14,42.01
368.93,106.33,73.14,42.01
366.93,108.33,73.14,42.01
364.93,110.33,73.14,42.01
362.93,111.33,73.14,42.01
361.93,113.33,73.14,42.01
359.93,115.33,73.14,42.01
359.93,117.33,73.14,42.01
357.93,119.33,73.14,42.01
356.93,121.33,73.14,42.01
354.93,123.33,73.14,42.01
353.93,124.33,73.14,42.01
2
0
0
0
0
1
432.56,119.32,66.88,45.36
432.56,119.32,66.88,45.36
431.56,119.32,66.88,45.36
428.56,119.32,66.88,45.36
426.56,119.32,66.88,45.36
424.56,120.32,66.88,45.36
423.56,121.32,66.88,45.36
422.56,123.32,66.88,45.36
421.56,126.32,66.88,45.36
421.56,129.32,66.88,45.36
420.56,131.32,66.88,45.36
418.56,134.32,66.88,45.36
416.56,137.32,66.88,45.36
416.56,138.32,66.88,45.36
414.56,141.32,66.88,45.36
412.56,144.32,66.88,45.36
410.56,147.32,66.88,45.36
407.56,149.32,66.88,45.36
404.56,150.32,66.88,45.36
401.56,152.32,66.88,45.36
399.56,154.32,66.88,45.36
399.56,156.32,66.88,45.36
399.56,157.32,66.88,45.36
397.56,158.32,66.88,45.36
395.56,159.32,66.88,45.36
394.56,160.32,66.88,45.36
392.56,161.32,66.88,45.36
391.56,161.32,66.88,45.36
390.56,161.32,66.88,45.36
389.56,161.32,66.88,45.36
388.56,161.32,66.88,45.36
388.56,161.32,66.88,45.36
388.56,161.32,66.88,45.36
388.56,161.32,66.88,45.36
388.56,162.32,66.88,45.36
388.56,162.32,66.88,45.36
388.56,162.32,66.88,45.36
388.56,162.32,66.88,45.36
388.56,162.32,66.88,45.36
388.56,162.32,66.88,45.36
388.56,162.32,66.88,45.36
388.56,162.32,66.88,45.36
388.56,161.32,66.88,45.36
388.56,161.32,66.88,45.36
388.56,161.32,66.88,45.36
388.56,161.32,66.88,45.36
388.56,161.32,66.88,45.36
388.56,160.32,66.88,45.36
387.56,160.32,66.88,45.36
387.56,161.32,66.88,45.36
387.56,160.32,66.88,45.36
387.56,160.32,66.88,45.36
387.56,160.32,66.88,45.36
387.56,160.32,66.88,45.36
387.56,160.32,66.88,45.36
387.56,160.32,66.88,45.36
387.56,160.32,66.88,45.36
387.56,160.32,66.88,45.36
387.56,160.32,66.88,45.36
387.56,160.32,66.88,45.36
387.56,160.32,66.88,45.36
387.56,160.32,66.88,45.36
387.56,160.32,66.88,45.36
387.56,160.32,66.88,45.36
387.56,160.32,66.88,45.36
387.56,160.32,66.88,45.36
387.56,160.32,66.88,45.36
387.56,160.32,66.88,45.36
387.56,160.32,66.88,45.36
387.56,160.32,66.88,45.36
388.56,159.32,66.88,45.36
389.56,158.32,66.88,45.36
391.56,157.32,66.88,45.36
392.56,156.32,66.88,45.36
393.56,154.32,66.88,45.36
393.56,153.32,66.88,45.36
393.56,152.32,66.88,45.36
393.56,151.32,66.88,45.36
393.56,150.32,66.88,45.36
2
