0.01119640 0
0.01329530 1
0.01346180 1
0.01182240 1
0.00980940 1
0.00815210 1
0.00678750 1
0.00688570 1
0.00707110 1
0.00676130 1
0.00716520 1
0.00849450 1
0.00655430 1
0.00719860 1
0.00787750 1
0.00657230 1
0.00733240 1
0.00797800 1
0.00651060 1
0.00722660 1
0.00797430 1
0.00645650 1
0.00733120 1
0.00929530 1
0.00740550 1
0.00827150 1
0.00899110 1
0.00665510 1
0.00953740 1
0.00860930 1
0.00675720 1
0.00766150 1
0.00884070 1
0.00714170 1
-
-
-
-
0.00901800 0
0.01061860 1
0.01061020 1
0.01093420 1
0.01128810 1
0.01188510 1
0.03826300 1
0.00919860 1
0.00893420 1
0.01050400 1
0.00881870 1
0.00913530 1
0.01054000 1
0.00912920 1
0.01088520 1
0.01075160 1
0.00833510 1
0.01084280 1
0.00882500 1
0.00922480 1
0.00985780 1
0.00878530 1
0.00953040 1
0.01122670 1
0.00986480 1
0.01298980 1
0.01111680 1
0.00995330 1
0.00892600 1
0.00925990 1
0.00992320 1
0.01120410 1
0.00912200 1
0.01097850 1
0.01092470 1
0.01080010 1
0.01067110 1
0.02970190 1
0.00902950 1
0.00878880 1
-
-
-
-
0.00245450 0
0.00199220 1
0.00134260 1
0.00128940 1
0.00130400 1
0.00129280 1
-
-
-
-
0.00133970 0
0.00213240 1
0.00184610 1
0.00184360 1
0.00216110 1
0.00191970 1
0.00181210 1
0.00181920 1
0.00208340 1
0.00179880 1
0.00185920 1
0.00191430 1
0.00191710 1
0.00181610 1
0.00201910 1
0.00183460 1
0.00182360 1
0.00277040 1
0.00188830 1
0.00181450 1
0.00190730 1
0.00189640 1
0.00182040 1
0.00185090 1
0.00180420 1
0.00186380 1
0.00189000 1
0.00189470 1
0.00185780 1
0.00201200 1
0.00181360 1
0.00183780 1
-
-
-
-
0.00148650 0
0.00211560 1
0.00212620 1
0.00221300 1
0.00206950 1
0.00196710 1
0.00209900 1
0.00197240 1
0.00197200 1
0.00205120 1
0.00242570 1
0.00256570 1
0.00206930 1
0.00197720 1
0.00288400 1
0.00204840 1
0.00211780 1
0.00199100 1
0.00194320 1
0.00193950 1
0.00203150 1
0.00239950 1
0.00245090 1
0.00200100 1
0.00195890 1
0.00294680 1
0.00195260 1
0.00198880 1
0.00194540 1
0.00227290 1
0.00203780 1
0.00207280 1
0.00212430 1
0.00203380 1
0.00199940 1
0.00212020 1
0.00282480 1
0.00211340 1
0.00207220 1
0.00206650 1
0.00199300 1
0.00192840 1
0.00193370 1
0.00190950 1
0.00191390 1
0.00204450 1
0.00187650 1
-
-
-
-
0.00145930 0
0.00180240 1
0.00180910 1
0.00178570 1
0.00181510 1
0.00178230 1
0.00188110 1
0.00173690 1
0.00172190 1
0.00177770 1
0.00173810 1
0.00172220 1
0.00171560 1
0.00174260 1
0.00171840 1
0.00186260 1
0.00178580 1
0.00182060 1
0.00192640 1
-
-
-
-
0.00277850 0
0.00374920 1
0.00379760 1
0.00376270 1
0.00393790 1
0.00370240 1
0.00384450 1
0.00380760 1
0.00402550 1
0.00458780 1
0.00396370 1
0.00450370 1
0.00443490 1
0.00433430 1
0.00378020 1
0.00409240 1
0.00386330 1
0.00374020 1
0.00368930 1
0.00381470 1
0.00386720 1
0.00456280 1
0.00415650 1
-
-
-
-
0.00256850 0
0.00339090 1
0.00355700 1
0.00346860 1
0.00442020 1
0.00395480 1
0.00375040 1
0.00352570 1
0.00338660 1
0.00416380 1
0.00365480 1
0.00401260 1
0.00347480 1
0.00381540 1
0.00349930 1
0.00405710 1
0.00427080 1
0.00379480 1
0.00350570 1
0.00461500 1
0.00351520 1
0.00348820 1
0.00373780 1
0.00336440 1
0.00337200 1
0.00354840 1
0.00344240 1
0.00348630 1
0.00351100 1
0.00373400 1
0.00372710 1
0.00393100 1
0.00364120 1
0.00349740 1
0.00356510 1
0.00336860 1
0.00428700 1
0.00360530 1
0.00378440 1
0.00343770 1
0.00376850 1
0.00350270 1
0.00367290 1
0.00417430 1
0.00355190 1
0.00336870 1
0.00333160 1
0.00390490 1
0.00344410 1
0.00356990 1
0.00340320 1
0.00360160 1
0.00340660 1
0.00343650 1
0.00379540 1
0.00346050 1
0.00342410 1
0.00341760 1
0.00355370 1
0.00374060 1
0.00358460 1
0.00377610 1
0.00366630 1
0.00330740 1
0.00382340 1
0.00355680 1
0.00410440 1
0.00396010 1
0.00343880 1
0.00376230 1
0.00461300 1
0.00348360 1
0.00341010 1
0.00345380 1
0.00344000 1
0.00347210 1
0.00353490 1
0.00376150 1
0.00346200 1
0.00349390 1
0.00414680 1
