0.01119640
0.01329530
0.01346180
0.01182240
0.00980940
0.00815210
0.00678750
0.00688570
0.00707110
0.00676130
0.00716520
0.00849450
0.00655430
0.00719860
0.00787750
0.00657230
0.00733240
0.00797800
0.00651060
0.00722660
0.00797430
0.00645650
0.00733120
0.00929530
0.00740550
0.00827150
0.00899110
0.00665510
0.00953740
0.00860930
0.00675720
0.00766150
0.00884070
0.00714170
0.00000000
0.00000000
0.00000000
0.00000000
0.00901800
0.01061860
0.01061020
0.01093420
0.01128810
0.01188510
0.03826300
0.00919860
0.00893420
0.01050400
0.00881870
0.00913530
0.01054000
0.00912920
0.01088520
0.01075160
0.00833510
0.01084280
0.00882500
0.00922480
0.00985780
0.00878530
0.00953040
0.01122670
0.00986480
0.01298980
0.01111680
0.00995330
0.00892600
0.00925990
0.00992320
0.01120410
0.00912200
0.01097850
0.01092470
0.01080010
0.01067110
0.02970190
0.00902950
0.00878880
0.00000000
0.00000000
0.00000000
0.00000000
0.00245450
0.00199220
0.00134260
0.00128940
0.00130400
0.00129280
0.00000000
0.00000000
0.00000000
0.00000000
0.00133970
0.00213240
0.00184610
0.00184360
0.00216110
0.00191970
0.00181210
0.00181920
0.00208340
0.00179880
0.00185920
0.00191430
0.00191710
0.00181610
0.00201910
0.00183460
0.00182360
0.00277040
0.00188830
0.00181450
0.00190730
0.00189640
0.00182040
0.00185090
0.00180420
0.00186380
0.00189000
0.00189470
0.00185780
0.00201200
0.00181360
0.00183780
0.00000000
0.00000000
0.00000000
0.00000000
0.00148650
0.00211560
0.00212620
0.00221300
0.00206950
0.00196710
0.00209900
0.00197240
0.00197200
0.00205120
0.00242570
0.00256570
0.00206930
0.00197720
0.00288400
0.00204840
0.00211780
0.00199100
0.00194320
0.00193950
0.00203150
0.00239950
0.00245090
0.00200100
0.00195890
0.00294680
0.00195260
0.00198880
0.00194540
0.00227290
0.00203780
0.00207280
0.00212430
0.00203380
0.00199940
0.00212020
0.00282480
0.00211340
0.00207220
0.00206650
0.00199300
0.00192840
0.00193370
0.00190950
0.00191390
0.00204450
0.00187650
0.00000000
0.00000000
0.00000000
0.00000000
0.00145930
0.00180240
0.00180910
0.00178570
0.00181510
0.00178230
0.00188110
0.00173690
0.00172190
0.00177770
0.00173810
0.00172220
0.00171560
0.00174260
0.00171840
0.00186260
0.00178580
0.00182060
0.00192640
0.00000000
0.00000000
0.00000000
0.00000000
0.00277850
0.00374920
0.00379760
0.00376270
0.00393790
0.00370240
0.00384450
0.00380760
0.00402550
0.00458780
0.00396370
0.00450370
0.00443490
0.00433430
0.00378020
0.00409240
0.00386330
0.00374020
0.00368930
0.00381470
0.00386720
0.00456280
0.00415650
0.00000000
0.00000000
0.00000000
0.00000000
0.00256850
0.00339090
0.00355700
0.00346860
0.00442020
0.00395480
0.00375040
0.00352570
0.00338660
0.00416380
0.00365480
0.00401260
0.00347480
0.00381540
0.00349930
0.00405710
0.00427080
0.00379480
0.00350570
0.00461500
0.00351520
0.00348820
0.00373780
0.00336440
0.00337200
0.00354840
0.00344240
0.00348630
0.00351100
0.00373400
0.00372710
0.00393100
0.00364120
0.00349740
0.00356510
0.00336860
0.00428700
0.00360530
0.00378440
0.00343770
0.00376850
0.00350270
0.00367290
0.00417430
0.00355190
0.00336870
0.00333160
0.00390490
0.00344410
0.00356990
0.00340320
0.00360160
0.00340660
0.00343650
0.00379540
0.00346050
0.00342410
0.00341760
0.00355370
0.00374060
0.00358460
0.00377610
0.00366630
0.00330740
0.00382340
0.00355680
0.00410440
0.00396010
0.00343880
0.00376230
0.00461300
0.00348360
0.00341010
0.00345380
0.00344000
0.00347210
0.00353490
0.00376150
0.00346200
0.00349390
0.00414680
