0.00702780 0
0.00231920 1
0.00266150 1
0.00243500 1
0.00356660 1
0.00242780 1
0.00326930 1
0.00281010 1
0.00223190 1
0.00240990 1
0.00371110 1
0.00217010 1
0.00219020 1
0.00272710 1
0.00214870 1
0.00211030 1
0.00209480 1
0.00261460 1
0.00214800 1
0.00210880 1
0.00219690 1
0.00212340 1
0.00209510 1
0.00212640 1
0.00208280 1
0.00218710 1
0.00221880 1
0.00208880 1
0.00218850 1
0.00212660 1
0.00225900 1
0.00209220 1
0.00208020 1
0.00208570 1
0.00217190 1
0.00209120 1
0.00218940 1
0.00208500 1
0.00256850 1
0.00266190 1
0.00307930 1
0.00266500 1
0.00219460 1
0.00216860 1
0.00207910 1
0.00212320 1
0.00318010 1
0.00217500 1
0.00211890 1
0.00220350 1
0.00214530 1
0.00209390 1
0.00209080 1
0.00218330 1
0.00209320 1
0.00209430 1
0.00218850 1
0.00208760 1
0.00209820 1
0.00208410 1
0.00209050 1
0.00215710 1
0.00221490 1
0.00210430 1
0.00217890 1
0.00208490 1
0.00222890 1
0.00212750 1
0.00208150 1
0.00218580 1
0.00218750 1
0.00210330 1
0.00218710 1
0.00208900 1
0.00220030 1
0.00208310 1
0.00207840 1
0.00241380 1
0.00224210 1
0.00248250 1
0.00213120 1
0.00214130 1
0.00218900 1
0.00221890 1
0.00208640 1
0.00209030 1
0.00252680 1
0.00231730 1
0.00220360 1
0.00221850 1
0.00237950 1
0.00230520 1
0.00226410 1
0.00226930 1
0.00237840 1
0.00235330 1
0.00221270 1
0.00225430 1
0.00224650 1
0.00231560 1
0.00255000 1
0.00268630 1
0.00230290 1
0.00229190 1
0.00224670 1
0.00231300 1
0.00226050 1
0.00229030 1
0.00220460 1
0.00233910 1
0.00250880 1
0.00322880 1
0.00226090 1
0.00225330 1
0.00253040 1
0.00251940 1
0.00238300 1
0.00263430 1
0.00242870 1
0.00228260 1
0.00230790 1
0.00237510 1
0.00219020 1
0.00225770 1
0.00222860 1
0.00219560 1
0.00232820 1
0.00219860 1
0.00231490 1
0.00222560 1
0.00219470 1
0.00245220 1
0.00226410 1
0.00236080 1
0.00223670 1
0.00226150 1
0.00251330 1
0.00223280 1
0.00229020 1
0.00231380 1
0.00228830 1
0.00226200 1
0.00257130 1
0.00255900 1
0.00227080 1
0.00244260 1
0.00225420 1
0.00234500 1
0.00217810 1
0.00221040 1
0.00253930 1
0.00229890 1
0.00236120 1
0.00225120 1
0.00227020 1
0.00225540 1
0.00225330 1
0.00229440 1
0.00221580 1
0.00223420 1
0.00223450 1
0.00229320 1
0.00229290 1
0.00219610 1
0.00217590 1
0.00239600 1
0.00225720 1
0.00225350 1
0.00222020 1
0.00221680 1
0.00234880 1
0.00219810 1
