0.00702780
0.00231920
0.00266150
0.00243500
0.00356660
0.00242780
0.00326930
0.00281010
0.00223190
0.00240990
0.00371110
0.00217010
0.00219020
0.00272710
0.00214870
0.00211030
0.00209480
0.00261460
0.00214800
0.00210880
0.00219690
0.00212340
0.00209510
0.00212640
0.00208280
0.00218710
0.00221880
0.00208880
0.00218850
0.00212660
0.00225900
0.00209220
0.00208020
0.00208570
0.00217190
0.00209120
0.00218940
0.00208500
0.00256850
0.00266190
0.00307930
0.00266500
0.00219460
0.00216860
0.00207910
0.00212320
0.00318010
0.00217500
0.00211890
0.00220350
0.00214530
0.00209390
0.00209080
0.00218330
0.00209320
0.00209430
0.00218850
0.00208760
0.00209820
0.00208410
0.00209050
0.00215710
0.00221490
0.00210430
0.00217890
0.00208490
0.00222890
0.00212750
0.00208150
0.00218580
0.00218750
0.00210330
0.00218710
0.00208900
0.00220030
0.00208310
0.00207840
0.00241380
0.00224210
0.00248250
0.00213120
0.00214130
0.00218900
0.00221890
0.00208640
0.00209030
0.00252680
0.00231730
0.00220360
0.00221850
0.00237950
0.00230520
0.00226410
0.00226930
0.00237840
0.00235330
0.00221270
0.00225430
0.00224650
0.00231560
0.00255000
0.00268630
0.00230290
0.00229190
0.00224670
0.00231300
0.00226050
0.00229030
0.00220460
0.00233910
0.00250880
0.00322880
0.00226090
0.00225330
0.00253040
0.00251940
0.00238300
0.00263430
0.00242870
0.00228260
0.00230790
0.00237510
0.00219020
0.00225770
0.00222860
0.00219560
0.00232820
0.00219860
0.00231490
0.00222560
0.00219470
0.00245220
0.00226410
0.00236080
0.00223670
0.00226150
0.00251330
0.00223280
0.00229020
0.00231380
0.00228830
0.00226200
0.00257130
0.00255900
0.00227080
0.00244260
0.00225420
0.00234500
0.00217810
0.00221040
0.00253930
0.00229890
0.00236120
0.00225120
0.00227020
0.00225540
0.00225330
0.00229440
0.00221580
0.00223420
0.00223450
0.00229320
0.00229290
0.00219610
0.00217590
0.00239600
0.00225720
0.00225350
0.00222020
0.00221680
0.00234880
0.00219810
