0.01291130
0.00417730
0.00590650
0.00784390
0.00399830
0.00591500
0.00413650
0.00515390
0.00365840
0.00352260
0.00385250
0.00363080
0.00373570
0.00353350
0.00353260
0.00369990
0.00356010
0.00495790
0.00380660
0.00352140
0.00363240
0.00354000
0.00350990
0.00388970
0.00360880
0.00359530
0.00395070
0.00434850
0.00398400
0.00373990
0.00362140
0.00394340
0.00472140
0.00357340
0.00350550
0.00353050
0.00386810
0.00511950
0.00387270
0.00374410
0.00360270
0.00472340
0.00419080
0.00370600
0.00371650
0.00344420
0.00402290
0.00446440
0.00357030
0.00364960
0.00357160
0.00359400
0.00388510
0.00381230
0.00397860
0.00378810
0.00396470
0.00379110
0.00381900
0.00391690
0.00377290
0.00382070
0.00395570
0.00377030
0.00379730
0.00386650
0.00388850
0.00371830
0.00382200
0.00381700
0.00460180
0.00485640
0.00396480
0.00383720
0.00385690
0.00414430
0.00470130
0.00379270
0.00379120
0.00376140
0.00420240
0.00453640
0.00387910
0.00394750
0.00388710
0.00419840
0.00476230
0.00408810
0.00384330
0.00380630
0.00424890
0.00461320
0.00412400
0.00383060
0.00380320
0.00374710
0.00371990
0.00371970
0.00386370
0.00404950
0.00380350
0.00383490
0.00383650
0.00384340
0.00382960
0.00377830
0.00405940
0.00449620
0.00417190
0.00439130
0.00487910
0.00388020
0.00398770
0.00455240
0.00575400
0.00460390
0.00390240
0.00464900
0.00434840
0.00426230
0.00472690
0.00397560
0.00382220
0.00381880
0.00421420
0.00509440
0.00428740
0.00429360
0.00401060
0.00435850
0.00552760
0.00431820
0.00411840
0.00432450
0.00460050
0.00640200
0.00412350
0.00363910
0.00406920
0.00374690
0.00367250
0.00362940
0.00364330
0.00367400
0.00374640
0.00363210
0.00369170
0.00351700
0.00365910
0.00473260
0.00387100
0.00356780
0.00388870
0.00393290
0.00459760
0.00388780
0.00375230
0.00362330
0.00394780
0.00424090
0.00352990
0.00364320
0.00364490
0.00399200
0.00455790
0.00361700
0.00364030
0.00356180
0.00352830
0.00451420
0.00355580
0.00350940
0.00377430
0.00383020
0.00450680
0.00370910
0.00356660
0.00362350
0.00394980
0.00450920
0.00363590
0.00353560
0.00362630
0.00364210
0.00351330
0.00373170
0.00406840
0.00360800
0.00371630
0.00362830
0.00360900
0.00371670
0.00352620
0.00361470
0.00392240
0.00353460
0.00371430
0.00392680
0.00430850
0.00370420
0.00356470
0.00355460
0.00352740
0.00439010
0.00382490
0.00356750
0.00371040
0.00399810
0.00439840
0.00364000
0.00371720
0.00364800
0.00362060
0.00486070
0.00377480
0.00365170
0.00394230
0.00421290
0.00449500
0.00363730
0.00348660
0.00361250
0.00349010
0.00446770
0.00364620
0.00351440
0.00352250
0.00375760
0.00379080
0.00364170
0.00351120
0.00357350
0.00486910
0.00383910
0.00374690
0.00420630
0.00398720
0.00430460
0.00367120
0.00365340
0.00364230
0.00392130
0.00434520
0.00371390
0.00368530
0.00363120
0.00432360
0.00452410
0.00362450
0.00356510
0.00362210
0.00376130
0.00388280
0.00357770
0.00356800
0.00360160
0.00411010
0.00562000
0.00386760
0.00362380
0.00352630
0.00396850
0.00439220
0.00356440
0.00416210
0.00355470
0.00360950
0.00359250
0.00359880
0.00402170
0.00367600
0.00359910
0.00447470
0.00360670
0.00381970
0.00377210
0.00368500
0.00359810
0.00349060
0.00373670
0.00406720
0.00484270
0.00364080
0.00371070
0.00397790
0.00496430
0.00450200
0.00369570
0.00375660
0.00356280
0.00393620
0.00436250
0.00352130
0.00374810
0.00350400
0.00365400
0.00367360
0.00352390
0.00366720
0.00351260
0.00357810
0.00450260
0.00381660
0.00396970
0.00388040
0.00473450
0.00468500
0.00389580
0.00370140
0.00376180
0.00365090
0.00353080
0.00380570
0.00346940
0.00350120
0.00358890
0.00358690
0.00363600
0.00356100
0.00361980
0.00364200
0.00439690
0.00383270
0.00363600
0.00387130
0.00483530
0.00370640
0.00359610
0.00359700
0.00411670
0.00442600
0.00366830
0.00367340
0.00353500
0.00405710
0.00453110
0.00379870
0.00357010
0.00365570
0.00354440
0.00352270
0.00350140
0.00371880
0.00367980
0.00453900
0.00442920
0.00386640
0.00352100
0.00348720
0.00400160
0.00355580
0.00395240
0.00361870
0.00349110
0.00368820
0.00349520
0.00360360
0.00356170
0.00357760
0.00492020
0.00366460
0.00370180
0.00365330
0.00353720
0.00355460
0.00355990
0.00365050
0.00354510
0.00392790
0.00430030
0.00359110
