0.01291130 0
0.00417730 1
0.00590650 1
0.00784390 1
0.00399830 1
0.00591500 1
0.00413650 1
0.00515390 1
0.00365840 1
0.00352260 1
0.00385250 1
0.00363080 1
0.00373570 1
0.00353350 1
0.00353260 1
0.00369990 1
0.00356010 1
0.00495790 1
0.00380660 1
0.00352140 1
0.00363240 1
0.00354000 1
0.00350990 1
0.00388970 1
0.00360880 1
0.00359530 1
0.00395070 1
0.00434850 1
0.00398400 1
0.00373990 1
0.00362140 1
0.00394340 1
0.00472140 1
0.00357340 1
0.00350550 1
0.00353050 1
0.00386810 1
0.00511950 1
0.00387270 1
0.00374410 1
0.00360270 1
0.00472340 1
0.00419080 1
0.00370600 1
0.00371650 1
0.00344420 1
0.00402290 1
0.00446440 1
0.00357030 1
0.00364960 1
0.00357160 1
0.00359400 1
0.00388510 1
0.00381230 1
0.00397860 1
0.00378810 1
0.00396470 1
0.00379110 1
0.00381900 1
0.00391690 1
0.00377290 1
0.00382070 1
0.00395570 1
0.00377030 1
0.00379730 1
0.00386650 1
0.00388850 1
0.00371830 1
0.00382200 1
0.00381700 1
0.00460180 1
0.00485640 1
0.00396480 1
0.00383720 1
0.00385690 1
0.00414430 1
0.00470130 1
0.00379270 1
0.00379120 1
0.00376140 1
0.00420240 1
0.00453640 1
0.00387910 1
0.00394750 1
0.00388710 1
0.00419840 1
0.00476230 1
0.00408810 1
0.00384330 1
0.00380630 1
0.00424890 1
0.00461320 1
0.00412400 1
0.00383060 1
0.00380320 1
0.00374710 1
0.00371990 1
0.00371970 1
0.00386370 1
0.00404950 1
0.00380350 1
0.00383490 1
0.00383650 1
0.00384340 1
0.00382960 1
0.00377830 1
0.00405940 1
0.00449620 1
0.00417190 1
0.00439130 1
0.00487910 1
0.00388020 1
0.00398770 1
0.00455240 1
0.00575400 1
0.00460390 1
0.00390240 1
0.00464900 1
0.00434840 1
0.00426230 1
0.00472690 1
0.00397560 1
0.00382220 1
0.00381880 1
0.00421420 1
0.00509440 1
0.00428740 1
0.00429360 1
0.00401060 1
0.00435850 1
0.00552760 1
0.00431820 1
0.00411840 1
0.00432450 1
0.00460050 1
0.00640200 1
0.00412350 1
0.00363910 1
0.00406920 1
0.00374690 1
0.00367250 1
0.00362940 1
0.00364330 1
0.00367400 1
0.00374640 1
0.00363210 1
0.00369170 1
0.00351700 1
0.00365910 1
0.00473260 1
0.00387100 1
0.00356780 1
0.00388870 1
0.00393290 1
0.00459760 1
0.00388780 1
0.00375230 1
0.00362330 1
0.00394780 1
0.00424090 1
0.00352990 1
0.00364320 1
0.00364490 1
0.00399200 1
0.00455790 1
0.00361700 1
0.00364030 1
0.00356180 1
0.00352830 1
0.00451420 1
0.00355580 1
0.00350940 1
0.00377430 1
0.00383020 1
0.00450680 1
0.00370910 1
0.00356660 1
0.00362350 1
0.00394980 1
0.00450920 1
0.00363590 1
0.00353560 1
0.00362630 1
0.00364210 1
0.00351330 1
0.00373170 1
0.00406840 1
0.00360800 1
0.00371630 1
0.00362830 1
0.00360900 1
0.00371670 1
0.00352620 1
0.00361470 1
0.00392240 1
0.00353460 1
0.00371430 1
0.00392680 1
0.00430850 1
0.00370420 1
0.00356470 1
0.00355460 1
0.00352740 1
0.00439010 1
0.00382490 1
0.00356750 1
0.00371040 1
0.00399810 1
0.00439840 1
0.00364000 1
0.00371720 1
0.00364800 1
0.00362060 1
0.00486070 1
0.00377480 1
0.00365170 1
0.00394230 1
0.00421290 1
0.00449500 1
0.00363730 1
0.00348660 1
0.00361250 1
0.00349010 1
0.00446770 1
0.00364620 1
0.00351440 1
0.00352250 1
0.00375760 1
0.00379080 1
0.00364170 1
0.00351120 1
0.00357350 1
0.00486910 1
0.00383910 1
0.00374690 1
0.00420630 1
0.00398720 1
0.00430460 1
0.00367120 1
0.00365340 1
0.00364230 1
0.00392130 1
0.00434520 1
0.00371390 1
0.00368530 1
0.00363120 1
0.00432360 1
0.00452410 1
0.00362450 1
0.00356510 1
0.00362210 1
0.00376130 1
0.00388280 1
0.00357770 1
0.00356800 1
0.00360160 1
0.00411010 1
0.00562000 1
0.00386760 1
0.00362380 1
0.00352630 1
0.00396850 1
0.00439220 1
0.00356440 1
0.00416210 1
0.00355470 1
0.00360950 1
0.00359250 1
0.00359880 1
0.00402170 1
0.00367600 1
0.00359910 1
0.00447470 1
0.00360670 1
0.00381970 1
0.00377210 1
0.00368500 1
0.00359810 1
0.00349060 1
0.00373670 1
0.00406720 1
0.00484270 1
0.00364080 1
0.00371070 1
0.00397790 1
0.00496430 1
0.00450200 1
0.00369570 1
0.00375660 1
0.00356280 1
0.00393620 1
0.00436250 1
0.00352130 1
0.00374810 1
0.00350400 1
0.00365400 1
0.00367360 1
0.00352390 1
0.00366720 1
0.00351260 1
0.00357810 1
0.00450260 1
0.00381660 1
0.00396970 1
0.00388040 1
0.00473450 1
0.00468500 1
0.00389580 1
0.00370140 1
0.00376180 1
0.00365090 1
0.00353080 1
0.00380570 1
0.00346940 1
0.00350120 1
0.00358890 1
0.00358690 1
0.00363600 1
0.00356100 1
0.00361980 1
0.00364200 1
0.00439690 1
0.00383270 1
0.00363600 1
0.00387130 1
0.00483530 1
0.00370640 1
0.00359610 1
0.00359700 1
0.00411670 1
0.00442600 1
0.00366830 1
0.00367340 1
0.00353500 1
0.00405710 1
0.00453110 1
0.00379870 1
0.00357010 1
0.00365570 1
0.00354440 1
0.00352270 1
0.00350140 1
0.00371880 1
0.00367980 1
0.00453900 1
0.00442920 1
0.00386640 1
0.00352100 1
0.00348720 1
0.00400160 1
0.00355580 1
0.00395240 1
0.00361870 1
0.00349110 1
0.00368820 1
0.00349520 1
0.00360360 1
0.00356170 1
0.00357760 1
0.00492020 1
0.00366460 1
0.00370180 1
0.00365330 1
0.00353720 1
0.00355460 1
0.00355990 1
0.00365050 1
0.00354510 1
0.00392790 1
0.00430030 1
0.00359110 1
