1
225.00,92.00,44.00,46.00
226.00,92.00,44.00,46.00
226.00,92.00,44.00,46.00
226.00,92.00,44.00,46.00
225.00,92.00,44.00,46.00
223.00,92.00,44.00,46.00
222.00,92.00,44.00,46.00
221.00,92.00,44.00,46.00
220.00,92.00,44.00,46.00
218.00,92.00,44.00,46.00
217.00,92.00,44.00,46.00
214.00,93.00,44.00,46.00
211.00,94.00,44.00,46.00
207.00,95.00,44.00,46.00
204.00,95.00,44.00,46.00
201.00,95.00,44.00,46.00
198.00,95.00,44.00,46.00
195.00,95.00,44.00,46.00
191.00,95.00,44.00,46.00
191.00,95.00,44.00,46.00
191.00,95.00,44.00,46.00
191.00,95.00,44.00,46.00
191.00,95.00,44.00,46.00
191.00,95.00,44.00,46.00
191.00,95.00,44.00,46.00
191.00,95.00,44.00,46.00
2
0
0
0
0
1
58.52,93.68,73.49,77.57
57.52,92.68,73.49,77.57
58.52,93.68,73.49,77.57
58.52,93.68,73.49,77.57
58.52,92.68,73.49,77.57
58.52,92.68,73.49,77.57
58.52,92.68,73.49,77.57
58.52,92.68,73.49,77.57
58.52,92.68,73.49,77.57
58.52,92.68,73.49,77.57
58.52,92.68,73.49,77.57
58.52,92.68,73.49,77.57
58.52,92.68,73.49,77.57
58.52,92.68,73.49,77.57
58.52,92.68,73.49,77.57
58.52,92.68,73.49,77.57
58.52,92.68,73.49,77.57
58.52,92.68,73.49,77.57
58.52,92.68,73.49,77.57
58.52,92.68,73.49,77.57
58.52,92.68,73.49,77.57
2
0
0
0
0
1
175.60,64.67,52.12,68.18
177.60,59.67,52.12,68.18
183.60,54.67,52.12,68.18
191.60,51.67,52.12,68.18
199.60,50.67,52.12,68.18
207.60,49.67,52.12,68.18
215.60,50.67,52.12,68.18
223.60,51.67,52.12,68.18
229.60,53.67,52.12,68.18
233.60,54.67,52.12,68.18
235.60,55.67,52.12,68.18
237.60,56.67,52.12,68.18
237.60,58.67,52.12,68.18
234.60,59.67,52.12,68.18
231.60,60.67,52.12,68.18
230.60,63.67,52.12,68.18
230.60,67.67,52.12,68.18
230.60,71.67,52.12,68.18
231.60,73.67,52.12,68.18
233.60,77.67,52.12,68.18
234.60,81.67,52.12,68.18
235.60,85.67,52.12,68.18
237.60,89.67,52.12,68.18
238.60,93.67,52.12,68.18
241.60,95.67,52.12,68.18
242.60,99.67,52.12,68.18
244.60,106.67,52.12,68.18
248.60,114.67,52.12,68.18
252.60,122.67,52.12,68.18
254.60,128.67,52.12,68.18
254.60,134.67,52.12,68.18
251.60,140.67,52.12,68.18
248.60,142.67,52.12,68.18
245.60,140.67,52.12,68.18
240.60,137.67,52.12,68.18
236.60,135.67,52.12,68.18
232.60,133.67,52.12,68.18
229.60,131.67,52.12,68.18
228.60,131.67,52.12,68.18
224.60,130.67,52.12,68.18
221.60,129.67,52.12,68.18
217.60,128.67,52.12,68.18
213.60,127.67,52.12,68.18
207.60,126.67,52.12,68.18
207.60,126.67,52.12,68.18
207.60,126.67,52.12,68.18
2
0
0
0
0
1
109.93,96.05,62.14,70.90
108.93,89.05,62.14,70.90
108.93,84.05,62.14,70.90
107.93,76.05,62.14,70.90
107.93,69.05,62.14,70.90
109.93,63.05,62.14,70.90
111.93,58.05,62.14,70.90
112.93,55.05,62.14,70.90
113.93,54.05,62.14,70.90
114.93,53.05,62.14,70.90
116.93,52.05,62.14,70.90
118.93,52.05,62.14,70.90
119.93,52.05,62.14,70.90
120.93,51.05,62.14,70.90
122.93,51.05,62.14,70.90
124.93,50.05,62.14,70.90
126.93,49.05,62.14,70.90
130.93,49.05,62.14,70.90
134.93,48.05,62.14,70.90
137.93,48.05,62.14,70.90
140.93,48.05,62.14,70.90
142.93,48.05,62.14,70.90
144.93,48.05,62.14,70.90
147.93,47.05,62.14,70.90
150.93,47.05,62.14,70.90
152.93,47.05,62.14,70.90
153.93,47.05,62.14,70.90
153.93,47.05,62.14,70.90
154.93,47.05,62.14,70.90
155.93,47.05,62.14,70.90
156.93,47.05,62.14,70.90
159.93,48.05,62.14,70.90
159.93,49.05,62.14,70.90
158.93,52.05,62.14,70.90
156.93,57.05,62.14,70.90
155.93,63.05,62.14,70.90
155.93,68.05,62.14,70.90
152.93,73.05,62.14,70.90
145.93,80.05,62.14,70.90
137.93,87.05,62.14,70.90
125.93,95.05,62.14,70.90
110.93,104.05,62.14,70.90
99.93,110.05,62.14,70.90
92.93,116.05,62.14,70.90
89.93,117.05,62.14,70.90
89.93,117.05,62.14,70.90
89.93,117.05,62.14,70.90
89.93,117.05,62.14,70.90
89.93,117.05,62.14,70.90
89.93,117.05,62.14,70.90
89.93,117.05,62.14,70.90
89.93,117.05,62.14,70.90
89.93,117.05,62.14,70.90
89.93,117.05,62.14,70.90
89.93,117.05,62.14,70.90
89.93,117.05,62.14,70.90
89.93,117.05,62.14,70.90
89.93,117.05,62.14,70.90
89.93,117.05,62.14,70.90
89.93,117.05,62.14,70.90
89.93,117.05,62.14,70.90
89.93,117.05,62.14,70.90
89.93,117.05,62.14,70.90
89.93,117.05,62.14,70.90
89.93,117.05,62.14,70.90
89.93,117.05,62.14,70.90
89.93,117.05,62.14,70.90
89.93,117.05,62.14,70.90
89.93,117.05,62.14,70.90
89.93,117.05,62.14,70.90
89.93,117.05,62.14,70.90
89.93,117.05,62.14,70.90
90.93,116.05,62.14,70.90
89.93,117.05,62.14,70.90
89.93,117.05,62.14,70.90
89.93,117.05,62.14,70.90
89.93,117.05,62.14,70.90
90.93,116.05,62.14,70.90
90.93,116.05,62.14,70.90
90.93,116.05,62.14,70.90
91.93,116.05,62.14,70.90
92.93,116.05,62.14,70.90
92.93,116.05,62.14,70.90
92.93,116.05,62.14,70.90
92.93,117.05,62.14,70.90
91.93,117.05,62.14,70.90
91.93,117.05,62.14,70.90
91.93,117.05,62.14,70.90
90.93,117.05,62.14,70.90
90.93,117.05,62.14,70.90
90.93,117.05,62.14,70.90
90.93,117.05,62.14,70.90
91.93,117.05,62.14,70.90
91.93,117.05,62.14,70.90
91.93,117.05,62.14,70.90
91.93,117.05,62.14,70.90
91.93,117.05,62.14,70.90
90.93,117.05,62.14,70.90
89.93,117.05,62.14,70.90
91.93,117.05,62.14,70.90
91.93,117.05,62.14,70.90
91.93,117.05,62.14,70.90
91.93,117.05,62.14,70.90
2
0
0
0
0
1
202.00,100.00,46.00,58.00
208.00,99.00,46.00,58.00
211.00,100.00,46.00,58.00
215.00,99.00,46.00,58.00
218.00,99.00,46.00,58.00
220.00,99.00,46.00,58.00
222.00,99.00,46.00,58.00
225.00,102.00,46.00,58.00
225.00,106.00,46.00,58.00
224.00,109.00,46.00,58.00
223.00,110.00,46.00,58.00
222.00,112.00,46.00,58.00
223.00,114.00,46.00,58.00
224.00,116.00,46.00,58.00
224.00,119.00,46.00,58.00
224.00,121.00,46.00,58.00
224.00,123.00,46.00,58.00
224.00,126.00,46.00,58.00
224.00,129.00,46.00,58.00
224.00,134.00,46.00,58.00
225.00,140.00,46.00,58.00
227.00,145.00,46.00,58.00
230.00,148.00,46.00,58.00
