0.00351710 0
0.00177600 1
0.00150470 1
0.00103850 1
0.00202700 1
0.00191430 1
0.00097540 1
0.00090360 1
0.00087050 1
0.00086800 1
0.00135890 1
0.00101330 1
0.00087580 1
0.00086960 1
0.00087030 1
0.00087520 1
0.00118470 1
0.00120950 1
0.00127360 1
0.00091420 1
0.00086660 1
0.00141530 1
0.00089690 1
0.00088090 1
0.00086440 1
0.00090630 1
0.00086910 1
0.00085740 1
-
-
-
-
0.01008540 0
0.00401800 1
0.00361160 1
0.00360300 1
0.00315110 1
0.00307080 1
0.00306400 1
0.00377600 1
0.00304700 1
0.00302780 1
0.00287930 1
0.00298840 1
0.00297400 1
0.00341450 1
0.00302940 1
0.00283950 1
0.00277830 1
0.00283240 1
0.00356860 1
0.00549280 1
0.00340160 1
0.00301940 1
0.00284350 1
-
-
-
-
0.00655410 0
0.00187280 1
0.00171870 1
0.00228130 1
0.00198680 1
0.00173580 1
0.00177340 1
0.00176180 1
0.00175280 1
0.00178050 1
0.00175510 1
0.00172320 1
0.00193540 1
0.00234160 1
0.00184220 1
0.00176750 1
0.00185130 1
0.00173230 1
0.00189200 1
0.00175800 1
0.00171550 1
0.00175060 1
0.00186790 1
0.00175990 1
0.00175950 1
0.00192650 1
0.00221560 1
0.00180350 1
0.00180460 1
0.00202300 1
0.00172830 1
0.00190850 1
0.00250750 1
0.00214650 1
0.00214710 1
0.00176440 1
0.00171620 1
0.00176400 1
0.00175910 1
0.00175800 1
0.00224100 1
0.00199680 1
0.00196090 1
0.00211370 1
0.00238200 1
0.00213040 1
0.00228570 1
0.00189190 1
-
-
-
-
0.01681550 0
0.00618370 1
0.00601670 1
0.00596120 1
0.00567530 1
0.00591430 1
0.00571910 1
0.00525560 1
0.00551520 1
0.00582870 1
0.00561470 1
0.00562370 1
0.00523270 1
0.00545110 1
0.00525410 1
0.00550250 1
0.00585810 1
0.00546150 1
0.00531730 1
0.00527570 1
0.00539410 1
0.00526220 1
0.00582280 1
0.00543670 1
0.00606650 1
0.00522600 1
0.00583100 1
0.00535590 1
0.00529070 1
0.00597160 1
0.00531490 1
0.00533430 1
0.00525880 1
0.00538210 1
0.00530550 1
0.00539250 1
0.00531910 1
0.00539210 1
0.00536500 1
0.00525350 1
0.00545060 1
0.00533760 1
0.00598920 1
0.00575400 1
0.00621710 1
0.00665690 1
0.00568820 1
0.00749470 1
0.00666630 1
0.00621220 1
0.00538670 1
0.00580490 1
0.00594350 1
0.00548380 1
0.00538890 1
0.00523780 1
0.00534300 1
0.00619990 1
0.00612700 1
0.00634850 1
0.00603540 1
0.00592570 1
0.00601240 1
0.00614190 1
0.00788000 1
0.00566080 1
0.00643870 1
0.00753900 1
0.01657450 1
0.00629660 1
0.00578820 1
0.00489060 1
0.00531680 1
0.00562380 1
0.00489800 1
0.00517070 1
0.00514110 1
0.00526710 1
0.00531210 1
0.00555820 1
0.00490480 1
0.00515050 1
0.00497820 1
0.00488220 1
0.00570010 1
0.00513960 1
0.00574940 1
0.00508540 1
0.00610790 1
0.00556990 1
0.00533730 1
0.00529010 1
0.00560270 1
0.00540500 1
0.00528570 1
0.00506550 1
0.00493270 1
0.00515920 1
0.00506010 1
0.00656160 1
0.00518580 1
0.00538430 1
0.00560440 1
0.00500750 1
0.00498290 1
-
-
-
-
0.00617290 0
0.00201110 1
0.00194690 1
0.00173080 1
0.00173030 1
0.00188310 1
0.00301960 1
0.00286530 1
0.00234450 1
0.00219270 1
0.00285450 1
0.00267810 1
0.00260960 1
0.00201490 1
0.00257620 1
0.00257370 1
0.00278290 1
0.00266670 1
0.00242220 1
0.00381160 1
0.00215900 1
0.00201980 1
0.00188890 1
0.00190000 1
