0.00351710
0.00177600
0.00150470
0.00103850
0.00202700
0.00191430
0.00097540
0.00090360
0.00087050
0.00086800
0.00135890
0.00101330
0.00087580
0.00086960
0.00087030
0.00087520
0.00118470
0.00120950
0.00127360
0.00091420
0.00086660
0.00141530
0.00089690
0.00088090
0.00086440
0.00090630
0.00086910
0.00085740
0.00000000
0.00000000
0.00000000
0.00000000
0.01008540
0.00401800
0.00361160
0.00360300
0.00315110
0.00307080
0.00306400
0.00377600
0.00304700
0.00302780
0.00287930
0.00298840
0.00297400
0.00341450
0.00302940
0.00283950
0.00277830
0.00283240
0.00356860
0.00549280
0.00340160
0.00301940
0.00284350
0.00000000
0.00000000
0.00000000
0.00000000
0.00655410
0.00187280
0.00171870
0.00228130
0.00198680
0.00173580
0.00177340
0.00176180
0.00175280
0.00178050
0.00175510
0.00172320
0.00193540
0.00234160
0.00184220
0.00176750
0.00185130
0.00173230
0.00189200
0.00175800
0.00171550
0.00175060
0.00186790
0.00175990
0.00175950
0.00192650
0.00221560
0.00180350
0.00180460
0.00202300
0.00172830
0.00190850
0.00250750
0.00214650
0.00214710
0.00176440
0.00171620
0.00176400
0.00175910
0.00175800
0.00224100
0.00199680
0.00196090
0.00211370
0.00238200
0.00213040
0.00228570
0.00189190
0.00000000
0.00000000
0.00000000
0.00000000
0.01681550
0.00618370
0.00601670
0.00596120
0.00567530
0.00591430
0.00571910
0.00525560
0.00551520
0.00582870
0.00561470
0.00562370
0.00523270
0.00545110
0.00525410
0.00550250
0.00585810
0.00546150
0.00531730
0.00527570
0.00539410
0.00526220
0.00582280
0.00543670
0.00606650
0.00522600
0.00583100
0.00535590
0.00529070
0.00597160
0.00531490
0.00533430
0.00525880
0.00538210
0.00530550
0.00539250
0.00531910
0.00539210
0.00536500
0.00525350
0.00545060
0.00533760
0.00598920
0.00575400
0.00621710
0.00665690
0.00568820
0.00749470
0.00666630
0.00621220
0.00538670
0.00580490
0.00594350
0.00548380
0.00538890
0.00523780
0.00534300
0.00619990
0.00612700
0.00634850
0.00603540
0.00592570
0.00601240
0.00614190
0.00788000
0.00566080
0.00643870
0.00753900
0.01657450
0.00629660
0.00578820
0.00489060
0.00531680
0.00562380
0.00489800
0.00517070
0.00514110
0.00526710
0.00531210
0.00555820
0.00490480
0.00515050
0.00497820
0.00488220
0.00570010
0.00513960
0.00574940
0.00508540
0.00610790
0.00556990
0.00533730
0.00529010
0.00560270
0.00540500
0.00528570
0.00506550
0.00493270
0.00515920
0.00506010
0.00656160
0.00518580
0.00538430
0.00560440
0.00500750
0.00498290
0.00000000
0.00000000
0.00000000
0.00000000
0.00617290
0.00201110
0.00194690
0.00173080
0.00173030
0.00188310
0.00301960
0.00286530
0.00234450
0.00219270
0.00285450
0.00267810
0.00260960
0.00201490
0.00257620
0.00257370
0.00278290
0.00266670
0.00242220
0.00381160
0.00215900
0.00201980
0.00188890
0.00190000
