0.00290050 0
0.00554920 1
0.00388040 1
0.00697770 1
0.00369590 1
0.00362410 1
0.00398310 1
0.00351030 1
0.00358180 1
0.00408890 1
0.00579750 1
0.01566590 1
0.00420800 1
0.00493480 1
0.00319250 1
0.00337300 1
0.00296060 1
0.00280850 1
0.00293160 1
0.00340890 1
0.00325870 1
0.00384850 1
0.00310890 1
0.00327450 1
0.00304670 1
0.00286550 1
0.00290450 1
0.00278640 1
0.00361890 1
0.00358150 1
0.00303360 1
0.00286960 1
0.00312250 1
0.00344780 1
0.00295100 1
0.00284380 1
0.00320660 1
0.00275270 1
0.00279850 1
0.00291510 1
0.00302090 1
0.00299670 1
0.00325220 1
0.00381650 1
0.00283820 1
0.00298930 1
0.00297500 1
0.00310130 1
0.00278250 1
0.00374180 1
0.00353490 1
0.00337000 1
0.00276310 1
0.00292170 1
0.00302210 1
0.00291390 1
0.00286090 1
0.00307030 1
0.00277540 1
0.00339560 1
0.00358560 1
0.00389280 1
0.00340500 1
0.00382180 1
0.00323920 1
0.00308520 1
0.00315350 1
0.00309500 1
0.00315330 1
0.00355260 1
0.00313810 1
0.00308630 1
0.00312890 1
0.00290270 1
0.00297360 1
0.00288540 1
0.00283030 1
0.00282610 1
0.00306800 1
0.00292840 1
0.00290570 1
0.00316800 1
0.00319900 1
0.00286160 1
0.00305210 1
0.00301400 1
0.00298830 1
0.00289330 1
0.00310620 1
0.00349130 1
0.00354370 1
0.00321560 1
0.00297050 1
0.00313020 1
0.00301570 1
0.00320900 1
0.00292120 1
0.00300860 1
0.00298450 1
0.00320120 1
0.00320650 1
0.00405840 1
0.00344210 1
0.00345380 1
0.00452640 1
0.02153920 1
0.00338600 1
0.00294170 1
0.00326320 1
0.00332100 1
0.00290390 1
0.00326550 1
0.00290990 1
0.00307110 1
0.00284310 1
0.00289330 1
0.00283880 1
0.00313340 1
0.00328950 1
0.00288240 1
0.00328230 1
0.00335950 1
0.00330530 1
0.00327690 1
0.00308910 1
0.00300870 1
0.00307870 1
0.00344090 1
0.00312960 1
0.00347640 1
0.00345630 1
0.00346600 1
0.00320190 1
0.00300640 1
0.00293070 1
0.00286150 1
0.00296350 1
0.00304570 1
0.00286820 1
0.00304820 1
0.00332780 1
0.00314740 1
0.00296880 1
0.00333930 1
0.00381570 1
0.00296610 1
0.00302320 1
0.00326180 1
0.00322280 1
0.00333120 1
0.00402280 1
0.00340440 1
0.00349440 1
0.00312740 1
0.00295730 1
0.00290160 1
0.00307500 1
0.00370230 1
0.00341720 1
0.00313310 1
0.00308450 1
0.00311320 1
0.00361130 1
0.00292730 1
0.00290650 1
0.00299240 1
0.00286040 1
0.00299210 1
0.00319170 1
0.00287150 1
0.00328090 1
0.00376070 1
0.00388020 1
0.00298570 1
0.00333480 1
0.00290330 1
0.00307200 1
0.00288950 1
0.00369380 1
0.00343100 1
0.00399090 1
0.00316710 1
0.00315390 1
0.00328610 1
0.00329440 1
0.00303980 1
0.00310800 1
0.00535430 1
0.00325120 1
0.00462450 1
0.00391160 1
0.00389160 1
0.00373590 1
0.00331160 1
0.00307300 1
0.00303950 1
0.00302070 1
0.00324450 1
0.00345160 1
0.00309210 1
0.00295560 1
0.00309120 1
0.00411690 1
0.00299280 1
0.00306390 1
0.00305900 1
0.00364010 1
0.00334850 1
0.00452360 1
0.00384490 1
0.00369300 1
0.00351630 1
0.00320720 1
0.00334180 1
0.00332870 1
0.00336420 1
0.00321160 1
0.00959860 1
0.00376520 1
0.00383560 1
0.00404980 1
0.00292950 1
0.00329750 1
0.00288070 1
0.00279930 1
0.00279210 1
0.00314980 1
0.00280850 1
0.00299550 1
0.00312050 1
0.00387790 1
0.00328900 1
0.00336660 1
0.00311700 1
0.00289990 1
0.00278550 1
0.00309190 1
0.00298400 1
0.00303390 1
0.00277080 1
0.00331670 1
0.00277010 1
0.00295950 1
0.00276280 1
0.00284050 1
0.00297170 1
0.00338850 1
0.00355660 1
0.00288300 1
0.00298680 1
0.00329890 1
0.00313150 1
0.00302980 1
0.00274230 1
0.00339350 1
0.00291110 1
0.00274800 1
0.00276180 1
0.00359300 1
0.00311350 1
0.00311590 1
0.00305980 1
0.00286390 1
0.00290720 1
0.00273250 1
0.00380190 1
0.00279660 1
0.00276050 1
0.00350220 1
0.00312250 1
0.00293870 1
0.00273790 1
0.00357590 1
0.00339110 1
0.00278160 1
0.00327770 1
0.00289560 1
0.00293700 1
0.00351990 1
0.00381070 1
0.00292920 1
0.00342210 1
0.00292940 1
0.00279610 1
0.00286850 1
0.00309510 1
0.00303960 1
0.00308240 1
0.00303700 1
0.00277350 1
0.00306930 1
0.00340140 1
0.00303200 1
0.00273250 1
0.00293490 1
0.00273110 1
0.00297480 1
0.00292060 1
0.00291710 1
0.00311890 1
0.00328580 1
0.00367820 1
0.00273670 1
0.00325610 1
0.00269480 1
0.00274650 1
0.00273750 1
0.00350590 1
0.00321920 1
0.00341140 1
0.00291470 1
0.00285640 1
0.00292060 1
0.00269240 1
0.00302540 1
0.00281100 1
0.00275520 1
0.00295400 1
0.00339440 1
0.00367940 1
0.00295150 1
0.00378420 1
0.00319480 1
0.00276930 1
0.00294540 1
0.00276670 1
0.00297490 1
0.00328850 1
0.00302980 1
0.00282120 1
0.00289810 1
0.00287740 1
0.00289600 1
0.00287120 1
0.00316880 1
0.00331480 1
0.00304020 1
0.00293520 1
0.00364760 1
0.00314600 1
0.00303310 1
0.00287800 1
0.00318900 1
0.00276580 1
0.00276220 1
0.00270150 1
0.00306630 1
0.00324250 1
0.00339410 1
0.00324610 1
0.00288320 1
0.00301570 1
0.00276760 1
0.00303180 1
0.00272610 1
0.00279090 1
0.00276710 1
0.00314620 1
0.00308680 1
0.00386270 1
0.00334340 1
0.00342990 1
0.00312630 1
0.00308410 1
0.00290400 1
0.00282320 1
0.00288160 1
0.00335530 1
0.00317620 1
0.00319630 1
0.00284870 1
0.00333040 1
0.00350970 1
0.00334410 1
0.00301090 1
0.00306940 1
0.00308920 1
0.00313510 1
0.00295210 1
0.00306690 1
0.00314870 1
0.00309180 1
0.00277520 1
0.00271140 1
0.00309800 1
0.00277600 1
0.00287260 1
0.00340680 1
0.00330320 1
0.00327490 1
0.00309240 1
0.00299590 1
0.00316170 1
0.00288610 1
0.00300730 1
0.00307990 1
0.00276630 1
0.00296230 1
0.00308300 1
0.00291540 1
0.00280730 1
0.00303720 1
0.00342360 1
0.00279400 1
0.00299100 1
0.00298490 1
0.00305000 1
0.00308040 1
0.00364440 1
0.00302640 1
0.00310230 1
0.00307540 1
0.00280330 1
0.00279130 1
0.00279820 1
0.00299280 1
0.00352790 1
0.00309220 1
0.00273700 1
0.00298600 1
0.00374290 1
0.00275550 1
0.00285350 1
0.00290710 1
0.00289260 1
0.00272480 1
0.00275170 1
0.00304400 1
0.00301860 1
0.00320230 1
0.00344640 1
0.00290100 1
0.00291810 1
0.00284040 1
0.00273440 1
0.00292390 1
0.00328380 1
0.00295890 1
0.00355370 1
0.00281960 1
0.00277960 1
0.00331420 1
0.00278830 1
0.00275340 1
0.00298710 1
0.00290300 1
0.00302400 1
0.00323030 1
0.00372460 1
0.00303170 1
0.00369790 1
0.00402500 1
0.00288370 1
0.00292750 1
0.00285980 1
0.00309190 1
0.00337340 1
0.00285370 1
0.00285610 1
0.00307740 1
0.00278560 1
0.00276330 1
0.00273420 1
0.00301020 1
0.00281290 1
0.00285260 1
0.00275000 1
0.00277210 1
0.00307480 1
0.00300090 1
0.00288200 1
0.00299620 1
0.00281480 1
0.00276660 1
0.00299900 1
0.00285700 1
0.00339900 1
0.00314260 1
0.00307100 1
0.00281330 1
0.00288070 1
0.00292090 1
0.00327930 1
0.00277560 1
0.00273950 1
0.00316300 1
0.00296530 1
0.00309210 1
0.00431790 1
0.00322070 1
0.00318690 1
0.00324340 1
0.00296490 1
0.00284280 1
0.00269500 1
0.00325180 1
0.00298000 1
0.00280890 1
0.00302870 1
0.00273520 1
0.00276220 1
0.00272360 1
0.00277860 1
0.00281500 1
0.00306840 1
0.00311390 1
0.00306150 1
0.00291210 1
0.00303970 1
0.00310690 1
0.00285590 1
0.00269590 1
0.00283360 1
0.00279380 1
0.00282360 1
0.00288760 1
0.00337420 1
0.00335080 1
0.00314340 1
0.00301860 1
0.00274330 1
0.00274870 1
0.00294620 1
0.00277350 1
0.00294580 1
0.00272500 1
0.00311180 1
0.00318280 1
0.00328060 1
0.00277740 1
0.00305920 1
0.00361030 1
0.00292000 1
0.00276370 1
0.00287520 1
0.00325480 1
0.00306010 1
0.00371360 1
0.00310580 1
0.00319410 1
0.00293100 1
0.00278810 1
0.00310570 1
0.00280170 1
0.00295970 1
0.00337040 1
0.00295220 1
0.00279810 1
0.00310850 1
0.00363640 1
0.00278710 1
0.00285340 1
0.00290590 1
0.00289250 1
0.00274290 1
0.00275680 1
0.00276450 1
0.00300520 1
0.00341860 1
0.00355300 1
0.00278770 1
0.00290610 1
0.00287360 1
0.00267840 1
0.00278890 1
0.00338450 1
0.00316150 1
0.00360140 1
0.00292980 1
0.00281020 1
0.00299970 1
0.00273330 1
0.00303410 1
0.00282730 1
0.00286520 1
0.00315230 1
0.00326420 1
0.00385010 1
0.00296350 1
0.00367080 1
0.00313230 1
0.00305010 1
0.00295020 1
0.00280540 1
0.00300000 1
0.00340920 1
0.00279040 1
0.00275490 1
0.00320700 1
0.00277800 1
0.00280130 1
0.00277440 1
0.00302400 1
0.00277440 1
0.00286990 1
0.00273280 1
0.00305010 1
0.00297890 1
0.00302230 1
0.00302400 1
0.00287630 1
0.00282330 1
0.00303200 1
0.00305460 1
0.00284230 1
0.00333200 1
0.00356490 1
0.00342950 1
0.00291570 1
0.00300950 1
0.00278170 1
0.00288930 1
0.00292020 1
0.00290640 1
0.00275620 1
0.00305600 1
0.00302460 1
0.00393870 1
0.00310360 1
0.00318040 1
0.00328810 1
0.00288910 1
0.00280650 1
0.00278950 1
0.00334330 1
0.00307960 1
0.00291190 1
0.00301620 1
0.00279950 1
0.00278280 1
0.00274900 1
0.00289260 1
0.00316800 1
0.00301770 1
0.00305170 1
0.00289340 1
0.00307170 1
0.00325430 1
0.00394730 1
0.00293240 1
0.00276390 1
0.00277450 1
0.00297470 1
0.00284260 1
0.00278370 1
0.00361980 1
0.00303250 1
0.00311830 1
0.00294750 1
0.00288300 1
0.00274980 1
0.00275260 1
0.00285310 1
0.00277990 1
0.00285380 1
0.00301730 1
0.00340470 1
0.00294430 1
0.00282790 1
0.00309300 1
0.00325070 1
0.00281820 1
0.00284010 1
0.00312600 1
0.00300240 1
0.00315600 1
0.00368680 1
0.00288920 1
0.00316740 1
0.00300780 1
0.00303160 1
0.00282720 1
0.00286660 1
0.00306020 1
0.00317830 1
0.00299610 1
0.00270330 1
0.00292180 1
0.00326690 1
0.00289740 1
0.00297470 1
0.00356810 1
0.00288160 1
0.00288870 1
0.00297800 1
0.00276220 1
0.00286610 1
0.00295170 1
0.00336550 1
0.00283700 1
0.00302400 1
0.00274250 1
0.00310900 1
0.00335060 1
0.00292290 1
0.00296390 1
0.00301720 1
0.00305440 1
0.00317350 1
0.00298400 1
0.00268770 1
0.00280290 1
0.00269440 1
0.00271050 1
0.00271430 1
0.00275030 1
0.00290350 1
0.00276190 1
0.00284850 1
0.00298770 1
0.00384870 1
0.00295100 1
0.00283290 1
0.00280530 1
0.00314140 1
0.00301990 1
0.00358500 1
0.00345560 1
0.00378970 1
0.00290620 1
0.00321650 1
0.00279400 1
0.00277030 1
0.00276110 1
0.00283370 1
0.00282480 1
0.00288100 1
0.00284510 1
0.00325870 1
0.00341480 1
0.00278860 1
0.00295650 1
0.00293710 1
0.00334480 1
0.00276750 1
0.00306330 1
0.00283410 1
0.00278160 1
0.00286320 1
0.00297010 1
0.00313420 1
0.00294200 1
0.00285560 1
0.00344630 1
0.00279490 1
0.00275480 1
0.00398310 1
0.00287070 1
0.00271600 1
0.00290450 1
0.00311660 1
0.00287880 1
0.00273360 1
0.00277000 1
0.00277030 1
0.00276170 1
0.00283890 1
0.00293340 1
0.00296470 1
0.00291660 1
0.00284820 1
0.00313320 1
0.00287080 1
0.00276310 1
0.00367570 1
0.00290840 1
0.00314830 1
0.00285480 1
0.00296730 1
0.00342520 1
0.00278970 1
0.00286030 1
0.00279240 1
0.00268740 1
0.00307120 1
0.00330000 1
0.00282250 1
0.00286440 1
0.00285370 1
0.00279050 1
0.00288490 1
0.00287920 1
0.00273040 1
0.00315550 1
0.00313510 1
0.00280620 1
0.00274910 1
0.00281180 1
0.00295320 1
0.00366550 1
0.00306880 1
0.00294690 1
0.00291510 1
0.00316730 1
0.00297770 1
0.00270970 1
0.00269160 1
0.00276570 1
0.00303480 1
0.00275140 1
0.00283450 1
0.00290360 1
0.00324260 1
0.00272260 1
0.00275410 1
0.00301360 1
0.00271910 1
0.00342150 1
0.00290080 1
0.00337190 1
0.00273760 1
0.00285790 1
0.00333960 1
0.00281580 1
0.00280850 1
0.00287100 1
0.00308930 1
0.00291530 1
0.00307620 1
0.00276750 1
0.00312730 1
0.00296230 1
0.00290610 1
0.00274620 1
0.00286620 1
0.00290850 1
0.00331630 1
0.00350840 1
0.00275420 1
0.00302030 1
0.00272980 1
0.00302450 1
0.00367940 1
0.00289070 1
0.00288270 1
0.00292350 1
0.00316890 1
0.00285300 1
0.00299370 1
0.00275020 1
0.00275100 1
0.00273970 1
0.00386600 1
0.00405930 1
0.00314390 1
0.00318100 1
0.00275940 1
0.00278890 1
0.00283280 1
0.00286670 1
0.00362120 1
0.00289010 1
0.00351810 1
0.00287470 1
0.00286010 1
0.00322680 1
0.00291510 1
0.00276460 1
0.00275180 1
0.00304830 1
0.00290690 1
0.00295160 1
0.00278660 1
0.00311390 1
0.00280300 1
0.00285510 1
0.00287100 1
0.00286410 1
0.00278400 1
0.00292040 1
0.00305970 1
0.00285200 1
0.00286710 1
0.00285260 1
0.00303200 1
0.00384300 1
0.00277030 1
0.00278560 1
0.00309830 1
0.00288810 1
0.00290220 1
0.00295500 1
0.00300810 1
0.00292200 1
0.00276830 1
0.00303750 1
0.00283280 1
0.00300040 1
0.00289030 1
0.00294510 1
0.00282240 1
0.00271230 1
0.00283750 1
0.00353700 1
0.00305890 1
0.00313630 1
0.00305210 1
0.00283250 1
0.00338630 1
0.00276580 1
0.00277710 1
0.00279910 1
0.00275000 1
0.00296650 1
0.00310080 1
0.00282610 1
0.00271820 1
0.00300680 1
0.00271110 1
0.00272750 1
0.00273420 1
0.00301620 1
0.00298550 1
0.00302060 1
0.00291960 1
0.00284700 1
0.00282950 1
0.00280640 1
0.00387490 1
0.00292090 1
0.00276120 1
0.00299680 1
0.00320540 1
0.00278740 1
0.00271940 1
0.00289760 1
0.00281980 1
0.00281410 1
0.00288330 1
0.00303440 1
0.00292200 1
0.00309560 1
0.00290610 1
0.00305380 1
0.00278990 1
0.00283880 1
0.00337050 1
0.00299390 1
0.00335810 1
0.00271430 1
0.00302890 1
0.00329550 1
0.00311470 1
0.00283480 1
0.00293740 1
0.00284260 1
0.00296060 1
0.00340710 1
0.00276150 1
0.00293210 1
0.00272520 1
0.00303440 1
0.00285060 1
0.00276770 1
0.00272370 1
0.00318270 1
0.00305510 1
0.00275680 1
0.00287910 1
0.00288200 1
0.00283910 1
0.00370780 1
0.00291080 1
0.00274720 1
0.00300770 1
0.00307160 1
0.00312260 1
0.00280950 1
0.00268850 1
0.00278340 1
0.00291290 1
0.00287250 1
0.00272940 1
0.00323260 1
0.00317880 1
0.00275610 1
0.00289530 1
0.00293460 1
0.00291220 1
0.00364260 1
0.00310240 1
0.00294180 1
0.00286370 1
0.00273370 1
0.00344430 1
0.00287180 1
0.00282610 1
0.00282840 1
0.00302520 1
0.00361540 1
0.00318370 1
0.00325360 1
0.00292170 1
0.00321790 1
0.00288590 1
0.00309230 1
0.00275380 1
0.00448970 1
0.00452750 1
0.00379920 1
0.00383630 1
0.00410770 1
0.00307320 1
0.00337720 1
0.00497790 1
0.00405520 1
0.00354140 1
0.00372630 1
0.00359580 1
0.00307600 1
0.00332620 1
0.00292350 1
0.00284300 1
0.00286280 1
0.00293970 1
0.00288240 1
0.00303310 1
0.00499550 1
0.00540250 1
0.00534310 1
0.00389480 1
0.00335840 1
0.00359820 1
0.00299560 1
0.00288720 1
0.00347660 1
0.00350080 1
0.00436170 1
0.00372650 1
0.00468230 1
0.00394150 1
0.00684690 1
0.00484530 1
0.00378000 1
0.00366800 1
0.00349630 1
0.00304580 1
0.00325840 1
0.00336820 1
0.00329000 1
0.00331880 1
0.00354830 1
0.00346830 1
0.00313030 1
0.00404270 1
0.00678840 1
0.00576330 1
0.00392590 1
0.00396100 1
0.00340400 1
0.00346870 1
0.00672200 1
0.00400510 1
0.00439880 1
0.00468200 1
0.00409610 1
0.00405110 1
0.00470150 1
0.00521500 1
0.00310730 1
0.00633480 1
0.00456740 1
0.00327810 1
0.00382510 1
0.00329510 1
0.00296320 1
0.00297090 1
0.00392350 1
0.00368050 1
0.00422220 1
0.00338480 1
0.00388360 1
0.00399370 1
0.00303860 1
0.00284090 1
0.00280750 1
0.00292240 1
0.00284260 1
0.00286300 1
0.00306870 1
0.00284740 1
0.00300370 1
0.00359170 1
0.00287820 1
0.00291090 1
0.00368340 1
0.00343030 1
0.00310590 1
0.00307830 1
0.00331820 1
0.00293830 1
0.00323040 1
0.00355200 1
0.00301290 1
0.00325040 1
0.00292000 1
0.00295430 1
0.00307670 1
0.00337200 1
0.00312660 1
0.00347750 1
0.00324920 1
0.00309830 1
0.00353170 1
0.00338450 1
0.00301660 1
0.00363120 1
0.00296630 1
0.00295770 1
0.00323550 1
0.00339390 1
0.00305970 1
0.00321160 1
0.00337530 1
0.00298300 1
0.00314260 1
0.00349110 1
0.00308590 1
0.00321110 1
0.00318680 1
0.00304050 1
0.00321030 1
0.00336510 1
0.00327210 1
0.00327480 1
0.00323590 1
0.00323440 1
0.00317760 1
0.00333690 1
0.00293340 1
0.00293830 1
0.00279040 1
0.00290560 1
0.00272960 1
0.00277600 1
0.00272750 1
0.00289750 1
0.00300880 1
0.00279680 1
0.00313100 1
0.00390710 1
0.00328850 1
0.00311520 1
0.00421890 1
0.00356550 1
0.00307820 1
0.00317180 1
0.00274640 1
0.00394650 1
0.00302530 1
0.00282540 1
0.00321270 1
0.00276050 1
0.00279230 1
0.00274770 1
0.00283550 1
0.00361910 1
0.00294460 1
0.00503520 1
0.00331690 1
0.00434390 1
0.00311400 1
0.00285610 1
0.00280880 1
0.00283050 1
0.00274310 1
0.00276560 1
0.00273530 1
0.00305830 1
0.00286470 1
0.00274300 1
0.00274660 1
0.00306520 1
0.00275170 1
0.00273630 1
0.00307320 1
0.00303670 1
0.00271680 1
0.00283780 1
0.00283740 1
0.00271120 1
0.00274030 1
0.00284750 1
0.00283000 1
0.00296810 1
0.00340990 1
0.00271060 1
0.00312800 1
0.00274420 1
0.00298210 1
0.00277650 1
0.00299070 1
0.00272970 1
0.00279000 1
0.00282730 1
0.00286800 1
0.00358120 1
0.00317060 1
0.00351580 1
0.00312030 1
0.00341300 1
0.00276060 1
0.00297450 1
0.00280210 1
0.00305860 1
0.00320840 1
0.00303420 1
0.00279010 1
0.00275410 1
0.00304680 1
