0.00290050
0.00554920
0.00388040
0.00697770
0.00369590
0.00362410
0.00398310
0.00351030
0.00358180
0.00408890
0.00579750
0.01566590
0.00420800
0.00493480
0.00319250
0.00337300
0.00296060
0.00280850
0.00293160
0.00340890
0.00325870
0.00384850
0.00310890
0.00327450
0.00304670
0.00286550
0.00290450
0.00278640
0.00361890
0.00358150
0.00303360
0.00286960
0.00312250
0.00344780
0.00295100
0.00284380
0.00320660
0.00275270
0.00279850
0.00291510
0.00302090
0.00299670
0.00325220
0.00381650
0.00283820
0.00298930
0.00297500
0.00310130
0.00278250
0.00374180
0.00353490
0.00337000
0.00276310
0.00292170
0.00302210
0.00291390
0.00286090
0.00307030
0.00277540
0.00339560
0.00358560
0.00389280
0.00340500
0.00382180
0.00323920
0.00308520
0.00315350
0.00309500
0.00315330
0.00355260
0.00313810
0.00308630
0.00312890
0.00290270
0.00297360
0.00288540
0.00283030
0.00282610
0.00306800
0.00292840
0.00290570
0.00316800
0.00319900
0.00286160
0.00305210
0.00301400
0.00298830
0.00289330
0.00310620
0.00349130
0.00354370
0.00321560
0.00297050
0.00313020
0.00301570
0.00320900
0.00292120
0.00300860
0.00298450
0.00320120
0.00320650
0.00405840
0.00344210
0.00345380
0.00452640
0.02153920
0.00338600
0.00294170
0.00326320
0.00332100
0.00290390
0.00326550
0.00290990
0.00307110
0.00284310
0.00289330
0.00283880
0.00313340
0.00328950
0.00288240
0.00328230
0.00335950
0.00330530
0.00327690
0.00308910
0.00300870
0.00307870
0.00344090
0.00312960
0.00347640
0.00345630
0.00346600
0.00320190
0.00300640
0.00293070
0.00286150
0.00296350
0.00304570
0.00286820
0.00304820
0.00332780
0.00314740
0.00296880
0.00333930
0.00381570
0.00296610
0.00302320
0.00326180
0.00322280
0.00333120
0.00402280
0.00340440
0.00349440
0.00312740
0.00295730
0.00290160
0.00307500
0.00370230
0.00341720
0.00313310
0.00308450
0.00311320
0.00361130
0.00292730
0.00290650
0.00299240
0.00286040
0.00299210
0.00319170
0.00287150
0.00328090
0.00376070
0.00388020
0.00298570
0.00333480
0.00290330
0.00307200
0.00288950
0.00369380
0.00343100
0.00399090
0.00316710
0.00315390
0.00328610
0.00329440
0.00303980
0.00310800
0.00535430
0.00325120
0.00462450
0.00391160
0.00389160
0.00373590
0.00331160
0.00307300
0.00303950
0.00302070
0.00324450
0.00345160
0.00309210
0.00295560
0.00309120
0.00411690
0.00299280
0.00306390
0.00305900
0.00364010
0.00334850
0.00452360
0.00384490
0.00369300
0.00351630
0.00320720
0.00334180
0.00332870
0.00336420
0.00321160
0.00959860
0.00376520
0.00383560
0.00404980
0.00292950
0.00329750
0.00288070
0.00279930
0.00279210
0.00314980
0.00280850
0.00299550
0.00312050
0.00387790
0.00328900
0.00336660
0.00311700
0.00289990
0.00278550
0.00309190
0.00298400
0.00303390
0.00277080
0.00331670
0.00277010
0.00295950
0.00276280
0.00284050
0.00297170
0.00338850
0.00355660
0.00288300
0.00298680
0.00329890
0.00313150
0.00302980
0.00274230
0.00339350
0.00291110
0.00274800
0.00276180
0.00359300
0.00311350
0.00311590
0.00305980
0.00286390
0.00290720
0.00273250
0.00380190
0.00279660
0.00276050
0.00350220
0.00312250
0.00293870
0.00273790
0.00357590
0.00339110
0.00278160
0.00327770
0.00289560
0.00293700
0.00351990
0.00381070
0.00292920
0.00342210
0.00292940
0.00279610
0.00286850
0.00309510
0.00303960
0.00308240
0.00303700
0.00277350
0.00306930
0.00340140
0.00303200
0.00273250
0.00293490
0.00273110
0.00297480
0.00292060
0.00291710
0.00311890
0.00328580
0.00367820
0.00273670
0.00325610
0.00269480
0.00274650
0.00273750
0.00350590
0.00321920
0.00341140
0.00291470
0.00285640
0.00292060
0.00269240
0.00302540
0.00281100
0.00275520
0.00295400
0.00339440
0.00367940
0.00295150
0.00378420
0.00319480
0.00276930
0.00294540
0.00276670
0.00297490
0.00328850
0.00302980
0.00282120
0.00289810
0.00287740
0.00289600
0.00287120
0.00316880
0.00331480
0.00304020
0.00293520
0.00364760
0.00314600
0.00303310
0.00287800
0.00318900
0.00276580
0.00276220
0.00270150
0.00306630
0.00324250
0.00339410
0.00324610
0.00288320
0.00301570
0.00276760
0.00303180
0.00272610
0.00279090
0.00276710
0.00314620
0.00308680
0.00386270
0.00334340
0.00342990
0.00312630
0.00308410
0.00290400
0.00282320
0.00288160
0.00335530
0.00317620
0.00319630
0.00284870
0.00333040
0.00350970
0.00334410
0.00301090
0.00306940
0.00308920
0.00313510
0.00295210
0.00306690
0.00314870
0.00309180
0.00277520
0.00271140
0.00309800
0.00277600
0.00287260
0.00340680
0.00330320
0.00327490
0.00309240
0.00299590
0.00316170
0.00288610
0.00300730
0.00307990
0.00276630
0.00296230
0.00308300
0.00291540
0.00280730
0.00303720
0.00342360
0.00279400
0.00299100
0.00298490
0.00305000
0.00308040
0.00364440
0.00302640
0.00310230
0.00307540
0.00280330
0.00279130
0.00279820
0.00299280
0.00352790
0.00309220
0.00273700
0.00298600
0.00374290
0.00275550
0.00285350
0.00290710
0.00289260
0.00272480
0.00275170
0.00304400
0.00301860
0.00320230
0.00344640
0.00290100
0.00291810
0.00284040
0.00273440
0.00292390
0.00328380
0.00295890
0.00355370
0.00281960
0.00277960
0.00331420
0.00278830
0.00275340
0.00298710
0.00290300
0.00302400
0.00323030
0.00372460
0.00303170
0.00369790
0.00402500
0.00288370
0.00292750
0.00285980
0.00309190
0.00337340
0.00285370
0.00285610
0.00307740
0.00278560
0.00276330
0.00273420
0.00301020
0.00281290
0.00285260
0.00275000
0.00277210
0.00307480
0.00300090
0.00288200
0.00299620
0.00281480
0.00276660
0.00299900
0.00285700
0.00339900
0.00314260
0.00307100
0.00281330
0.00288070
0.00292090
0.00327930
0.00277560
0.00273950
0.00316300
0.00296530
0.00309210
0.00431790
0.00322070
0.00318690
0.00324340
0.00296490
0.00284280
0.00269500
0.00325180
0.00298000
0.00280890
0.00302870
0.00273520
0.00276220
0.00272360
0.00277860
0.00281500
0.00306840
0.00311390
0.00306150
0.00291210
0.00303970
0.00310690
0.00285590
0.00269590
0.00283360
0.00279380
0.00282360
0.00288760
0.00337420
0.00335080
0.00314340
0.00301860
0.00274330
0.00274870
0.00294620
0.00277350
0.00294580
0.00272500
0.00311180
0.00318280
0.00328060
0.00277740
0.00305920
0.00361030
0.00292000
0.00276370
0.00287520
0.00325480
0.00306010
0.00371360
0.00310580
0.00319410
0.00293100
0.00278810
0.00310570
0.00280170
0.00295970
0.00337040
0.00295220
0.00279810
0.00310850
0.00363640
0.00278710
0.00285340
0.00290590
0.00289250
0.00274290
0.00275680
0.00276450
0.00300520
0.00341860
0.00355300
0.00278770
0.00290610
0.00287360
0.00267840
0.00278890
0.00338450
0.00316150
0.00360140
0.00292980
0.00281020
0.00299970
0.00273330
0.00303410
0.00282730
0.00286520
0.00315230
0.00326420
0.00385010
0.00296350
0.00367080
0.00313230
0.00305010
0.00295020
0.00280540
0.00300000
0.00340920
0.00279040
0.00275490
0.00320700
0.00277800
0.00280130
0.00277440
0.00302400
0.00277440
0.00286990
0.00273280
0.00305010
0.00297890
0.00302230
0.00302400
0.00287630
0.00282330
0.00303200
0.00305460
0.00284230
0.00333200
0.00356490
0.00342950
0.00291570
0.00300950
0.00278170
0.00288930
0.00292020
0.00290640
0.00275620
0.00305600
0.00302460
0.00393870
0.00310360
0.00318040
0.00328810
0.00288910
0.00280650
0.00278950
0.00334330
0.00307960
0.00291190
0.00301620
0.00279950
0.00278280
0.00274900
0.00289260
0.00316800
0.00301770
0.00305170
0.00289340
0.00307170
0.00325430
0.00394730
0.00293240
0.00276390
0.00277450
0.00297470
0.00284260
0.00278370
0.00361980
0.00303250
0.00311830
0.00294750
0.00288300
0.00274980
0.00275260
0.00285310
0.00277990
0.00285380
0.00301730
0.00340470
0.00294430
0.00282790
0.00309300
0.00325070
0.00281820
0.00284010
0.00312600
0.00300240
0.00315600
0.00368680
0.00288920
0.00316740
0.00300780
0.00303160
0.00282720
0.00286660
0.00306020
0.00317830
0.00299610
0.00270330
0.00292180
0.00326690
0.00289740
0.00297470
0.00356810
0.00288160
0.00288870
0.00297800
0.00276220
0.00286610
0.00295170
0.00336550
0.00283700
0.00302400
0.00274250
0.00310900
0.00335060
0.00292290
0.00296390
0.00301720
0.00305440
0.00317350
0.00298400
0.00268770
0.00280290
0.00269440
0.00271050
0.00271430
0.00275030
0.00290350
0.00276190
0.00284850
0.00298770
0.00384870
0.00295100
0.00283290
0.00280530
0.00314140
0.00301990
0.00358500
0.00345560
0.00378970
0.00290620
0.00321650
0.00279400
0.00277030
0.00276110
0.00283370
0.00282480
0.00288100
0.00284510
0.00325870
0.00341480
0.00278860
0.00295650
0.00293710
0.00334480
0.00276750
0.00306330
0.00283410
0.00278160
0.00286320
0.00297010
0.00313420
0.00294200
0.00285560
0.00344630
0.00279490
0.00275480
0.00398310
0.00287070
0.00271600
0.00290450
0.00311660
0.00287880
0.00273360
0.00277000
0.00277030
0.00276170
0.00283890
0.00293340
0.00296470
0.00291660
0.00284820
0.00313320
0.00287080
0.00276310
0.00367570
0.00290840
0.00314830
0.00285480
0.00296730
0.00342520
0.00278970
0.00286030
0.00279240
0.00268740
0.00307120
0.00330000
0.00282250
0.00286440
0.00285370
0.00279050
0.00288490
0.00287920
0.00273040
0.00315550
0.00313510
0.00280620
0.00274910
0.00281180
0.00295320
0.00366550
0.00306880
0.00294690
0.00291510
0.00316730
0.00297770
0.00270970
0.00269160
0.00276570
0.00303480
0.00275140
0.00283450
0.00290360
0.00324260
0.00272260
0.00275410
0.00301360
0.00271910
0.00342150
0.00290080
0.00337190
0.00273760
0.00285790
0.00333960
0.00281580
0.00280850
0.00287100
0.00308930
0.00291530
0.00307620
0.00276750
0.00312730
0.00296230
0.00290610
0.00274620
0.00286620
0.00290850
0.00331630
0.00350840
0.00275420
0.00302030
0.00272980
0.00302450
0.00367940
0.00289070
0.00288270
0.00292350
0.00316890
0.00285300
0.00299370
0.00275020
0.00275100
0.00273970
0.00386600
0.00405930
0.00314390
0.00318100
0.00275940
0.00278890
0.00283280
0.00286670
0.00362120
0.00289010
0.00351810
0.00287470
0.00286010
0.00322680
0.00291510
0.00276460
0.00275180
0.00304830
0.00290690
0.00295160
0.00278660
0.00311390
0.00280300
0.00285510
0.00287100
0.00286410
0.00278400
0.00292040
0.00305970
0.00285200
0.00286710
0.00285260
0.00303200
0.00384300
0.00277030
0.00278560
0.00309830
0.00288810
0.00290220
0.00295500
0.00300810
0.00292200
0.00276830
0.00303750
0.00283280
0.00300040
0.00289030
0.00294510
0.00282240
0.00271230
0.00283750
0.00353700
0.00305890
0.00313630
0.00305210
0.00283250
0.00338630
0.00276580
0.00277710
0.00279910
0.00275000
0.00296650
0.00310080
0.00282610
0.00271820
0.00300680
0.00271110
0.00272750
0.00273420
0.00301620
0.00298550
0.00302060
0.00291960
0.00284700
0.00282950
0.00280640
0.00387490
0.00292090
0.00276120
0.00299680
0.00320540
0.00278740
0.00271940
0.00289760
0.00281980
0.00281410
0.00288330
0.00303440
0.00292200
0.00309560
0.00290610
0.00305380
0.00278990
0.00283880
0.00337050
0.00299390
0.00335810
0.00271430
0.00302890
0.00329550
0.00311470
0.00283480
0.00293740
0.00284260
0.00296060
0.00340710
0.00276150
0.00293210
0.00272520
0.00303440
0.00285060
0.00276770
0.00272370
0.00318270
0.00305510
0.00275680
0.00287910
0.00288200
0.00283910
0.00370780
0.00291080
0.00274720
0.00300770
0.00307160
0.00312260
0.00280950
0.00268850
0.00278340
0.00291290
0.00287250
0.00272940
0.00323260
0.00317880
0.00275610
0.00289530
0.00293460
0.00291220
0.00364260
0.00310240
0.00294180
0.00286370
0.00273370
0.00344430
0.00287180
0.00282610
0.00282840
0.00302520
0.00361540
0.00318370
0.00325360
0.00292170
0.00321790
0.00288590
0.00309230
0.00275380
0.00448970
0.00452750
0.00379920
0.00383630
0.00410770
0.00307320
0.00337720
0.00497790
0.00405520
0.00354140
0.00372630
0.00359580
0.00307600
0.00332620
0.00292350
0.00284300
0.00286280
0.00293970
0.00288240
0.00303310
0.00499550
0.00540250
0.00534310
0.00389480
0.00335840
0.00359820
0.00299560
0.00288720
0.00347660
0.00350080
0.00436170
0.00372650
0.00468230
0.00394150
0.00684690
0.00484530
0.00378000
0.00366800
0.00349630
0.00304580
0.00325840
0.00336820
0.00329000
0.00331880
0.00354830
0.00346830
0.00313030
0.00404270
0.00678840
0.00576330
0.00392590
0.00396100
0.00340400
0.00346870
0.00672200
0.00400510
0.00439880
0.00468200
0.00409610
0.00405110
0.00470150
0.00521500
0.00310730
0.00633480
0.00456740
0.00327810
0.00382510
0.00329510
0.00296320
0.00297090
0.00392350
0.00368050
0.00422220
0.00338480
0.00388360
0.00399370
0.00303860
0.00284090
0.00280750
0.00292240
0.00284260
0.00286300
0.00306870
0.00284740
0.00300370
0.00359170
0.00287820
0.00291090
0.00368340
0.00343030
0.00310590
0.00307830
0.00331820
0.00293830
0.00323040
0.00355200
0.00301290
0.00325040
0.00292000
0.00295430
0.00307670
0.00337200
0.00312660
0.00347750
0.00324920
0.00309830
0.00353170
0.00338450
0.00301660
0.00363120
0.00296630
0.00295770
0.00323550
0.00339390
0.00305970
0.00321160
0.00337530
0.00298300
0.00314260
0.00349110
0.00308590
0.00321110
0.00318680
0.00304050
0.00321030
0.00336510
0.00327210
0.00327480
0.00323590
0.00323440
0.00317760
0.00333690
0.00293340
0.00293830
0.00279040
0.00290560
0.00272960
0.00277600
0.00272750
0.00289750
0.00300880
0.00279680
0.00313100
0.00390710
0.00328850
0.00311520
0.00421890
0.00356550
0.00307820
0.00317180
0.00274640
0.00394650
0.00302530
0.00282540
0.00321270
0.00276050
0.00279230
0.00274770
0.00283550
0.00361910
0.00294460
0.00503520
0.00331690
0.00434390
0.00311400
0.00285610
0.00280880
0.00283050
0.00274310
0.00276560
0.00273530
0.00305830
0.00286470
0.00274300
0.00274660
0.00306520
0.00275170
0.00273630
0.00307320
0.00303670
0.00271680
0.00283780
0.00283740
0.00271120
0.00274030
0.00284750
0.00283000
0.00296810
0.00340990
0.00271060
0.00312800
0.00274420
0.00298210
0.00277650
0.00299070
0.00272970
0.00279000
0.00282730
0.00286800
0.00358120
0.00317060
0.00351580
0.00312030
0.00341300
0.00276060
0.00297450
0.00280210
0.00305860
0.00320840
0.00303420
0.00279010
0.00275410
0.00304680
