1
385.50,142.50,106.00,92.00
385.50,142.50,106.00,92.00
379.50,135.50,106.00,92.00
379.50,135.50,106.00,92.00
379.50,135.50,106.00,92.00
375.50,127.50,106.00,92.00
375.50,127.50,106.00,92.00
375.50,127.50,106.00,92.00
370.50,119.50,106.00,92.00
370.50,119.50,106.00,92.00
370.50,119.50,106.00,92.00
364.50,112.50,106.00,92.00
364.50,112.50,106.00,92.00
364.50,112.50,106.00,92.00
360.50,106.50,106.00,92.00
359.50,106.50,106.00,92.00
359.50,106.50,106.00,92.00
355.50,101.50,106.00,92.00
355.50,101.50,106.00,92.00
355.50,101.50,106.00,92.00
351.50,96.50,106.00,92.00
351.50,96.50,106.00,92.00
351.50,96.50,106.00,92.00
345.50,91.50,106.00,92.00
345.50,91.50,106.00,92.00
345.50,91.50,106.00,92.00
339.50,88.50,106.00,92.00
339.50,88.50,106.00,92.00
339.50,88.50,106.00,92.00
334.50,85.50,106.00,92.00
334.50,85.50,106.00,92.00
334.50,85.50,106.00,92.00
328.50,82.50,106.00,92.00
328.50,82.50,106.00,92.00
328.50,82.50,106.00,92.00
321.50,78.50,106.00,92.00
321.50,78.50,106.00,92.00
321.50,78.50,106.00,92.00
315.50,74.50,106.00,92.00
315.50,74.50,106.00,92.00
315.50,74.50,106.00,92.00
309.50,70.50,106.00,92.00
309.50,70.50,106.00,92.00
309.50,70.50,106.00,92.00
302.50,67.50,106.00,92.00
302.50,67.50,106.00,92.00
302.50,67.50,106.00,92.00
295.50,65.50,106.00,92.00
295.50,65.50,106.00,92.00
295.50,65.50,106.00,92.00
288.50,63.50,106.00,92.00
288.50,63.50,106.00,92.00
288.50,63.50,106.00,92.00
281.50,61.50,106.00,92.00
280.50,61.50,106.00,92.00
280.50,61.50,106.00,92.00
277.50,61.50,106.00,92.00
276.50,61.50,106.00,92.00
276.50,61.50,106.00,92.00
276.50,61.50,106.00,92.00
276.50,61.50,106.00,92.00
276.50,61.50,106.00,92.00
276.50,61.50,106.00,92.00
276.50,61.50,106.00,92.00
276.50,61.50,106.00,92.00
276.50,61.50,106.00,92.00
276.50,61.50,106.00,92.00
276.50,61.50,106.00,92.00
276.50,61.50,106.00,92.00
276.50,61.50,106.00,92.00
276.50,61.50,106.00,92.00
276.50,61.50,106.00,92.00
276.50,61.50,106.00,92.00
276.50,61.50,106.00,92.00
276.50,61.50,106.00,92.00
276.50,61.50,106.00,92.00
276.50,61.50,106.00,92.00
276.50,61.50,106.00,92.00
276.50,61.50,106.00,92.00
276.50,61.50,106.00,92.00
276.50,61.50,106.00,92.00
276.50,61.50,106.00,92.00
276.50,61.50,106.00,92.00
276.50,61.50,106.00,92.00
276.50,61.50,106.00,92.00
276.50,61.50,106.00,92.00
276.50,61.50,106.00,92.00
276.50,61.50,106.00,92.00
276.50,61.50,106.00,92.00
276.50,61.50,106.00,92.00
276.50,61.50,106.00,92.00
276.50,61.50,106.00,92.00
276.50,61.50,106.00,92.00
276.50,61.50,106.00,92.00
276.50,61.50,106.00,92.00
276.50,61.50,106.00,92.00
276.50,61.50,106.00,92.00
276.50,61.50,106.00,92.00
276.50,61.50,106.00,92.00
276.50,61.50,106.00,92.00
276.50,61.50,106.00,92.00
276.50,61.50,106.00,92.00
276.50,61.50,106.00,92.00
276.50,61.50,106.00,92.00
276.50,61.50,106.00,92.00
276.50,61.50,106.00,92.00
276.50,61.50,106.00,92.00
276.50,61.50,106.00,92.00
276.50,61.50,106.00,92.00
276.50,61.50,106.00,92.00
276.50,61.50,106.00,92.00
276.50,61.50,106.00,92.00
276.50,61.50,106.00,92.00
276.50,61.50,106.00,92.00
276.50,61.50,106.00,92.00
276.50,61.50,106.00,92.00
276.50,61.50,106.00,92.00
276.50,61.50,106.00,92.00
276.50,61.50,106.00,92.00
276.50,61.50,106.00,92.00
276.50,61.50,106.00,92.00
276.50,61.50,106.00,92.00
277.50,61.50,106.00,92.00
277.50,61.50,106.00,92.00
277.50,61.50,106.00,92.00
278.50,61.50,106.00,92.00
278.50,61.50,106.00,92.00
278.50,61.50,106.00,92.00
279.50,62.50,106.00,92.00
279.50,62.50,106.00,92.00
279.50,62.50,106.00,92.00
280.50,62.50,106.00,92.00
280.50,62.50,106.00,92.00
280.50,62.50,106.00,92.00
282.50,63.50,106.00,92.00
282.50,63.50,106.00,92.00
282.50,63.50,106.00,92.00
284.50,64.50,106.00,92.00
284.50,64.50,106.00,92.00
284.50,64.50,106.00,92.00
287.50,65.50,106.00,92.00
287.50,65.50,106.00,92.00
287.50,65.50,106.00,92.00
288.50,65.50,106.00,92.00
289.50,66.50,106.00,92.00
289.50,66.50,106.00,92.00
291.50,67.50,106.00,92.00
291.50,67.50,106.00,92.00
291.50,67.50,106.00,92.00
292.50,69.50,106.00,92.00
292.50,69.50,106.00,92.00
292.50,69.50,106.00,92.00
293.50,70.50,106.00,92.00
293.50,70.50,106.00,92.00
293.50,70.50,106.00,92.00
295.50,72.50,106.00,92.00
295.50,72.50,106.00,92.00
295.50,72.50,106.00,92.00
295.50,74.50,106.00,92.00
295.50,74.50,106.00,92.00
295.50,74.50,106.00,92.00
296.50,75.50,106.00,92.00
296.50,75.50,106.00,92.00
296.50,75.50,106.00,92.00
297.50,77.50,106.00,92.00
297.50,77.50,106.00,92.00
297.50,77.50,106.00,92.00
298.50,79.50,106.00,92.00
298.50,79.50,106.00,92.00
298.50,79.50,106.00,92.00
298.50,81.50,106.00,92.00
298.50,81.50,106.00,92.00
298.50,81.50,106.00,92.00
298.50,82.50,106.00,92.00
298.50,82.50,106.00,92.00
298.50,82.50,106.00,92.00
298.50,83.50,106.00,92.00
298.50,83.50,106.00,92.00
298.50,83.50,106.00,92.00
298.50,84.50,106.00,92.00
298.50,84.50,106.00,92.00
298.50,84.50,106.00,92.00
297.50,86.50,106.00,92.00
297.50,86.50,106.00,92.00
297.50,86.50,106.00,92.00
296.50,88.50,106.00,92.00
296.50,88.50,106.00,92.00
296.50,88.50,106.00,92.00
295.50,91.50,106.00,92.00
295.50,91.50,106.00,92.00
295.50,91.50,106.00,92.00
294.50,94.50,106.00,92.00
294.50,94.50,106.00,92.00
294.50,94.50,106.00,92.00
292.50,97.50,106.00,92.00
292.50,97.50,106.00,92.00
292.50,97.50,106.00,92.00
290.50,100.50,106.00,92.00
290.50,100.50,106.00,92.00
290.50,100.50,106.00,92.00
287.50,104.50,106.00,92.00
287.50,104.50,106.00,92.00
287.50,105.50,106.00,92.00
284.50,108.50,106.00,92.00
284.50,108.50,106.00,92.00
284.50,108.50,106.00,92.00
280.50,113.50,106.00,92.00
280.50,113.50,106.00,92.00
280.50,113.50,106.00,92.00
276.50,118.50,106.00,92.00
276.50,118.50,106.00,92.00
276.50,118.50,106.00,92.00
271.50,123.50,106.00,92.00
271.50,123.50,106.00,92.00
271.50,123.50,106.00,92.00
264.50,130.50,106.00,92.00
264.50,130.50,106.00,92.00
264.50,130.50,106.00,92.00
257.50,137.50,106.00,92.00
257.50,137.50,106.00,92.00
257.50,137.50,106.00,92.00
248.50,145.50,106.00,92.00
248.50,145.50,106.00,92.00
248.50,145.50,106.00,92.00
239.50,152.50,106.00,92.00
239.50,152.50,106.00,92.00
239.50,152.50,106.00,92.00
230.50,159.50,106.00,92.00
230.50,159.50,106.00,92.00
230.50,159.50,106.00,92.00
219.50,166.50,106.00,92.00
219.50,166.50,106.00,92.00
219.50,166.50,106.00,92.00
215.50,179.50,106.00,92.00
215.50,179.50,106.00,92.00
215.50,179.50,106.00,92.00
203.50,189.50,106.00,92.00
203.50,189.50,106.00,92.00
203.50,189.50,106.00,92.00
193.50,193.50,106.00,92.00
193.50,193.50,106.00,92.00
193.50,193.50,106.00,92.00
187.50,198.50,106.00,92.00
187.50,198.50,106.00,92.00
187.50,198.50,106.00,92.00
180.50,205.50,106.00,92.00
180.50,205.50,106.00,92.00
180.50,205.50,106.00,92.00
175.50,210.50,106.00,92.00
175.50,210.50,106.00,92.00
175.50,210.50,106.00,92.00
172.50,213.50,106.00,92.00
172.50,213.50,106.00,92.00
172.50,213.50,106.00,92.00
181.50,211.50,106.00,92.00
181.50,211.50,106.00,92.00
181.50,211.50,106.00,92.00
181.50,213.50,106.00,92.00
181.50,213.50,106.00,92.00
181.50,213.50,106.00,92.00
181.50,213.50,106.00,92.00
181.50,213.50,106.00,92.00
181.50,213.50,106.00,92.00
181.50,212.50,106.00,92.00
181.50,212.50,106.00,92.00
181.50,212.50,106.00,92.00
181.50,212.50,106.00,92.00
181.50,212.50,106.00,92.00
181.50,212.50,106.00,92.00
181.50,212.50,106.00,92.00
181.50,212.50,106.00,92.00
181.50,212.50,106.00,92.00
181.50,212.50,106.00,92.00
181.50,212.50,106.00,92.00
181.50,212.50,106.00,92.00
181.50,212.50,106.00,92.00
181.50,212.50,106.00,92.00
181.50,212.50,106.00,92.00
181.50,212.50,106.00,92.00
181.50,212.50,106.00,92.00
181.50,212.50,106.00,92.00
181.50,212.50,106.00,92.00
181.50,212.50,106.00,92.00
181.50,212.50,106.00,92.00
181.50,212.50,106.00,92.00
181.50,212.50,106.00,92.00
181.50,212.50,106.00,92.00
181.50,212.50,106.00,92.00
181.50,212.50,106.00,92.00
181.50,212.50,106.00,92.00
181.50,212.50,106.00,92.00
181.50,212.50,106.00,92.00
181.50,212.50,106.00,92.00
181.50,212.50,106.00,92.00
181.50,212.50,106.00,92.00
181.50,212.50,106.00,92.00
181.50,212.50,106.00,92.00
181.50,212.50,106.00,92.00
181.50,212.50,106.00,92.00
181.50,212.50,106.00,92.00
181.50,212.50,106.00,92.00
181.50,212.50,106.00,92.00
181.50,212.50,106.00,92.00
181.50,212.50,106.00,92.00
181.50,212.50,106.00,92.00
182.50,212.50,106.00,92.00
182.50,212.50,106.00,92.00
182.50,212.50,106.00,92.00
183.50,211.50,106.00,92.00
183.50,211.50,106.00,92.00
183.50,211.50,106.00,92.00
185.50,210.50,106.00,92.00
185.50,210.50,106.00,92.00
185.50,210.50,106.00,92.00
188.50,209.50,106.00,92.00
188.50,209.50,106.00,92.00
188.50,208.50,106.00,92.00
191.50,200.50,106.00,92.00
191.50,200.50,106.00,92.00
191.50,200.50,106.00,92.00
193.50,190.50,106.00,92.00
193.50,190.50,106.00,92.00
193.50,190.50,106.00,92.00
195.50,183.50,106.00,92.00
195.50,182.50,106.00,92.00
195.50,182.50,106.00,92.00
194.50,175.50,106.00,92.00
194.50,175.50,106.00,92.00
194.50,175.50,106.00,92.00
195.50,172.50,106.00,92.00
195.50,172.50,106.00,92.00
195.50,172.50,106.00,92.00
195.50,171.50,106.00,92.00
195.50,171.50,106.00,92.00
195.50,171.50,106.00,92.00
195.50,171.50,106.00,92.00
195.50,171.50,106.00,92.00
195.50,171.50,106.00,92.00
195.50,172.50,106.00,92.00
195.50,172.50,106.00,92.00
195.50,172.50,106.00,92.00
193.50,175.50,106.00,92.00
193.50,175.50,106.00,92.00
193.50,175.50,106.00,92.00
192.50,179.50,106.00,92.00
192.50,179.50,106.00,92.00
192.50,179.50,106.00,92.00
191.50,186.50,106.00,92.00
191.50,186.50,106.00,92.00
191.50,186.50,106.00,92.00
190.50,193.50,106.00,92.00
190.50,193.50,106.00,92.00
190.50,193.50,106.00,92.00
189.50,201.50,106.00,92.00
189.50,201.50,106.00,92.00
189.50,201.50,106.00,92.00
189.50,203.50,106.00,92.00
189.50,203.50,106.00,92.00
189.50,203.50,106.00,92.00
189.50,202.50,106.00,92.00
189.50,202.50,106.00,92.00
189.50,202.50,106.00,92.00
189.50,202.50,106.00,92.00
189.50,202.50,106.00,92.00
189.50,202.50,106.00,92.00
189.50,202.50,106.00,92.00
189.50,202.50,106.00,92.00
189.50,202.50,106.00,92.00
189.50,203.50,106.00,92.00
189.50,203.50,106.00,92.00
189.50,203.50,106.00,92.00
189.50,203.50,106.00,92.00
189.50,203.50,106.00,92.00
189.50,203.50,106.00,92.00
189.50,203.50,106.00,92.00
189.50,203.50,106.00,92.00
189.50,203.50,106.00,92.00
189.50,203.50,106.00,92.00
189.50,203.50,106.00,92.00
189.50,203.50,106.00,92.00
189.50,203.50,106.00,92.00
189.50,203.50,106.00,92.00
189.50,203.50,106.00,92.00
189.50,203.50,106.00,92.00
189.50,203.50,106.00,92.00
189.50,203.50,106.00,92.00
189.50,203.50,106.00,92.00
189.50,203.50,106.00,92.00
189.50,203.50,106.00,92.00
189.50,203.50,106.00,92.00
189.50,203.50,106.00,92.00
189.50,203.50,106.00,92.00
188.50,203.50,106.00,92.00
188.50,203.50,106.00,92.00
188.50,203.50,106.00,92.00
188.50,203.50,106.00,92.00
188.50,203.50,106.00,92.00
187.50,204.50,106.00,92.00
187.50,204.50,106.00,92.00
187.50,204.50,106.00,92.00
187.50,204.50,106.00,92.00
185.50,205.50,106.00,92.00
185.50,205.50,106.00,92.00
185.50,205.50,106.00,92.00
183.50,207.50,106.00,92.00
183.50,207.50,106.00,92.00
183.50,207.50,106.00,92.00
181.50,209.50,106.00,92.00
181.50,209.50,106.00,92.00
181.50,209.50,106.00,92.00
178.50,212.50,106.00,92.00
178.50,212.50,106.00,92.00
178.50,212.50,106.00,92.00
175.50,215.50,106.00,92.00
175.50,216.50,106.00,92.00
175.50,216.50,106.00,92.00
173.50,219.50,106.00,92.00
173.50,219.50,106.00,92.00
173.50,219.50,106.00,92.00
174.50,219.50,106.00,92.00
174.50,219.50,106.00,92.00
174.50,219.50,106.00,92.00
175.50,217.50,106.00,92.00
175.50,217.50,106.00,92.00
175.50,217.50,106.00,92.00
176.50,216.50,106.00,92.00
176.50,216.50,106.00,92.00
176.50,216.50,106.00,92.00
175.50,216.50,106.00,92.00
175.50,216.50,106.00,92.00
175.50,216.50,106.00,92.00
175.50,216.50,106.00,92.00
175.50,216.50,106.00,92.00
175.50,216.50,106.00,92.00
175.50,216.50,106.00,92.00
175.50,216.50,106.00,92.00
175.50,216.50,106.00,92.00
175.50,216.50,106.00,92.00
175.50,216.50,106.00,92.00
175.50,216.50,106.00,92.00
175.50,216.50,106.00,92.00
175.50,216.50,106.00,92.00
175.50,216.50,106.00,92.00
175.50,216.50,106.00,92.00
175.50,216.50,106.00,92.00
175.50,216.50,106.00,92.00
175.50,216.50,106.00,92.00
175.50,216.50,106.00,92.00
175.50,216.50,106.00,92.00
175.50,216.50,106.00,92.00
175.50,216.50,106.00,92.00
175.50,216.50,106.00,92.00
175.50,216.50,106.00,92.00
175.50,216.50,106.00,92.00
175.50,216.50,106.00,92.00
175.50,215.50,106.00,92.00
175.50,215.50,106.00,92.00
175.50,215.50,106.00,92.00
175.50,215.50,106.00,92.00
175.50,215.50,106.00,92.00
175.50,215.50,106.00,92.00
175.50,215.50,106.00,92.00
175.50,215.50,106.00,92.00
175.50,215.50,106.00,92.00
175.50,215.50,106.00,92.00
175.50,215.50,106.00,92.00
175.50,215.50,106.00,92.00
175.50,215.50,106.00,92.00
175.50,215.50,106.00,92.00
175.50,215.50,106.00,92.00
175.50,215.50,106.00,92.00
175.50,215.50,106.00,92.00
175.50,215.50,106.00,92.00
175.50,215.50,106.00,92.00
175.50,215.50,106.00,92.00
175.50,215.50,106.00,92.00
175.50,215.50,106.00,92.00
175.50,215.50,106.00,92.00
175.50,215.50,106.00,92.00
175.50,215.50,106.00,92.00
175.50,215.50,106.00,92.00
175.50,215.50,106.00,92.00
175.50,215.50,106.00,92.00
175.50,215.50,106.00,92.00
175.50,215.50,106.00,92.00
175.50,215.50,106.00,92.00
175.50,215.50,106.00,92.00
175.50,215.50,106.00,92.00
175.50,215.50,106.00,92.00
175.50,215.50,106.00,92.00
175.50,215.50,106.00,92.00
175.50,215.50,106.00,92.00
175.50,215.50,106.00,92.00
175.50,215.50,106.00,92.00
175.50,215.50,106.00,92.00
175.50,215.50,106.00,92.00
175.50,215.50,106.00,92.00
175.50,215.50,106.00,92.00
175.50,215.50,106.00,92.00
175.50,215.50,106.00,92.00
175.50,215.50,106.00,92.00
175.50,215.50,106.00,92.00
175.50,215.50,106.00,92.00
175.50,215.50,106.00,92.00
175.50,215.50,106.00,92.00
175.50,215.50,106.00,92.00
175.50,215.50,106.00,92.00
175.50,215.50,106.00,92.00
175.50,215.50,106.00,92.00
175.50,215.50,106.00,92.00
175.50,215.50,106.00,92.00
175.50,215.50,106.00,92.00
175.50,215.50,106.00,92.00
175.50,215.50,106.00,92.00
175.50,215.50,106.00,92.00
175.50,215.50,106.00,92.00
175.50,215.50,106.00,92.00
175.50,215.50,106.00,92.00
175.50,215.50,106.00,92.00
175.50,215.50,106.00,92.00
175.50,215.50,106.00,92.00
175.50,215.50,106.00,92.00
175.50,215.50,106.00,92.00
175.50,215.50,106.00,92.00
175.50,215.50,106.00,92.00
175.50,215.50,106.00,92.00
175.50,215.50,106.00,92.00
175.50,215.50,106.00,92.00
175.50,215.50,106.00,92.00
175.50,215.50,106.00,92.00
175.50,215.50,106.00,92.00
175.50,215.50,106.00,92.00
175.50,215.50,106.00,92.00
175.50,215.50,106.00,92.00
175.50,215.50,106.00,92.00
175.50,215.50,106.00,92.00
176.50,215.50,106.00,92.00
176.50,215.50,106.00,92.00
176.50,215.50,106.00,92.00
179.50,213.50,106.00,92.00
179.50,213.50,106.00,92.00
179.50,213.50,106.00,92.00
181.50,209.50,106.00,92.00
181.50,209.50,106.00,92.00
182.50,209.50,106.00,92.00
184.50,205.50,106.00,92.00
184.50,205.50,106.00,92.00
184.50,205.50,106.00,92.00
189.50,199.50,106.00,92.00
189.50,199.50,106.00,92.00
189.50,199.50,106.00,92.00
196.50,176.50,106.00,92.00
196.50,176.50,106.00,92.00
196.50,176.50,106.00,92.00
203.50,155.50,106.00,92.00
204.50,155.50,106.00,92.00
204.50,155.50,106.00,92.00
215.50,136.50,106.00,92.00
215.50,136.50,106.00,92.00
215.50,136.50,106.00,92.00
228.50,145.50,106.00,92.00
228.50,145.50,106.00,92.00
228.50,145.50,106.00,92.00
236.50,152.50,106.00,92.00
236.50,152.50,106.00,92.00
236.50,152.50,106.00,92.00
248.50,150.50,106.00,92.00
248.50,150.50,106.00,92.00
248.50,150.50,106.00,92.00
249.50,148.50,106.00,92.00
249.50,148.50,106.00,92.00
249.50,148.50,106.00,92.00
252.50,146.50,106.00,92.00
252.50,146.50,106.00,92.00
252.50,146.50,106.00,92.00
253.50,145.50,106.00,92.00
253.50,145.50,106.00,92.00
253.50,145.50,106.00,92.00
253.50,144.50,106.00,92.00
253.50,144.50,106.00,92.00
253.50,144.50,106.00,92.00
252.50,145.50,106.00,92.00
252.50,145.50,106.00,92.00
252.50,145.50,106.00,92.00
251.50,145.50,106.00,92.00
251.50,145.50,106.00,92.00
251.50,145.50,106.00,92.00
251.50,145.50,106.00,92.00
251.50,145.50,106.00,92.00
251.50,145.50,106.00,92.00
252.50,144.50,106.00,92.00
252.50,144.50,106.00,92.00
252.50,144.50,106.00,92.00
252.50,145.50,106.00,92.00
252.50,145.50,106.00,92.00
252.50,145.50,106.00,92.00
252.50,145.50,106.00,92.00
252.50,145.50,106.00,92.00
252.50,145.50,106.00,92.00
252.50,145.50,106.00,92.00
252.50,145.50,106.00,92.00
252.50,145.50,106.00,92.00
252.50,145.50,106.00,92.00
252.50,145.50,106.00,92.00
252.50,145.50,106.00,92.00
252.50,145.50,106.00,92.00
252.50,145.50,106.00,92.00
252.50,145.50,106.00,92.00
252.50,145.50,106.00,92.00
252.50,145.50,106.00,92.00
252.50,145.50,106.00,92.00
252.50,145.50,106.00,92.00
252.50,145.50,106.00,92.00
252.50,145.50,106.00,92.00
252.50,145.50,106.00,92.00
252.50,145.50,106.00,92.00
252.50,145.50,106.00,92.00
252.50,145.50,106.00,92.00
252.50,145.50,106.00,92.00
252.50,145.50,106.00,92.00
252.50,145.50,106.00,92.00
252.50,145.50,106.00,92.00
252.50,145.50,106.00,92.00
251.50,146.50,106.00,92.00
251.50,146.50,106.00,92.00
251.50,146.50,106.00,92.00
250.50,147.50,106.00,92.00
250.50,147.50,106.00,92.00
250.50,147.50,106.00,92.00
250.50,147.50,106.00,92.00
250.50,147.50,106.00,92.00
250.50,147.50,106.00,92.00
250.50,147.50,106.00,92.00
250.50,147.50,106.00,92.00
250.50,147.50,106.00,92.00
250.50,147.50,106.00,92.00
250.50,147.50,106.00,92.00
250.50,147.50,106.00,92.00
250.50,147.50,106.00,92.00
250.50,147.50,106.00,92.00
250.50,147.50,106.00,92.00
250.50,147.50,106.00,92.00
250.50,147.50,106.00,92.00
250.50,147.50,106.00,92.00
250.50,147.50,106.00,92.00
250.50,147.50,106.00,92.00
250.50,147.50,106.00,92.00
250.50,147.50,106.00,92.00
250.50,147.50,106.00,92.00
250.50,147.50,106.00,92.00
250.50,147.50,106.00,92.00
250.50,147.50,106.00,92.00
250.50,147.50,106.00,92.00
250.50,147.50,106.00,92.00
250.50,147.50,106.00,92.00
250.50,147.50,106.00,92.00
250.50,147.50,106.00,92.00
250.50,147.50,106.00,92.00
250.50,147.50,106.00,92.00
250.50,147.50,106.00,92.00
250.50,147.50,106.00,92.00
250.50,147.50,106.00,92.00
250.50,147.50,106.00,92.00
250.50,147.50,106.00,92.00
250.50,147.50,106.00,92.00
250.50,147.50,106.00,92.00
250.50,147.50,106.00,92.00
250.50,147.50,106.00,92.00
250.50,147.50,106.00,92.00
250.50,147.50,106.00,92.00
250.50,147.50,106.00,92.00
250.50,147.50,106.00,92.00
250.50,147.50,106.00,92.00
250.50,147.50,106.00,92.00
249.50,148.50,106.00,92.00
249.50,148.50,106.00,92.00
249.50,148.50,106.00,92.00
249.50,148.50,106.00,92.00
249.50,148.50,106.00,92.00
249.50,148.50,106.00,92.00
249.50,148.50,106.00,92.00
249.50,148.50,106.00,92.00
249.50,148.50,106.00,92.00
249.50,147.50,106.00,92.00
250.50,147.50,106.00,92.00
250.50,147.50,106.00,92.00
250.50,147.50,106.00,92.00
250.50,147.50,106.00,92.00
250.50,147.50,106.00,92.00
250.50,147.50,106.00,92.00
250.50,147.50,106.00,92.00
250.50,147.50,106.00,92.00
250.50,147.50,106.00,92.00
250.50,147.50,106.00,92.00
250.50,147.50,106.00,92.00
250.50,147.50,106.00,92.00
250.50,147.50,106.00,92.00
250.50,147.50,106.00,92.00
250.50,147.50,106.00,92.00
250.50,147.50,106.00,92.00
250.50,147.50,106.00,92.00
250.50,147.50,106.00,92.00
250.50,147.50,106.00,92.00
250.50,147.50,106.00,92.00
250.50,147.50,106.00,92.00
250.50,147.50,106.00,92.00
250.50,147.50,106.00,92.00
250.50,147.50,106.00,92.00
250.50,147.50,106.00,92.00
250.50,147.50,106.00,92.00
249.50,147.50,106.00,92.00
249.50,147.50,106.00,92.00
249.50,147.50,106.00,92.00
249.50,147.50,106.00,92.00
249.50,147.50,106.00,92.00
249.50,147.50,106.00,92.00
249.50,147.50,106.00,92.00
249.50,147.50,106.00,92.00
249.50,147.50,106.00,92.00
249.50,147.50,106.00,92.00
249.50,147.50,106.00,92.00
249.50,147.50,106.00,92.00
249.50,147.50,106.00,92.00
249.50,147.50,106.00,92.00
249.50,147.50,106.00,92.00
249.50,147.50,106.00,92.00
249.50,147.50,106.00,92.00
249.50,147.50,106.00,92.00
249.50,147.50,106.00,92.00
249.50,147.50,106.00,92.00
249.50,147.50,106.00,92.00
249.50,147.50,106.00,92.00
249.50,147.50,106.00,92.00
249.50,147.50,106.00,92.00
249.50,147.50,106.00,92.00
249.50,147.50,106.00,92.00
249.50,147.50,106.00,92.00
249.50,147.50,106.00,92.00
249.50,147.50,106.00,92.00
249.50,147.50,106.00,92.00
249.50,147.50,106.00,92.00
249.50,147.50,106.00,92.00
249.50,147.50,106.00,92.00
249.50,147.50,106.00,92.00
249.50,147.50,106.00,92.00
249.50,147.50,106.00,92.00
249.50,147.50,106.00,92.00
249.50,147.50,106.00,92.00
249.50,147.50,106.00,92.00
249.50,147.50,106.00,92.00
249.50,147.50,106.00,92.00
249.50,147.50,106.00,92.00
249.50,147.50,106.00,92.00
249.50,147.50,106.00,92.00
249.50,147.50,106.00,92.00
249.50,147.50,106.00,92.00
249.50,147.50,106.00,92.00
249.50,147.50,106.00,92.00
249.50,147.50,106.00,92.00
249.50,147.50,106.00,92.00
249.50,147.50,106.00,92.00
249.50,147.50,106.00,92.00
249.50,147.50,106.00,92.00
249.50,147.50,106.00,92.00
249.50,147.50,106.00,92.00
249.50,147.50,106.00,92.00
249.50,147.50,106.00,92.00
249.50,147.50,106.00,92.00
249.50,147.50,106.00,92.00
249.50,147.50,106.00,92.00
249.50,147.50,106.00,92.00
249.50,147.50,106.00,92.00
249.50,147.50,106.00,92.00
249.50,147.50,106.00,92.00
249.50,147.50,106.00,92.00
249.50,147.50,106.00,92.00
249.50,147.50,106.00,92.00
249.50,147.50,106.00,92.00
249.50,147.50,106.00,92.00
249.50,147.50,106.00,92.00
249.50,147.50,106.00,92.00
249.50,147.50,106.00,92.00
249.50,147.50,106.00,92.00
249.50,147.50,106.00,92.00
249.50,147.50,106.00,92.00
249.50,147.50,106.00,92.00
249.50,147.50,106.00,92.00
249.50,147.50,106.00,92.00
248.50,147.50,106.00,92.00
248.50,147.50,106.00,92.00
248.50,147.50,106.00,92.00
246.50,148.50,106.00,92.00
246.50,148.50,106.00,92.00
246.50,148.50,106.00,92.00
245.50,149.50,106.00,92.00
245.50,149.50,106.00,92.00
244.50,149.50,106.00,92.00
242.50,149.50,106.00,92.00
242.50,149.50,106.00,92.00
242.50,149.50,106.00,92.00
241.50,150.50,106.00,92.00
241.50,150.50,106.00,92.00
241.50,150.50,106.00,92.00
237.50,151.50,106.00,92.00
237.50,151.50,106.00,92.00
237.50,151.50,106.00,92.00
231.50,154.50,106.00,92.00
231.50,154.50,106.00,92.00
231.50,154.50,106.00,92.00
227.50,156.50,106.00,92.00
227.50,156.50,106.00,92.00
227.50,156.50,106.00,92.00
225.50,158.50,106.00,92.00
225.50,158.50,106.00,92.00
225.50,158.50,106.00,92.00
225.50,159.50,106.00,92.00
225.50,159.50,106.00,92.00
225.50,159.50,106.00,92.00
225.50,160.50,106.00,92.00
225.50,160.50,106.00,92.00
225.50,160.50,106.00,92.00
226.50,162.50,106.00,92.00
226.50,162.50,106.00,92.00
226.50,162.50,106.00,92.00
226.50,164.50,106.00,92.00
226.50,164.50,106.00,92.00
226.50,165.50,106.00,92.00
226.50,166.50,106.00,92.00
226.50,166.50,106.00,92.00
226.50,167.50,106.00,92.00
226.50,168.50,106.00,92.00
226.50,168.50,106.00,92.00
226.50,168.50,106.00,92.00
226.50,169.50,106.00,92.00
226.50,170.50,106.00,92.00
226.50,170.50,106.00,92.00
226.50,171.50,106.00,92.00
226.50,171.50,106.00,92.00
226.50,171.50,106.00,92.00
226.50,173.50,106.00,92.00
226.50,173.50,106.00,92.00
226.50,173.50,106.00,92.00
226.50,175.50,106.00,92.00
226.50,175.50,106.00,92.00
226.50,175.50,106.00,92.00
226.50,176.50,106.00,92.00
226.50,176.50,106.00,92.00
226.50,176.50,106.00,92.00
226.50,179.50,106.00,92.00
226.50,179.50,106.00,92.00
226.50,179.50,106.00,92.00
227.50,182.50,106.00,92.00
227.50,182.50,106.00,92.00
227.50,182.50,106.00,92.00
227.50,184.50,106.00,92.00
227.50,184.50,106.00,92.00
227.50,185.50,106.00,92.00
228.50,187.50,106.00,92.00
228.50,187.50,106.00,92.00
228.50,188.50,106.00,92.00
228.50,190.50,106.00,92.00
228.50,190.50,106.00,92.00
228.50,190.50,106.00,92.00
227.50,188.50,106.00,92.00
227.50,188.50,106.00,92.00
227.50,188.50,106.00,92.00
227.50,188.50,106.00,92.00
227.50,187.50,106.00,92.00
227.50,188.50,106.00,92.00
227.50,188.50,106.00,92.00
227.50,188.50,106.00,92.00
227.50,188.50,106.00,92.00
227.50,188.50,106.00,92.00
227.50,188.50,106.00,92.00
227.50,188.50,106.00,92.00
227.50,188.50,106.00,92.00
227.50,188.50,106.00,92.00
227.50,188.50,106.00,92.00
227.50,188.50,106.00,92.00
227.50,188.50,106.00,92.00
227.50,188.50,106.00,92.00
227.50,188.50,106.00,92.00
227.50,188.50,106.00,92.00
227.50,188.50,106.00,92.00
227.50,188.50,106.00,92.00
227.50,188.50,106.00,92.00
227.50,188.50,106.00,92.00
227.50,188.50,106.00,92.00
227.50,188.50,106.00,92.00
227.50,188.50,106.00,92.00
227.50,188.50,106.00,92.00
227.50,188.50,106.00,92.00
227.50,188.50,106.00,92.00
227.50,188.50,106.00,92.00
227.50,188.50,106.00,92.00
227.50,188.50,106.00,92.00
227.50,188.50,106.00,92.00
227.50,188.50,106.00,92.00
227.50,188.50,106.00,92.00
227.50,188.50,106.00,92.00
227.50,188.50,106.00,92.00
227.50,188.50,106.00,92.00
227.50,188.50,106.00,92.00
227.50,188.50,106.00,92.00
227.50,188.50,106.00,92.00
227.50,188.50,106.00,92.00
227.50,188.50,106.00,92.00
227.50,188.50,106.00,92.00
227.50,188.50,106.00,92.00
227.50,188.50,106.00,92.00
227.50,188.50,106.00,92.00
227.50,188.50,106.00,92.00
227.50,188.50,106.00,92.00
227.50,188.50,106.00,92.00
227.50,188.50,106.00,92.00
227.50,188.50,106.00,92.00
227.50,188.50,106.00,92.00
227.50,188.50,106.00,92.00
227.50,188.50,106.00,92.00
227.50,188.50,106.00,92.00
227.50,188.50,106.00,92.00
227.50,188.50,106.00,92.00
227.50,188.50,106.00,92.00
227.50,188.50,106.00,92.00
227.50,188.50,106.00,92.00
227.50,188.50,106.00,92.00
227.50,188.50,106.00,92.00
227.50,188.50,106.00,92.00
227.50,188.50,106.00,92.00
227.50,188.50,106.00,92.00
227.50,188.50,106.00,92.00
227.50,188.50,106.00,92.00
227.50,188.50,106.00,92.00
227.50,188.50,106.00,92.00
227.50,188.50,106.00,92.00
227.50,188.50,106.00,92.00
227.50,188.50,106.00,92.00
227.50,188.50,106.00,92.00
227.50,188.50,106.00,92.00
227.50,188.50,106.00,92.00
227.50,188.50,106.00,92.00
227.50,188.50,106.00,92.00
227.50,188.50,106.00,92.00
227.50,188.50,106.00,92.00
227.50,188.50,106.00,92.00
227.50,188.50,106.00,92.00
227.50,188.50,106.00,92.00
227.50,188.50,106.00,92.00
227.50,188.50,106.00,92.00
227.50,188.50,106.00,92.00
227.50,188.50,106.00,92.00
227.50,188.50,106.00,92.00
227.50,188.50,106.00,92.00
227.50,188.50,106.00,92.00
227.50,188.50,106.00,92.00
227.50,188.50,106.00,92.00
227.50,188.50,106.00,92.00
227.50,188.50,106.00,92.00
227.50,188.50,106.00,92.00
227.50,188.50,106.00,92.00
227.50,188.50,106.00,92.00
227.50,188.50,106.00,92.00
227.50,188.50,106.00,92.00
227.50,188.50,106.00,92.00
227.50,188.50,106.00,92.00
227.50,188.50,106.00,92.00
227.50,188.50,106.00,92.00
227.50,188.50,106.00,92.00
227.50,188.50,106.00,92.00
227.50,188.50,106.00,92.00
227.50,188.50,106.00,92.00
227.50,188.50,106.00,92.00
227.50,188.50,106.00,92.00
227.50,188.50,106.00,92.00
227.50,188.50,106.00,92.00
227.50,188.50,106.00,92.00
227.50,188.50,106.00,92.00
227.50,188.50,106.00,92.00
227.50,188.50,106.00,92.00
227.50,188.50,106.00,92.00
227.50,188.50,106.00,92.00
227.50,188.50,106.00,92.00
227.50,188.50,106.00,92.00
227.50,188.50,106.00,92.00
227.50,188.50,106.00,92.00
227.50,188.50,106.00,92.00
227.50,188.50,106.00,92.00
227.50,188.50,106.00,92.00
227.50,188.50,106.00,92.00
227.50,188.50,106.00,92.00
227.50,188.50,106.00,92.00
227.50,188.50,106.00,92.00
227.50,188.50,106.00,92.00
227.50,188.50,106.00,92.00
227.50,188.50,106.00,92.00
227.50,188.50,106.00,92.00
227.50,188.50,106.00,92.00
227.50,188.50,106.00,92.00
227.50,188.50,106.00,92.00
227.50,188.50,106.00,92.00
227.50,188.50,106.00,92.00
227.50,188.50,106.00,92.00
227.50,188.50,106.00,92.00
227.50,188.50,106.00,92.00
227.50,188.50,106.00,92.00
227.50,188.50,106.00,92.00
227.50,188.50,106.00,92.00
227.50,188.50,106.00,92.00
227.50,188.50,106.00,92.00
227.50,188.50,106.00,92.00
227.50,188.50,106.00,92.00
227.50,188.50,106.00,92.00
227.50,188.50,106.00,92.00
227.50,188.50,106.00,92.00
227.50,188.50,106.00,92.00
227.50,188.50,106.00,92.00
227.50,188.50,106.00,92.00
227.50,188.50,106.00,92.00
227.50,188.50,106.00,92.00
227.50,188.50,106.00,92.00
227.50,188.50,106.00,92.00
227.50,188.50,106.00,92.00
227.50,188.50,106.00,92.00
227.50,188.50,106.00,92.00
227.50,188.50,106.00,92.00
227.50,188.50,106.00,92.00
227.50,188.50,106.00,92.00
227.50,188.50,106.00,92.00
227.50,188.50,106.00,92.00
227.50,188.50,106.00,92.00
227.50,188.50,106.00,92.00
227.50,188.50,106.00,92.00
227.50,188.50,106.00,92.00
227.50,188.50,106.00,92.00
227.50,188.50,106.00,92.00
227.50,188.50,106.00,92.00
227.50,188.50,106.00,92.00
227.50,188.50,106.00,92.00
227.50,188.50,106.00,92.00
227.50,188.50,106.00,92.00
227.50,188.50,106.00,92.00
227.50,188.50,106.00,92.00
227.50,188.50,106.00,92.00
227.50,188.50,106.00,92.00
227.50,188.50,106.00,92.00
227.50,188.50,106.00,92.00
227.50,187.50,106.00,92.00
227.50,187.50,106.00,92.00
227.50,187.50,106.00,92.00
227.50,187.50,106.00,92.00
227.50,187.50,106.00,92.00
227.50,187.50,106.00,92.00
227.50,187.50,106.00,92.00
227.50,187.50,106.00,92.00
227.50,187.50,106.00,92.00
227.50,187.50,106.00,92.00
227.50,187.50,106.00,92.00
227.50,187.50,106.00,92.00
227.50,187.50,106.00,92.00
227.50,187.50,106.00,92.00
227.50,187.50,106.00,92.00
227.50,187.50,106.00,92.00
227.50,187.50,106.00,92.00
227.50,187.50,106.00,92.00
227.50,187.50,106.00,92.00
227.50,187.50,106.00,92.00
227.50,187.50,106.00,92.00
227.50,187.50,106.00,92.00
227.50,187.50,106.00,92.00
227.50,187.50,106.00,92.00
227.50,187.50,106.00,92.00
227.50,187.50,106.00,92.00
227.50,187.50,106.00,92.00
227.50,187.50,106.00,92.00
227.50,187.50,106.00,92.00
227.50,187.50,106.00,92.00
227.50,187.50,106.00,92.00
227.50,187.50,106.00,92.00
227.50,187.50,106.00,92.00
227.50,187.50,106.00,92.00
227.50,187.50,106.00,92.00
227.50,187.50,106.00,92.00
227.50,187.50,106.00,92.00
227.50,187.50,106.00,92.00
227.50,187.50,106.00,92.00
227.50,187.50,106.00,92.00
227.50,187.50,106.00,92.00
227.50,187.50,106.00,92.00
227.50,187.50,106.00,92.00
227.50,187.50,106.00,92.00
227.50,187.50,106.00,92.00
227.50,187.50,106.00,92.00
227.50,187.50,106.00,92.00
227.50,186.50,106.00,92.00
227.50,186.50,106.00,92.00
227.50,186.50,106.00,92.00
226.50,185.50,106.00,92.00
226.50,184.50,106.00,92.00
226.50,184.50,106.00,92.00
226.50,184.50,106.00,92.00
225.50,183.50,106.00,92.00
225.50,183.50,106.00,92.00
225.50,182.50,106.00,92.00
219.50,180.50,106.00,92.00
219.50,180.50,106.00,92.00
218.50,178.50,106.00,92.00
217.50,177.50,106.00,92.00
217.50,177.50,106.00,92.00
217.50,176.50,106.00,92.00
216.50,175.50,106.00,92.00
216.50,175.50,106.00,92.00
216.50,175.50,106.00,92.00
208.50,173.50,106.00,92.00
208.50,173.50,106.00,92.00
208.50,173.50,106.00,92.00
207.50,172.50,106.00,92.00
207.50,172.50,106.00,92.00
207.50,171.50,106.00,92.00
206.50,170.50,106.00,92.00
206.50,170.50,106.00,92.00
205.50,169.50,106.00,92.00
205.50,168.50,106.00,92.00
205.50,168.50,106.00,92.00
205.50,167.50,106.00,92.00
205.50,166.50,106.00,92.00
205.50,166.50,106.00,92.00
205.50,166.50,106.00,92.00
205.50,166.50,106.00,92.00
205.50,166.50,106.00,92.00
205.50,166.50,106.00,92.00
205.50,167.50,106.00,92.00
205.50,167.50,106.00,92.00
205.50,167.50,106.00,92.00
205.50,168.50,106.00,92.00
205.50,168.50,106.00,92.00
205.50,168.50,106.00,92.00
205.50,168.50,106.00,92.00
205.50,168.50,106.00,92.00
205.50,168.50,106.00,92.00
205.50,168.50,106.00,92.00
205.50,168.50,106.00,92.00
205.50,168.50,106.00,92.00
205.50,168.50,106.00,92.00
205.50,168.50,106.00,92.00
205.50,168.50,106.00,92.00
205.50,168.50,106.00,92.00
205.50,168.50,106.00,92.00
205.50,168.50,106.00,92.00
205.50,168.50,106.00,92.00
205.50,168.50,106.00,92.00
205.50,168.50,106.00,92.00
205.50,168.50,106.00,92.00
205.50,168.50,106.00,92.00
205.50,168.50,106.00,92.00
205.50,168.50,106.00,92.00
205.50,168.50,106.00,92.00
205.50,168.50,106.00,92.00
205.50,168.50,106.00,92.00
205.50,168.50,106.00,92.00
205.50,168.50,106.00,92.00
205.50,168.50,106.00,92.00
205.50,168.50,106.00,92.00
205.50,168.50,106.00,92.00
205.50,168.50,106.00,92.00
205.50,168.50,106.00,92.00
205.50,169.50,106.00,92.00
205.50,169.50,106.00,92.00
205.50,169.50,106.00,92.00
205.50,169.50,106.00,92.00
205.50,169.50,106.00,92.00
205.50,169.50,106.00,92.00
205.50,170.50,106.00,92.00
205.50,170.50,106.00,92.00
205.50,170.50,106.00,92.00
205.50,170.50,106.00,92.00
205.50,171.50,106.00,92.00
205.50,171.50,106.00,92.00
206.50,172.50,106.00,92.00
206.50,173.50,106.00,92.00
206.50,173.50,106.00,92.00
206.50,174.50,106.00,92.00
206.50,175.50,106.00,92.00
206.50,175.50,106.00,92.00
206.50,178.50,106.00,92.00
206.50,179.50,106.00,92.00
206.50,179.50,106.00,92.00
206.50,179.50,106.00,92.00
206.50,180.50,106.00,92.00
206.50,180.50,106.00,92.00
206.50,181.50,106.00,92.00
206.50,181.50,106.00,92.00
206.50,181.50,106.00,92.00
206.50,180.50,106.00,92.00
206.50,180.50,106.00,92.00
206.50,180.50,106.00,92.00
206.50,180.50,106.00,92.00
206.50,179.50,106.00,92.00
206.50,179.50,106.00,92.00
207.50,179.50,106.00,92.00
207.50,179.50,106.00,92.00
207.50,179.50,106.00,92.00
207.50,179.50,106.00,92.00
208.50,179.50,106.00,92.00
208.50,179.50,106.00,92.00
208.50,179.50,106.00,92.00
208.50,179.50,106.00,92.00
208.50,179.50,106.00,92.00
208.50,179.50,106.00,92.00
207.50,179.50,106.00,92.00
