1
186.00,210.00,43.76,113.78
185.00,210.00,43.76,113.78
183.00,210.00,43.76,113.78
181.00,209.00,43.76,113.78
190.00,208.00,43.76,113.78
188.00,208.00,43.76,113.78
187.00,207.00,43.76,113.78
2
0
0
0
0
1
181.00,228.00,53.08,108.08
180.00,228.00,53.08,108.08
184.00,225.00,53.08,108.08
182.00,225.00,53.08,108.08
186.00,222.00,53.08,108.08
189.00,221.00,53.08,108.08
179.00,230.00,53.08,108.08
189.00,227.00,53.08,108.08
192.00,229.00,53.08,108.08
198.00,229.00,53.08,108.08
203.00,231.00,53.08,108.08
206.00,231.00,53.08,108.08
210.00,231.00,53.08,108.08
213.00,235.00,53.08,108.08
217.00,235.00,53.08,108.08
223.00,236.00,53.08,108.08
228.00,234.00,53.08,108.08
232.00,232.00,53.08,108.08
235.00,230.00,53.08,108.08
240.00,229.00,53.08,108.08
243.00,228.00,53.08,108.08
247.00,228.00,53.08,108.08
246.00,232.00,53.08,108.08
255.00,230.00,53.08,108.08
260.00,230.00,53.08,108.08
263.00,231.00,53.08,108.08
267.00,232.00,53.08,108.08
269.00,234.00,53.08,108.08
271.00,234.00,53.08,108.08
272.00,234.00,53.08,108.08
271.00,233.00,53.08,108.08
273.00,232.00,53.08,108.08
273.00,231.00,53.08,108.08
274.00,230.00,53.08,108.08
278.00,223.00,53.08,108.08
278.00,222.00,53.08,108.08
278.00,221.00,53.08,108.08
276.00,220.00,53.08,108.08
275.00,219.00,53.08,108.08
273.00,218.00,53.08,108.08
271.00,218.00,53.08,108.08
269.00,218.00,53.08,108.08
266.00,219.00,53.08,108.08
264.00,221.00,53.08,108.08
260.00,232.00,53.08,108.08
249.00,231.00,53.08,108.08
245.00,232.00,53.08,108.08
238.00,231.00,53.08,108.08
234.00,228.00,53.08,108.08
231.00,228.00,53.08,108.08
230.00,267.00,53.08,108.08
230.00,265.00,53.08,108.08
226.00,265.00,53.08,108.08
232.00,229.00,53.08,108.08
291.00,178.00,53.08,108.08
2
0
0
0
0
1
175.00,229.00,73.44,117.03
168.00,230.00,73.44,117.03
163.00,230.00,73.44,117.03
158.00,230.00,73.44,117.03
151.00,231.00,73.44,117.03
145.00,231.00,73.44,117.03
141.00,231.00,73.44,117.03
203.00,224.00,73.44,117.03
2
0
0
0
0
1
110.00,215.00,71.03,118.76
106.00,215.00,71.03,118.76
104.00,215.00,71.03,118.76
102.00,212.00,71.03,118.76
100.00,209.00,71.03,118.76
96.00,206.00,71.03,118.76
95.00,204.00,71.03,118.76
94.00,203.00,71.03,118.76
94.00,203.00,71.03,118.76
95.00,204.00,71.03,118.76
96.00,204.00,71.03,118.76
98.00,203.00,71.03,118.76
99.00,202.00,71.03,118.76
101.00,200.00,71.03,118.76
103.00,196.00,71.03,118.76
105.00,192.00,71.03,118.76
105.00,192.00,71.03,118.76
108.00,191.00,71.03,118.76
112.00,191.00,71.03,118.76
115.00,191.00,71.03,118.76
119.00,190.00,71.03,118.76
126.00,189.00,71.03,118.76
126.00,190.00,71.03,118.76
130.00,188.00,71.03,118.76
135.00,184.00,71.03,118.76
136.00,182.00,71.03,118.76
140.00,179.00,71.03,118.76
143.00,178.00,71.03,118.76
147.00,176.00,71.03,118.76
150.00,175.00,71.03,118.76
152.00,173.00,71.03,118.76
156.00,173.00,71.03,118.76
162.00,172.00,71.03,118.76
169.00,176.00,71.03,118.76
169.00,175.00,71.03,118.76
175.00,171.00,71.03,118.76
174.00,169.00,71.03,118.76
172.00,169.00,71.03,118.76
175.00,168.00,71.03,118.76
178.00,168.00,71.03,118.76
180.00,170.00,71.03,118.76
185.00,170.00,71.03,118.76
194.00,169.00,71.03,118.76
189.00,170.00,71.03,118.76
191.00,167.00,71.03,118.76
198.00,164.00,71.03,118.76
194.00,162.00,71.03,118.76
230.00,220.00,71.03,118.76
242.00,235.00,71.03,118.76
249.00,235.00,71.03,118.76
255.00,236.00,71.03,118.76
2
0
0
0
0
1
223.00,165.00,43.71,103.81
224.00,164.00,43.71,103.81
225.00,164.00,43.71,103.81
227.00,165.00,43.71,103.81
229.00,165.00,43.71,103.81
231.00,167.00,43.71,103.81
2
0
0
0
0
1
245.00,161.00,41.49,104.18
247.00,161.00,41.49,104.18
248.00,161.00,41.49,104.18
249.00,161.00,41.49,104.18
250.00,161.00,41.49,104.18
252.00,164.00,41.49,104.18
252.00,165.00,41.49,104.18
256.00,165.00,41.49,104.18
2
0
0
0
0
1
272.00,156.00,40.67,104.46
274.00,156.00,40.67,104.46
275.00,156.00,40.67,104.46
275.00,154.00,40.67,104.46
275.00,153.00,40.67,104.46
274.00,152.00,40.67,104.46
274.00,152.00,40.67,104.46
273.00,153.00,40.67,104.46
272.00,154.00,40.67,104.46
270.00,153.00,40.67,104.46
269.00,152.00,40.67,104.46
270.00,150.00,40.67,104.46
272.00,149.00,40.67,104.46
274.00,148.00,40.67,104.46
275.00,147.00,40.67,104.46
275.00,147.00,40.67,104.46
276.00,148.00,40.67,104.46
279.00,124.00,40.67,104.46
279.00,126.00,40.67,104.46
277.00,155.00,40.67,104.46
280.00,156.00,40.67,104.46
285.00,152.00,40.67,104.46
287.00,153.00,40.67,104.46
283.00,125.00,40.67,104.46
282.00,125.00,40.67,104.46
282.00,125.00,40.67,104.46
282.00,124.00,40.67,104.46
283.00,122.00,40.67,104.46
278.00,155.00,40.67,104.46
276.00,155.00,40.67,104.46
277.00,155.00,40.67,104.46
279.00,156.00,40.67,104.46
280.00,156.00,40.67,104.46
285.00,145.00,40.67,104.46
288.00,145.00,40.67,104.46
289.00,146.00,40.67,104.46
290.00,149.00,40.67,104.46
2
0
0
0
0
1
278.00,158.00,39.48,117.81
277.00,157.00,39.48,117.81
278.00,157.00,39.48,117.81
277.00,157.00,39.48,117.81
277.00,157.00,39.48,117.81
277.00,159.00,39.48,117.81
276.00,163.00,39.48,117.81
274.00,164.00,39.48,117.81
273.00,168.00,39.48,117.81
271.00,169.00,39.48,117.81
269.00,170.00,39.48,117.81
268.00,170.00,39.48,117.81
267.00,172.00,39.48,117.81
266.00,173.00,39.48,117.81
265.00,207.00,39.48,117.81
263.00,207.00,39.48,117.81
261.00,208.00,39.48,117.81
257.00,204.00,39.48,117.81
255.00,204.00,39.48,117.81
253.00,208.00,39.48,117.81
251.00,214.00,39.48,117.81
248.00,217.00,39.48,117.81
247.00,220.00,39.48,117.81
248.00,178.00,39.48,117.81
2
0
0
0
0
1
235.00,184.00,36.27,117.94
232.00,184.00,36.27,117.94
230.00,190.00,36.27,117.94
229.00,196.00,36.27,117.94
224.00,179.00,36.27,117.94
2
0
0
0
0
1
207.00,187.00,41.89,119.34
205.00,189.00,41.89,119.34
202.00,190.00,41.89,119.34
197.00,191.00,41.89,119.34
195.00,191.00,41.89,119.34
194.00,191.00,41.89,119.34
193.00,192.00,41.89,119.34
194.00,190.00,41.89,119.34
194.00,191.00,41.89,119.34
186.00,192.00,41.89,119.34
186.00,190.00,41.89,119.34
188.00,185.00,41.89,119.34
191.00,186.00,41.89,119.34
190.00,185.00,41.89,119.34
190.00,184.00,41.89,119.34
189.00,183.00,41.89,119.34
187.00,185.00,41.89,119.34
186.00,187.00,41.89,119.34
186.00,189.00,41.89,119.34
186.00,191.00,41.89,119.34
186.00,192.00,41.89,119.34
193.00,194.00,41.89,119.34
194.00,193.00,41.89,119.34
172.00,208.00,41.89,119.34
183.00,188.00,41.89,119.34
182.00,187.00,41.89,119.34
181.00,187.00,41.89,119.34
180.00,187.00,41.89,119.34
180.00,188.00,41.89,119.34
181.00,189.00,41.89,119.34
181.00,190.00,41.89,119.34
185.00,186.00,41.89,119.34
187.00,188.00,41.89,119.34
188.00,188.00,41.89,119.34
190.00,188.00,41.89,119.34
190.00,187.00,41.89,119.34
189.00,185.00,41.89,119.34
188.00,186.00,41.89,119.34
188.00,188.00,41.89,119.34
185.00,189.00,41.89,119.34
179.00,194.00,41.89,119.34
177.00,194.00,41.89,119.34
177.00,193.00,41.89,119.34
177.00,194.00,41.89,119.34
175.00,195.00,41.89,119.34
172.00,197.00,41.89,119.34
169.00,199.00,41.89,119.34
163.00,206.00,41.89,119.34
161.00,207.00,41.89,119.34
159.00,208.00,41.89,119.34
157.00,210.00,41.89,119.34
154.00,214.00,41.89,119.34
161.00,203.00,41.89,119.34
158.00,203.00,41.89,119.34
155.00,205.00,41.89,119.34
149.00,217.00,41.89,119.34
146.00,217.00,41.89,119.34
144.00,200.00,41.89,119.34
140.00,204.00,41.89,119.34
138.00,206.00,41.89,119.34
137.00,205.00,41.89,119.34
137.00,205.00,41.89,119.34
137.00,204.00,41.89,119.34
137.00,203.00,41.89,119.34
136.00,203.00,41.89,119.34
135.00,204.00,41.89,119.34
135.00,201.00,41.89,119.34
135.00,202.00,41.89,119.34
135.00,203.00,41.89,119.34
121.00,218.00,41.89,119.34
122.00,217.00,41.89,119.34
122.00,218.00,41.89,119.34
123.00,217.00,41.89,119.34
137.00,218.00,41.89,119.34
136.00,216.00,41.89,119.34
135.00,216.00,41.89,119.34
131.00,215.00,41.89,119.34
131.00,215.00,41.89,119.34
132.00,215.00,41.89,119.34
133.00,216.00,41.89,119.34
135.00,216.00,41.89,119.34
136.00,217.00,41.89,119.34
137.00,217.00,41.89,119.34
138.00,216.00,41.89,119.34
139.00,216.00,41.89,119.34
140.00,216.00,41.89,119.34
140.00,217.00,41.89,119.34
141.00,217.00,41.89,119.34
141.00,216.00,41.89,119.34
143.00,222.00,41.89,119.34
144.00,222.00,41.89,119.34
144.00,222.00,41.89,119.34
145.00,229.00,41.89,119.34
145.00,229.00,41.89,119.34
147.00,224.00,41.89,119.34
147.00,225.00,41.89,119.34
127.00,252.00,41.89,119.34
128.00,253.00,41.89,119.34
127.00,255.00,41.89,119.34
127.00,255.00,41.89,119.34
129.00,254.00,41.89,119.34
129.00,254.00,41.89,119.34
131.00,253.00,41.89,119.34
138.00,236.00,41.89,119.34
138.00,233.00,41.89,119.34
134.00,253.00,41.89,119.34
133.00,253.00,41.89,119.34
134.00,253.00,41.89,119.34
134.00,253.00,41.89,119.34
135.00,254.00,41.89,119.34
135.00,254.00,41.89,119.34
136.00,254.00,41.89,119.34
137.00,254.00,41.89,119.34
138.00,254.00,41.89,119.34
139.00,254.00,41.89,119.34
138.00,256.00,41.89,119.34
138.00,256.00,41.89,119.34
139.00,256.00,41.89,119.34
140.00,256.00,41.89,119.34
140.00,256.00,41.89,119.34
141.00,257.00,41.89,119.34
141.00,257.00,41.89,119.34
142.00,257.00,41.89,119.34
147.00,244.00,41.89,119.34
147.00,245.00,41.89,119.34
147.00,245.00,41.89,119.34
148.00,245.00,41.89,119.34
148.00,246.00,41.89,119.34
149.00,246.00,41.89,119.34
149.00,246.00,41.89,119.34
150.00,246.00,41.89,119.34
150.00,247.00,41.89,119.34
151.00,246.00,41.89,119.34
151.00,246.00,41.89,119.34
151.00,245.00,41.89,119.34
152.00,243.00,41.89,119.34
152.00,242.00,41.89,119.34
152.00,242.00,41.89,119.34
153.00,243.00,41.89,119.34
154.00,242.00,41.89,119.34
157.00,232.00,41.89,119.34
157.00,233.00,41.89,119.34
158.00,234.00,41.89,119.34
112.00,178.00,41.89,119.34
2
0
0
0
0
1
149.00,222.00,51.30,123.31
150.00,222.00,51.30,123.31
150.00,222.00,51.30,123.31
151.00,222.00,51.30,123.31
151.00,222.00,51.30,123.31
152.00,222.00,51.30,123.31
153.00,222.00,51.30,123.31
153.00,223.00,51.30,123.31
154.00,223.00,51.30,123.31
154.00,223.00,51.30,123.31
154.00,223.00,51.30,123.31
155.00,223.00,51.30,123.31
155.00,223.00,51.30,123.31
156.00,223.00,51.30,123.31
156.00,223.00,51.30,123.31
156.00,223.00,51.30,123.31
156.00,223.00,51.30,123.31
156.00,223.00,51.30,123.31
157.00,223.00,51.30,123.31
157.00,224.00,51.30,123.31
158.00,224.00,51.30,123.31
158.00,224.00,51.30,123.31
159.00,224.00,51.30,123.31
160.00,224.00,51.30,123.31
161.00,224.00,51.30,123.31
163.00,224.00,51.30,123.31
164.00,225.00,51.30,123.31
165.00,225.00,51.30,123.31
167.00,225.00,51.30,123.31
169.00,226.00,51.30,123.31
2
0
0
0
0
1
189.00,219.00,47.06,129.66
190.00,220.00,47.06,129.66
192.00,220.00,47.06,129.66
193.00,220.00,47.06,129.66
194.00,221.00,47.06,129.66
196.00,222.00,47.06,129.66
197.00,223.00,47.06,129.66
199.00,224.00,47.06,129.66
201.00,225.00,47.06,129.66
203.00,225.00,47.06,129.66
2
0
0
0
0
1
228.00,219.00,47.23,123.39
233.00,220.00,47.23,123.39
237.00,220.00,47.23,123.39
242.00,220.00,47.23,123.39
248.00,220.00,47.23,123.39
254.00,219.00,47.23,123.39
258.00,222.00,47.23,123.39
284.00,195.00,47.23,123.39
284.00,197.00,47.23,123.39
232.00,224.00,47.23,123.39
2
0
0
0
0
1
319.00,224.00,43.90,115.93
324.00,225.00,43.90,115.93
330.00,226.00,43.90,115.93
336.00,227.00,43.90,115.93
2
0
0
0
0
1
392.00,228.00,40.90,110.96
401.00,230.00,40.90,110.96
410.00,230.00,40.90,110.96
417.00,231.00,40.90,110.96
420.00,232.00,40.90,110.96
421.00,230.00,40.90,110.96
2
0
0
0
0
1
401.00,207.00,61.63,121.48
399.00,204.00,61.63,121.48
396.00,203.00,61.63,121.48
393.00,201.00,61.63,121.48
390.00,199.00,61.63,121.48
387.00,196.00,61.63,121.48
384.00,194.00,61.63,121.48
381.00,191.00,61.63,121.48
379.00,188.00,61.63,121.48
376.00,186.00,61.63,121.48
373.00,185.00,61.63,121.48
369.00,185.00,61.63,121.48
366.00,185.00,61.63,121.48
363.00,186.00,61.63,121.48
361.00,186.00,61.63,121.48
358.00,186.00,61.63,121.48
356.00,186.00,61.63,121.48
354.00,186.00,61.63,121.48
353.00,185.00,61.63,121.48
351.00,184.00,61.63,121.48
347.00,194.00,61.63,121.48
345.00,193.00,61.63,121.48
346.00,180.00,61.63,121.48
345.00,178.00,61.63,121.48
344.00,177.00,61.63,121.48
343.00,176.00,61.63,121.48
342.00,174.00,61.63,121.48
341.00,174.00,61.63,121.48
340.00,174.00,61.63,121.48
340.00,174.00,61.63,121.48
341.00,175.00,61.63,121.48
341.00,176.00,61.63,121.48
341.00,177.00,61.63,121.48
339.00,176.00,61.63,121.48
338.00,177.00,61.63,121.48
340.00,232.00,61.63,121.48
335.00,232.00,61.63,121.48
334.00,232.00,61.63,121.48
333.00,233.00,61.63,121.48
335.00,200.00,61.63,121.48
334.00,200.00,61.63,121.48
333.00,199.00,61.63,121.48
332.00,199.00,61.63,121.48
331.00,200.00,61.63,121.48
330.00,200.00,61.63,121.48
329.00,200.00,61.63,121.48
328.00,200.00,61.63,121.48
327.00,200.00,61.63,121.48
327.00,200.00,61.63,121.48
326.00,201.00,61.63,121.48
325.00,202.00,61.63,121.48
324.00,202.00,61.63,121.48
319.00,226.00,61.63,121.48
317.00,223.00,61.63,121.48
316.00,222.00,61.63,121.48
317.00,193.00,61.63,121.48
315.00,191.00,61.63,121.48
313.00,187.00,61.63,121.48
312.00,185.00,61.63,121.48
311.00,185.00,61.63,121.48
309.00,186.00,61.63,121.48
308.00,186.00,61.63,121.48
308.00,186.00,61.63,121.48
307.00,185.00,61.63,121.48
307.00,185.00,61.63,121.48
306.00,185.00,61.63,121.48
306.00,186.00,61.63,121.48
305.00,185.00,61.63,121.48
304.00,183.00,61.63,121.48
306.00,182.00,61.63,121.48
298.00,184.00,61.63,121.48
297.00,183.00,61.63,121.48
297.00,182.00,61.63,121.48
297.00,183.00,61.63,121.48
295.00,186.00,61.63,121.48
294.00,184.00,61.63,121.48
295.00,183.00,61.63,121.48
294.00,183.00,61.63,121.48
293.00,186.00,61.63,121.48
291.00,184.00,61.63,121.48
290.00,183.00,61.63,121.48
286.00,171.00,61.63,121.48
286.00,173.00,61.63,121.48
287.00,174.00,61.63,121.48
286.00,179.00,61.63,121.48
288.00,178.00,61.63,121.48
289.00,178.00,61.63,121.48
291.00,178.00,61.63,121.48
294.00,178.00,61.63,121.48
293.00,181.00,61.63,121.48
293.00,182.00,61.63,121.48
285.00,173.00,61.63,121.48
285.00,171.00,61.63,121.48
284.00,169.00,61.63,121.48
302.00,183.00,61.63,121.48
301.00,185.00,61.63,121.48
292.00,172.00,61.63,121.48
291.00,170.00,61.63,121.48
291.00,164.00,61.63,121.48
291.00,163.00,61.63,121.48
291.00,165.00,61.63,121.48
290.00,165.00,61.63,121.48
290.00,166.00,61.63,121.48
290.00,166.00,61.63,121.48
291.00,166.00,61.63,121.48
293.00,165.00,61.63,121.48
295.00,163.00,61.63,121.48
298.00,162.00,61.63,121.48
301.00,161.00,61.63,121.48
305.00,161.00,61.63,121.48
309.00,161.00,61.63,121.48
313.00,162.00,61.63,121.48
316.00,164.00,61.63,121.48
318.00,165.00,61.63,121.48
320.00,166.00,61.63,121.48
322.00,167.00,61.63,121.48
325.00,167.00,61.63,121.48
327.00,167.00,61.63,121.48
328.00,166.00,61.63,121.48
330.00,164.00,61.63,121.48
331.00,161.00,61.63,121.48
332.00,159.00,61.63,121.48
333.00,159.00,61.63,121.48
333.00,158.00,61.63,121.48
2
0
0
0
0
1
321.00,131.00,62.56,121.32
321.00,131.00,62.56,121.32
319.00,130.00,62.56,121.32
319.00,130.00,62.56,121.32
319.00,131.00,62.56,121.32
319.00,133.00,62.56,121.32
318.00,137.00,62.56,121.32
316.00,131.00,62.56,121.32
312.00,103.00,62.56,121.32
314.00,109.00,62.56,121.32
313.00,111.00,62.56,121.32
313.00,112.00,62.56,121.32
2
0
0
0
0
1
326.00,164.00,43.64,110.49
326.00,165.00,43.64,110.49
327.00,166.00,43.64,110.49
327.00,168.00,43.64,110.49
326.00,170.00,43.64,110.49
326.00,172.00,43.64,110.49
325.00,174.00,43.64,110.49
325.00,177.00,43.64,110.49
325.00,179.00,43.64,110.49
327.00,181.00,43.64,110.49
328.00,183.00,43.64,110.49
329.00,186.00,43.64,110.49
332.00,189.00,43.64,110.49
373.00,199.00,43.64,110.49
2
0
0
0
0
1
340.00,208.00,37.17,114.25
341.00,209.00,37.17,114.25
341.00,210.00,37.17,114.25
342.00,212.00,37.17,114.25
342.00,213.00,37.17,114.25
342.00,215.00,37.17,114.25
341.00,215.00,37.17,114.25
341.00,216.00,37.17,114.25
341.00,216.00,37.17,114.25
342.00,216.00,37.17,114.25
342.00,215.00,37.17,114.25
342.00,215.00,37.17,114.25
342.00,215.00,37.17,114.25
342.00,214.00,37.17,114.25
343.00,213.00,37.17,114.25
343.00,212.00,37.17,114.25
339.00,213.00,37.17,114.25
340.00,213.00,37.17,114.25
343.00,214.00,37.17,114.25
344.00,214.00,37.17,114.25
344.00,214.00,37.17,114.25
345.00,214.00,37.17,114.25
344.00,209.00,37.17,114.25
344.00,208.00,37.17,114.25
343.00,214.00,37.17,114.25
342.00,214.00,37.17,114.25
341.00,214.00,37.17,114.25
343.00,214.00,37.17,114.25
342.00,213.00,37.17,114.25
342.00,213.00,37.17,114.25
342.00,214.00,37.17,114.25
342.00,214.00,37.17,114.25
341.00,214.00,37.17,114.25
343.00,202.00,37.17,114.25
343.00,202.00,37.17,114.25
344.00,202.00,37.17,114.25
342.00,202.00,37.17,114.25
339.00,171.00,37.17,114.25
339.00,171.00,37.17,114.25
340.00,202.00,37.17,114.25
340.00,202.00,37.17,114.25
339.00,218.00,37.17,114.25
338.00,218.00,37.17,114.25
337.00,218.00,37.17,114.25
337.00,200.00,37.17,114.25
332.00,201.00,37.17,114.25
338.00,220.00,37.17,114.25
338.00,220.00,37.17,114.25
336.00,220.00,37.17,114.25
334.00,220.00,37.17,114.25
334.00,219.00,37.17,114.25
334.00,219.00,37.17,114.25
333.00,219.00,37.17,114.25
330.00,219.00,37.17,114.25
330.00,219.00,37.17,114.25
328.00,219.00,37.17,114.25
324.00,219.00,37.17,114.25
314.00,220.00,37.17,114.25
308.00,219.00,37.17,114.25
298.00,218.00,37.17,114.25
290.00,217.00,37.17,114.25
