0.00002800
0.00438020
0.00366250
0.00368390
0.00564870
0.00389300
0.00407500
0.00396250
0.00361820
0.00000000
0.00000000
0.00000000
0.00000000
0.00007870
0.00287960
0.00689710
0.00342010
0.00324050
0.00345950
0.00376980
0.00372280
0.00324160
0.00336680
0.00339950
0.00372960
0.00341790
0.00359040
0.00341780
0.00342730
0.00360650
0.00360420
0.00344190
0.00353600
0.00343550
0.00351660
0.00330560
0.00371140
0.00358240
0.00361850
0.00357370
0.00396370
0.00329670
0.00376920
0.00344920
0.00403550
0.00369930
0.00419960
0.00376240
0.00404210
0.00424620
0.00414180
0.00401180
0.00399340
0.00417270
0.00377700
0.00419170
0.00407820
0.00401650
0.00406180
0.00377880
0.00361100
0.00328780
0.00356850
0.00339840
0.00396520
0.00342330
0.00354780
0.00347010
0.00359920
0.00352400
0.00000000
0.00000000
0.00000000
0.00000000
0.00008520
0.00339490
0.00353420
0.00359060
0.00348980
0.00370930
0.00368820
0.00364230
0.00370010
0.00357660
0.00000000
0.00000000
0.00000000
0.00000000
0.00008180
0.00345680
0.00363470
0.00349230
0.00365670
0.00356890
0.00375100
0.00367780
0.00369020
0.00389680
0.00380180
0.00357920
0.00368680
0.00380000
0.00366250
0.00378620
0.00375480
0.00360530
0.00364170
0.00372080
0.00365950
0.00348590
0.00361110
0.00382220
0.00354240
0.00353850
0.00367750
0.00361090
0.00470650
0.00394360
0.00368260
0.00373110
0.00362010
0.00369270
0.00371540
0.00367440
0.00384760
0.00417470
0.00386130
0.00369190
0.00402270
0.00351990
0.00365440
0.00375490
0.00360560
0.00369110
0.00383290
0.00373770
0.00353960
0.00366100
0.00366320
0.00358990
0.00372860
0.00000000
0.00000000
0.00000000
0.00000000
0.00009610
0.00314250
0.00371320
0.00309510
0.00322530
0.00302330
0.00303880
0.00308240
0.00000000
0.00000000
0.00000000
0.00000000
0.00008620
0.00294130
0.00302190
0.00281420
0.00291110
0.00307380
0.00307490
0.00302060
0.00296120
0.00326090
0.00000000
0.00000000
0.00000000
0.00000000
0.00008180
0.00296620
0.00307050
0.00296020
0.00308110
0.00328170
0.00303840
0.00309130
0.00298530
0.00324970
0.00306320
0.00306170
0.00306560
0.00318860
0.00293630
0.00297840
0.00312060
0.00309930
0.00304090
0.00294820
0.00317170
0.00299280
0.00303170
0.00294830
0.00388000
0.00302400
0.00305130
0.00294160
0.00305300
0.00310700
0.00303630
0.00298270
0.00344180
0.00332180
0.00300020
0.00311700
0.00345240
0.00333390
0.00370360
0.00000000
0.00000000
0.00000000
0.00000000
0.00011160
0.00402520
0.00387470
0.00378330
0.00404350
0.00512650
0.00392540
0.00422160
0.00417600
0.00412060
0.00954940
0.00415140
0.00405670
0.00417560
0.00424210
0.00401160
0.00389260
0.00374720
0.00398510
0.00373540
0.00377820
0.00412720
0.00383920
0.00408530
0.00379420
0.00386540
0.00000000
0.00000000
0.00000000
0.00000000
0.00008310
0.00355440
0.00358270
0.00366390
0.00374110
0.00374440
0.00386900
0.00000000
0.00000000
0.00000000
0.00000000
0.00008630
0.00372350
0.00364400
0.00359780
0.00365060
0.00369820
0.00386110
0.00390920
0.00365660
0.00378280
0.00352170
0.00383410
0.00377880
0.00398150
0.00369120
0.00361210
0.00388220
0.00389520
0.00455040
0.00527660
0.00524620
0.00487130
0.00440250
0.00409930
0.00401640
0.00388960
0.00430640
0.00351830
0.00442810
0.00394080
0.00407860
0.00381460
0.00377360
0.00376590
0.00352380
0.00393220
0.00363480
0.00368070
0.00380990
0.00380010
0.00382320
0.00384580
0.00373560
0.00369250
0.00342860
0.00374820
0.00393460
0.00380680
0.00376050
0.00366050
0.00381630
0.00352050
0.00537400
0.00462760
0.00428130
0.00481220
0.00388480
0.00452730
0.00448580
0.00461630
0.00436630
0.00410990
0.00469550
0.00478160
0.00385520
0.00385700
0.00382740
0.00371880
0.00422220
0.00496560
0.00482060
0.00384940
0.00416180
0.00357900
0.00380390
0.00398400
0.00397910
0.00374170
0.00417180
0.00455690
0.00351340
0.00420890
0.00548230
0.00448540
0.00449780
0.00442050
0.00392370
0.00387310
0.00510680
0.00503780
0.00426350
0.00442340
0.00489890
0.00501140
0.00535360
0.00553330
0.00530970
0.00439810
0.00462430
0.00500140
0.00398240
0.00513480
0.00419560
0.00435460
0.00391980
0.00447410
0.00426570
0.00382160
0.00427750
0.00353660
0.00415180
0.00363940
0.00401160
0.00342590
0.00402780
0.00373690
0.00350820
0.00338240
0.00359570
0.00332890
0.00350040
0.00397830
0.00335430
0.00336950
0.00365860
0.00401730
0.00347490
0.00331160
0.00380630
0.00374810
0.00394520
0.00470020
0.00447310
0.00388610
0.00454190
0.00406040
0.00473600
0.00452310
0.00460090
0.00388350
0.00416800
0.00568370
0.00386010
0.00384720
0.00389870
0.00378560
0.00000000
0.00000000
0.00000000
0.00000000
0.00014780
0.00419730
0.00406310
0.00364010
0.00408800
0.00374470
0.00422980
0.00371610
0.00397620
0.00356850
0.00418170
0.00425080
0.00400010
0.00405950
0.00426830
0.00381760
0.00398930
0.00394170
0.00431760
0.00382770
0.00410950
0.00401800
0.00422900
0.00374350
0.00409030
0.00553780
0.00466440
0.00386360
0.00486290
0.00441480
0.00514270
0.00401570
0.00000000
0.00000000
0.00000000
0.00000000
0.00013200
0.00587860
0.01055200
0.00548110
0.00792660
0.00510490
0.00533760
0.00695310
0.00495050
0.00595770
0.00656340
0.00565710
0.00000000
0.00000000
0.00000000
0.00000000
0.00014630
0.00442690
0.00477770
0.00459920
0.00453470
0.00486460
0.00426090
0.00569210
0.00477330
0.00426050
0.00485520
0.00453280
0.00000000
0.00000000
0.00000000
0.00000000
0.00016210
0.00401440
0.00457570
0.00365170
0.00420120
0.00392430
0.00000000
0.00000000
0.00000000
0.00000000
0.00009550
0.00366630
0.00467120
0.00386910
0.00473130
0.00359060
0.00427070
0.00389210
0.00000000
0.00000000
0.00000000
0.00000000
0.00015310
0.00459350
0.00561340
0.00484240
0.00517670
0.00506180
0.00484860
0.00571530
0.00544860
0.00476210
0.00525050
0.00477870
0.00587940
0.00478010
0.00502810
0.00492690
0.00485460
0.00568110
0.00480670
0.00515630
0.00496120
0.00612950
0.00476940
0.00496820
0.00467080
0.00488670
0.00613150
0.01077180
0.00754210
0.01316170
0.01254080
0.00643380
0.01847010
0.00723080
0.00732160
0.00821620
0.00496920
0.00655140
0.00826910
0.01055250
0.01047580
0.00877060
0.00595400
0.00532080
0.00751310
0.00783300
0.00515550
0.00596250
0.00794050
0.00524890
0.00673280
0.00480630
0.00602280
0.00703920
0.00506180
0.00594500
0.00992500
0.00675250
0.00534700
0.00612910
0.00669530
0.00530900
0.00782900
0.00871510
0.00694580
0.00525600
0.00691190
0.00856980
0.01122890
0.00867670
0.00861860
0.00593850
0.00619150
0.00732590
0.00802490
0.00571490
0.00539210
0.00600000
0.01115200
0.00961710
0.01131940
0.00917680
0.00798430
0.01052870
0.01375090
0.01142500
0.01108860
0.01151250
0.00609640
0.01120740
0.01052500
0.01281270
0.00892240
0.01377220
0.01108250
0.01257140
0.01075660
0.01061890
0.01402880
0.00955100
0.01031360
0.00941680
0.00576870
0.00636690
0.00572700
0.00739480
0.00507030
0.00557680
0.00616340
0.00515440
0.00659980
0.00532980
0.00503150
0.00523120
0.00534390
0.00530000
0.00489290
0.00496960
0.00500180
0.00495650
0.00524400
0.00521940
0.00520470
0.00503160
0.00496840
0.00525710
0.00000000
0.00000000
0.00000000
0.00000000
0.00026190
0.00571320
0.00480570
0.00522270
0.00698280
0.00626700
0.01197170
0.00795150
0.00769740
0.00747190
0.00887610
0.00772730
0.01062000
0.00792930
0.00000000
0.00000000
0.00000000
0.00000000
0.00021810
0.00737540
0.00664040
0.00859540
0.00420780
0.00451270
0.00677270
0.00422100
0.00782780
0.00575750
0.00382880
0.00674780
0.00407970
0.00386690
0.00385750
0.00416270
0.00000000
0.00000000
0.00000000
0.00000000
0.00014010
0.00434520
0.00379030
0.00356470
0.00418760
0.00397980
0.00350130
0.00364930
0.00405560
0.00376340
0.00441230
0.00351910
0.00456350
0.00412930
0.00399600
0.00334740
0.00336630
0.00356340
0.00361310
0.00357870
0.00349360
0.00336670
0.00360650
0.00447820
0.00347440
0.00351420
0.00371680
0.00370240
0.00366250
0.00344170
0.00363470
0.00350070
0.00326440
0.00341040
0.00360040
0.00363400
0.00325690
0.00344760
0.00343960
0.00353420
0.00348110
0.00333870
0.00340060
0.00364950
0.00341490
0.00324890
0.00330470
0.00354690
0.00359310
0.00339070
0.00337750
0.00336890
0.00381670
0.00366670
0.00362780
0.00362560
0.00371350
0.00348840
0.00348960
0.00336750
0.00361960
0.00486760
