0.00129270
0.00106640
0.00094150
0.00104220
0.00095540
0.00129860
0.00229930
0.01046210
0.00143660
0.00115870
0.00194030
0.00132100
0.00095350
0.00110640
0.00238810
0.00189430
0.00100860
0.00119450
0.00174010
0.00119330
0.00524350
0.00104090
0.00186840
0.00080960
0.00084380
0.00076680
0.00086520
0.00082110
0.00079740
0.00101590
0.00108600
0.00101490
0.00086700
0.00077290
0.00077220
0.00082140
0.00124580
0.00087250
0.00085900
0.00130670
0.00091800
0.00087920
0.00103330
0.00090720
0.00093210
0.00082660
0.00117190
0.00200960
0.00078220
0.00075290
0.00073810
0.00085010
0.00076120
0.00076690
0.00080120
0.00082870
0.00079300
0.00077700
0.00076720
0.00077170
0.00080040
0.00076190
0.00079510
0.00075410
0.00000000
0.00000000
0.00000000
0.00000000
0.00114100
0.00158470
0.00162420
0.00156170
0.00152490
0.00141690
0.00141250
0.00152210
0.00162590
0.00172440
0.00155500
0.00186880
0.00166830
0.00148450
0.00141500
0.00162610
0.00158740
0.00159650
0.00156030
0.00146310
0.00139650
0.00152250
0.00141560
0.00139440
0.00138220
0.00143180
0.00145580
0.00140220
0.00138990
0.00140480
0.00137920
0.00155930
0.00151660
0.00137990
0.00141830
0.00139950
0.00155940
0.00146460
0.00138780
0.00137650
0.00140840
0.00167500
0.00158550
0.00151350
0.00141550
0.00141810
0.00178390
0.00143150
0.00142930
0.00151470
0.00142420
0.00171580
0.00145200
0.00142950
0.00141520
0.00146360
0.00159770
0.00140160
0.00146200
0.00137910
0.00149020
0.00173100
0.00146890
0.00146090
0.00154880
0.00139870
0.00163540
0.00151020
0.00142720
0.00000000
0.00000000
0.00000000
0.00000000
0.00071160
0.00077620
0.00076870
0.00085260
0.00082080
0.00084910
0.00082610
0.00083750
0.00085070
0.00089890
0.00088360
0.00087860
0.00093310
0.00091920
0.00235000
0.00092730
0.00077120
0.00071950
0.00075800
0.00135120
0.00084020
0.00085010
0.00079290
0.00077770
0.00075470
0.00080430
0.00086680
0.00081490
0.00072920
0.00075830
0.00073080
0.00075650
0.00089290
0.00077380
0.00077760
0.00077290
0.00078530
0.00078550
0.00077080
0.00077220
0.00071890
0.00075100
0.00071530
0.00000000
0.00000000
0.00000000
0.00000000
0.00096980
0.00153290
0.00128990
0.00122810
0.00125910
0.00121890
0.00121480
0.00125720
0.00121670
0.00122180
0.00122340
0.00122840
0.00168920
0.00128830
0.00128220
0.00127570
0.00129530
0.00127480
0.00123870
0.00120770
0.00124110
0.00121210
0.00122670
0.00139430
0.00121760
0.00121610
0.00120580
0.00132160
0.00121760
0.00119460
0.00118020
0.00117630
0.00129900
0.00122790
0.00141480
0.00121870
0.00000000
0.00000000
0.00000000
0.00000000
0.00073500
0.00089540
0.00090060
0.00086060
0.00115960
0.00088410
0.00087030
0.00089700
0.00089360
0.00098540
0.00086170
0.00095820
0.00088500
0.00087090
0.00092940
0.00089200
0.00100410
0.00085430
0.00082130
0.00087170
0.00098940
0.00094300
0.00085040
0.00085020
0.00098370
0.00088460
0.00082700
0.00091680
0.00125810
0.00096510
0.00085800
0.00089560
0.00236680
0.00088900
0.00088210
0.00086840
