0.00129270 0
0.00106640 1
0.00094150 1
0.00104220 1
0.00095540 1
0.00129860 1
0.00229930 1
0.01046210 1
0.00143660 1
0.00115870 1
0.00194030 1
0.00132100 1
0.00095350 1
0.00110640 1
0.00238810 1
0.00189430 1
0.00100860 1
0.00119450 1
0.00174010 1
0.00119330 1
0.00524350 1
0.00104090 1
0.00186840 1
0.00080960 1
0.00084380 1
0.00076680 1
0.00086520 1
0.00082110 1
0.00079740 1
0.00101590 1
0.00108600 1
0.00101490 1
0.00086700 1
0.00077290 1
0.00077220 1
0.00082140 1
0.00124580 1
0.00087250 1
0.00085900 1
0.00130670 1
0.00091800 1
0.00087920 1
0.00103330 1
0.00090720 1
0.00093210 1
0.00082660 1
0.00117190 1
0.00200960 1
0.00078220 1
0.00075290 1
0.00073810 1
0.00085010 1
0.00076120 1
0.00076690 1
0.00080120 1
0.00082870 1
0.00079300 1
0.00077700 1
0.00076720 1
0.00077170 1
0.00080040 1
0.00076190 1
0.00079510 1
0.00075410 1
-
-
-
-
0.00114100 0
0.00158470 1
0.00162420 1
0.00156170 1
0.00152490 1
0.00141690 1
0.00141250 1
0.00152210 1
0.00162590 1
0.00172440 1
0.00155500 1
0.00186880 1
0.00166830 1
0.00148450 1
0.00141500 1
0.00162610 1
0.00158740 1
0.00159650 1
0.00156030 1
0.00146310 1
0.00139650 1
0.00152250 1
0.00141560 1
0.00139440 1
0.00138220 1
0.00143180 1
0.00145580 1
0.00140220 1
0.00138990 1
0.00140480 1
0.00137920 1
0.00155930 1
0.00151660 1
0.00137990 1
0.00141830 1
0.00139950 1
0.00155940 1
0.00146460 1
0.00138780 1
0.00137650 1
0.00140840 1
0.00167500 1
0.00158550 1
0.00151350 1
0.00141550 1
0.00141810 1
0.00178390 1
0.00143150 1
0.00142930 1
0.00151470 1
0.00142420 1
0.00171580 1
0.00145200 1
0.00142950 1
0.00141520 1
0.00146360 1
0.00159770 1
0.00140160 1
0.00146200 1
0.00137910 1
0.00149020 1
0.00173100 1
0.00146890 1
0.00146090 1
0.00154880 1
0.00139870 1
0.00163540 1
0.00151020 1
0.00142720 1
-
-
-
-
0.00071160 0
0.00077620 1
0.00076870 1
0.00085260 1
0.00082080 1
0.00084910 1
0.00082610 1
0.00083750 1
0.00085070 1
0.00089890 1
0.00088360 1
0.00087860 1
0.00093310 1
0.00091920 1
0.00235000 1
0.00092730 1
0.00077120 1
0.00071950 1
0.00075800 1
0.00135120 1
0.00084020 1
0.00085010 1
0.00079290 1
0.00077770 1
0.00075470 1
0.00080430 1
0.00086680 1
0.00081490 1
0.00072920 1
0.00075830 1
0.00073080 1
0.00075650 1
0.00089290 1
0.00077380 1
0.00077760 1
0.00077290 1
0.00078530 1
0.00078550 1
0.00077080 1
0.00077220 1
0.00071890 1
0.00075100 1
0.00071530 1
-
-
-
-
0.00096980 0
0.00153290 1
0.00128990 1
0.00122810 1
0.00125910 1
0.00121890 1
0.00121480 1
0.00125720 1
0.00121670 1
0.00122180 1
0.00122340 1
0.00122840 1
0.00168920 1
0.00128830 1
0.00128220 1
0.00127570 1
0.00129530 1
0.00127480 1
0.00123870 1
0.00120770 1
0.00124110 1
0.00121210 1
0.00122670 1
0.00139430 1
0.00121760 1
0.00121610 1
0.00120580 1
0.00132160 1
0.00121760 1
0.00119460 1
0.00118020 1
0.00117630 1
0.00129900 1
0.00122790 1
0.00141480 1
0.00121870 1
-
-
-
-
0.00073500 0
0.00089540 1
0.00090060 1
0.00086060 1
0.00115960 1
0.00088410 1
0.00087030 1
0.00089700 1
0.00089360 1
0.00098540 1
0.00086170 1
0.00095820 1
0.00088500 1
0.00087090 1
0.00092940 1
0.00089200 1
0.00100410 1
0.00085430 1
0.00082130 1
0.00087170 1
0.00098940 1
0.00094300 1
0.00085040 1
0.00085020 1
0.00098370 1
0.00088460 1
0.00082700 1
0.00091680 1
0.00125810 1
0.00096510 1
0.00085800 1
0.00089560 1
0.00236680 1
0.00088900 1
0.00088210 1
0.00086840 1
