1
150.00,69.00,48.00,54.00
150.00,69.00,48.00,54.00
150.00,69.00,48.00,54.00
150.00,69.00,48.00,54.00
149.00,69.00,48.00,54.00
149.00,69.00,48.00,54.00
149.00,69.00,48.00,54.00
149.00,69.00,48.00,54.00
150.00,69.00,48.00,54.00
150.00,69.00,48.00,54.00
150.00,69.00,48.00,54.00
150.00,69.00,48.00,54.00
150.00,69.00,48.00,54.00
151.00,69.00,48.00,54.00
151.00,69.00,48.00,54.00
152.00,69.00,48.00,54.00
153.00,70.00,48.00,54.00
154.00,70.00,48.00,54.00
153.00,70.00,48.00,54.00
153.00,70.00,48.00,54.00
153.00,70.00,48.00,54.00
153.00,70.00,48.00,54.00
153.00,70.00,48.00,54.00
152.00,70.00,48.00,54.00
152.00,70.00,48.00,54.00
152.00,70.00,48.00,54.00
2
0
0
0
0
1
223.14,94.15,57.34,49.98
223.14,94.15,57.34,49.98
223.14,93.15,57.34,49.98
223.14,93.15,57.34,49.98
223.14,93.15,57.34,49.98
223.14,93.15,57.34,49.98
223.14,93.15,57.34,49.98
223.14,93.15,57.34,49.98
2
0
0
0
0
1
132.00,51.00,41.00,42.00
132.00,52.00,41.00,42.00
132.00,52.00,41.00,42.00
132.00,52.00,41.00,42.00
2
0
0
0
0
1
55.00,38.00,50.00,56.00
51.00,40.00,50.00,56.00
47.00,43.00,50.00,56.00
45.00,48.00,50.00,56.00
45.00,42.00,50.00,56.00
48.00,43.00,50.00,56.00
48.00,43.00,50.00,56.00
49.00,43.00,50.00,56.00
48.00,43.00,50.00,56.00
2
0
0
0
0
1
182.00,68.00,38.00,72.00
182.00,69.00,38.00,72.00
189.00,68.00,38.00,72.00
191.00,68.00,38.00,72.00
193.00,68.00,38.00,72.00
196.00,68.00,38.00,72.00
198.00,68.00,38.00,72.00
199.00,69.00,38.00,72.00
199.00,69.00,38.00,72.00
198.00,69.00,38.00,72.00
197.00,69.00,38.00,72.00
194.00,68.00,38.00,72.00
192.00,67.00,38.00,72.00
191.00,67.00,38.00,72.00
187.00,67.00,38.00,72.00
183.00,67.00,38.00,72.00
179.00,67.00,38.00,72.00
175.00,67.00,38.00,72.00
171.00,67.00,38.00,72.00
167.00,67.00,38.00,72.00
2
0
0
0
0
1
124.20,40.71,70.74,80.82
159.20,62.71,70.74,80.82
191.20,61.71,70.74,80.82
192.20,61.71,70.74,80.82
192.20,61.71,70.74,80.82
192.20,61.71,70.74,80.82
191.20,61.71,70.74,80.82
191.20,61.71,70.74,80.82
191.20,61.71,70.74,80.82
191.20,61.71,70.74,80.82
191.20,61.71,70.74,80.82
191.20,61.71,70.74,80.82
191.20,61.71,70.74,80.82
191.20,61.71,70.74,80.82
191.20,61.71,70.74,80.82
191.20,61.71,70.74,80.82
191.20,61.71,70.74,80.82
191.20,61.71,70.74,80.82
191.20,61.71,70.74,80.82
191.20,61.71,70.74,80.82
191.20,61.71,70.74,80.82
191.20,61.71,70.74,80.82
191.20,61.71,70.74,80.82
191.20,61.71,70.74,80.82
191.20,61.71,70.74,80.82
191.20,61.71,70.74,80.82
191.20,61.71,70.74,80.82
191.20,61.71,70.74,80.82
191.20,61.71,70.74,80.82
191.20,61.71,70.74,80.82
191.20,61.71,70.74,80.82
191.20,61.71,70.74,80.82
2
0
0
0
0
1
96.34,51.42,49.86,63.58
95.34,51.42,49.86,63.58
97.34,52.42,49.86,63.58
97.34,51.42,49.86,63.58
97.34,51.42,49.86,63.58
96.34,51.42,49.86,63.58
96.34,51.42,49.86,63.58
2
0
0
0
0
1
211.73,109.57,62.54,61.97
211.73,109.57,62.54,61.97
211.73,109.57,62.54,61.97
212.73,110.57,62.54,61.97
212.73,110.57,62.54,61.97
212.73,110.57,62.54,61.97
212.73,110.57,62.54,61.97
212.73,110.57,62.54,61.97
212.73,110.57,62.54,61.97
212.73,110.57,62.54,61.97
212.73,110.57,62.54,61.97
212.73,110.57,62.54,61.97
212.73,110.57,62.54,61.97
211.73,110.57,62.54,61.97
211.73,110.57,62.54,61.97
210.73,110.57,62.54,61.97
210.73,110.57,62.54,61.97
2
0
0
0
0
1
179.82,33.28,49.90,51.20
179.82,33.28,49.90,51.20
179.82,33.28,49.90,51.20
179.82,33.28,49.90,51.20
179.82,33.28,49.90,51.20
2
0
0
0
0
1
230.68,60.54,50.24,50.37
230.68,60.54,50.24,50.37
230.68,60.54,50.24,50.37
230.68,60.54,50.24,50.37
230.68,60.54,50.24,50.37
230.68,60.54,50.24,50.37
230.68,60.54,50.24,50.37
2
0
0
0
0
1
131.68,38.75,45.24,47.71
131.68,38.75,45.24,47.71
131.68,38.75,45.24,47.71
131.68,38.75,45.24,47.71
2
0
0
0
0
1
60.00,58.00,39.00,46.00
63.00,66.00,39.00,46.00
68.00,75.00,39.00,46.00
68.00,76.00,39.00,46.00
67.00,77.00,39.00,46.00
67.00,77.00,39.00,46.00
68.00,77.00,39.00,46.00
68.00,77.00,39.00,46.00
2
0
0
0
0
1
99.00,124.00,45.00,59.00
102.00,124.00,45.00,59.00
106.00,124.00,45.00,59.00
109.00,124.00,45.00,59.00
112.00,126.00,45.00,59.00
114.00,126.00,45.00,59.00
116.00,127.00,45.00,59.00
117.00,127.00,45.00,59.00
119.00,126.00,45.00,59.00
121.00,126.00,45.00,59.00
121.00,117.00,45.00,59.00
122.00,117.00,45.00,59.00
123.00,117.00,45.00,59.00
123.00,117.00,45.00,59.00
123.00,117.00,45.00,59.00
124.00,117.00,45.00,59.00
124.00,117.00,45.00,59.00
125.00,117.00,45.00,59.00
126.00,117.00,45.00,59.00
127.00,117.00,45.00,59.00
128.00,117.00,45.00,59.00
130.00,117.00,45.00,59.00
133.00,117.00,45.00,59.00
136.00,117.00,45.00,59.00
138.00,117.00,45.00,59.00
139.00,117.00,45.00,59.00
139.00,117.00,45.00,59.00
137.00,116.00,45.00,59.00
134.00,116.00,45.00,59.00
129.00,117.00,45.00,59.00
127.00,117.00,45.00,59.00
126.00,117.00,45.00,59.00
126.00,117.00,45.00,59.00
126.00,117.00,45.00,59.00
126.00,117.00,45.00,59.00
126.00,117.00,45.00,59.00
126.00,117.00,45.00,59.00
126.00,117.00,45.00,59.00
126.00,117.00,45.00,59.00
126.00,117.00,45.00,59.00
126.00,117.00,45.00,59.00
126.00,117.00,45.00,59.00
126.00,117.00,45.00,59.00
126.00,117.00,45.00,59.00
126.00,117.00,45.00,59.00
126.00,117.00,45.00,59.00
126.00,117.00,45.00,59.00
