0.00196530 0
0.00191950 1
0.00306420 1
0.00310060 1
0.00379030 1
0.00200750 1
0.00357940 1
0.00207770 1
0.00178160 1
0.00201500 1
0.00229520 1
0.00197110 1
0.00170120 1
0.00204040 1
0.00193410 1
0.00193370 1
0.00331790 1
0.00194610 1
0.00196580 1
0.00192230 1
0.00207380 1
0.00160410 1
0.00293820 1
0.00293030 1
0.00192320 1
0.00347390 1
0.00268220 1
0.00276530 1
-
-
-
-
0.00262820 0
0.00498520 1
0.00483750 1
0.00367710 1
0.00375940 1
0.00625000 1
0.00520250 1
0.00460370 1
0.00366370 1
0.00435650 1
-
-
-
-
0.00375110 0
0.00536000 1
0.00395550 1
0.00462450 1
0.00344570 1
0.00338260 1
-
-
-
-
0.00165580 0
0.00204980 1
0.00211810 1
0.00189140 1
0.00195800 1
0.00207100 1
0.00212870 1
0.00310020 1
0.00196890 1
0.00235310 1
0.00199600 1
-
-
-
-
0.00328860 0
0.00522570 1
0.00362980 1
0.00331500 1
0.00357020 1
0.00510190 1
0.00390660 1
0.00498270 1
0.00364370 1
0.00379650 1
0.00388940 1
0.00357420 1
0.00346740 1
0.00352630 1
0.00347670 1
0.00346730 1
0.00368410 1
0.00502040 1
0.00389560 1
0.00391330 1
0.00401640 1
0.00332340 1
-
-
-
-
0.00371150 0
0.00489960 1
0.00466220 1
0.00436490 1
0.00439620 1
0.00452510 1
0.00440690 1
0.00564500 1
0.00509780 1
0.00445000 1
0.00475810 1
0.00458630 1
0.00492850 1
0.00450240 1
0.00429810 1
0.00430400 1
0.00415330 1
0.00409040 1
0.00447070 1
0.00507620 1
0.00407270 1
0.00463990 1
0.00462730 1
0.00487030 1
0.00459830 1
0.00449110 1
0.00461300 1
0.00423290 1
0.00401870 1
0.00484720 1
0.00530200 1
0.00519740 1
0.00543580 1
0.00452270 1
-
-
-
-
0.00294920 0
0.00291890 1
0.00295100 1
0.00456880 1
0.00259420 1
0.00302860 1
0.00296700 1
0.00286210 1
0.00255180 1
-
-
-
-
0.00588690 0
0.00855230 1
0.00844010 1
0.00830560 1
0.01250160 1
0.00923950 1
0.00893120 1
0.00894660 1
0.01017350 1
0.00978430 1
0.00860920 1
0.00962080 1
0.00885340 1
0.00952480 1
0.00892800 1
0.00889320 1
0.00912980 1
0.00887010 1
0.00880280 1
-
-
-
-
0.00215920 0
0.00241100 1
0.00256330 1
0.00291800 1
0.00320110 1
0.00222870 1
0.00252920 1
-
-
-
-
0.00235960 0
0.00283240 1
0.00261530 1
0.01203420 1
0.00243810 1
0.00400980 1
0.00242710 1
0.00243330 1
0.00219550 1
-
-
-
-
0.00265810 0
0.00370670 1
0.00384040 1
0.00360870 1
0.00360640 1
0.00384860 1
-
-
-
-
0.00086380 0
0.00103850 1
0.00093060 1
0.00093020 1
0.00092490 1
0.00097340 1
0.00103570 1
0.00096190 1
0.00095870 1
0.00095900 1
-
-
-
-
0.00250050 0
0.00372450 1
0.00333390 1
0.00325650 1
0.00411160 1
0.00336910 1
0.00347410 1
0.00360860 1
0.00375490 1
0.00333350 1
0.00351560 1
0.00353780 1
0.00339990 1
0.00337890 1
0.00367610 1
0.00331570 1
0.00354110 1
0.00322430 1
0.00336190 1
0.00321270 1
0.00335450 1
0.00345350 1
0.00330890 1
0.00363950 1
0.00398250 1
0.00323410 1
0.00345250 1
0.00325270 1
0.00355170 1
0.00345070 1
0.00331100 1
0.00350150 1
0.00357690 1
0.00379780 1
0.00454270 1
0.00379590 1
0.00354910 1
0.00342350 1
0.00368060 1
0.00348590 1
0.00349680 1
0.00401850 1
0.00373420 1
0.00364310 1
0.00367780 1
0.00354690 1
0.00343850 1
0.00388710 1
