0.00196530
0.00191950
0.00306420
0.00310060
0.00379030
0.00200750
0.00357940
0.00207770
0.00178160
0.00201500
0.00229520
0.00197110
0.00170120
0.00204040
0.00193410
0.00193370
0.00331790
0.00194610
0.00196580
0.00192230
0.00207380
0.00160410
0.00293820
0.00293030
0.00192320
0.00347390
0.00268220
0.00276530
0.00000000
0.00000000
0.00000000
0.00000000
0.00262820
0.00498520
0.00483750
0.00367710
0.00375940
0.00625000
0.00520250
0.00460370
0.00366370
0.00435650
0.00000000
0.00000000
0.00000000
0.00000000
0.00375110
0.00536000
0.00395550
0.00462450
0.00344570
0.00338260
0.00000000
0.00000000
0.00000000
0.00000000
0.00165580
0.00204980
0.00211810
0.00189140
0.00195800
0.00207100
0.00212870
0.00310020
0.00196890
0.00235310
0.00199600
0.00000000
0.00000000
0.00000000
0.00000000
0.00328860
0.00522570
0.00362980
0.00331500
0.00357020
0.00510190
0.00390660
0.00498270
0.00364370
0.00379650
0.00388940
0.00357420
0.00346740
0.00352630
0.00347670
0.00346730
0.00368410
0.00502040
0.00389560
0.00391330
0.00401640
0.00332340
0.00000000
0.00000000
0.00000000
0.00000000
0.00371150
0.00489960
0.00466220
0.00436490
0.00439620
0.00452510
0.00440690
0.00564500
0.00509780
0.00445000
0.00475810
0.00458630
0.00492850
0.00450240
0.00429810
0.00430400
0.00415330
0.00409040
0.00447070
0.00507620
0.00407270
0.00463990
0.00462730
0.00487030
0.00459830
0.00449110
0.00461300
0.00423290
0.00401870
0.00484720
0.00530200
0.00519740
0.00543580
0.00452270
0.00000000
0.00000000
0.00000000
0.00000000
0.00294920
0.00291890
0.00295100
0.00456880
0.00259420
0.00302860
0.00296700
0.00286210
0.00255180
0.00000000
0.00000000
0.00000000
0.00000000
0.00588690
0.00855230
0.00844010
0.00830560
0.01250160
0.00923950
0.00893120
0.00894660
0.01017350
0.00978430
0.00860920
0.00962080
0.00885340
0.00952480
0.00892800
0.00889320
0.00912980
0.00887010
0.00880280
0.00000000
0.00000000
0.00000000
0.00000000
0.00215920
0.00241100
0.00256330
0.00291800
0.00320110
0.00222870
0.00252920
0.00000000
0.00000000
0.00000000
0.00000000
0.00235960
0.00283240
0.00261530
0.01203420
0.00243810
0.00400980
0.00242710
0.00243330
0.00219550
0.00000000
0.00000000
0.00000000
0.00000000
0.00265810
0.00370670
0.00384040
0.00360870
0.00360640
0.00384860
0.00000000
0.00000000
0.00000000
0.00000000
0.00086380
0.00103850
0.00093060
0.00093020
0.00092490
0.00097340
0.00103570
0.00096190
0.00095870
0.00095900
0.00000000
0.00000000
0.00000000
0.00000000
0.00250050
0.00372450
0.00333390
0.00325650
0.00411160
0.00336910
0.00347410
0.00360860
0.00375490
0.00333350
0.00351560
0.00353780
0.00339990
0.00337890
0.00367610
0.00331570
0.00354110
0.00322430
0.00336190
0.00321270
0.00335450
0.00345350
0.00330890
0.00363950
0.00398250
0.00323410
0.00345250
0.00325270
0.00355170
0.00345070
0.00331100
0.00350150
0.00357690
0.00379780
0.00454270
0.00379590
0.00354910
0.00342350
0.00368060
0.00348590
0.00349680
0.00401850
0.00373420
0.00364310
0.00367780
0.00354690
0.00343850
0.00388710
