0.00200990 0
0.00219090 1
0.00116020 1
0.00082500 1
0.00083080 1
0.00292750 1
0.00093000 1
0.00080140 1
0.00085880 1
0.00233670 1
0.00093420 1
0.00088970 1
0.00096330 1
0.00164170 1
0.00093460 1
0.00084660 1
0.00084300 1
0.00085550 1
0.00092520 1
0.00083550 1
0.00081050 1
0.00082540 1
0.00083960 1
0.00087720 1
0.00083870 1
0.00080360 1
0.00081260 1
0.00080280 1
0.00084330 1
0.00082650 1
0.00083720 1
0.00081350 1
0.00080850 1
0.00086090 1
0.00082700 1
0.00084210 1
0.00086340 1
0.00080120 1
0.00095570 1
0.00090370 1
0.00084900 1
0.00092900 1
0.00127290 1
0.00092290 1
0.00081170 1
0.00081110 1
0.00080250 1
0.00080990 1
0.00087500 1
0.00092690 1
0.00086220 1
0.00085390 1
0.00085400 1
0.00095260 1
0.00084800 1
0.00081440 1
0.00087460 1
0.00082810 1
0.00098320 1
0.00086120 1
0.00085830 1
0.00081370 1
0.00081430 1
0.00082880 1
0.00079020 1
0.00079620 1
0.00081830 1
0.00082140 1
0.00084670 1
0.00084240 1
0.00120690 1
0.00112700 1
0.00093040 1
0.00083680 1
0.00088490 1
0.00083360 1
0.00079190 1
0.00083560 1
0.00083380 1
0.00080710 1
0.00081080 1
0.00079940 1
0.00083740 1
0.00083840 1
0.00083850 1
0.00082390 1
0.00086820 1
0.00082810 1
0.00092200 1
0.00081630 1
0.00084110 1
0.00082350 1
0.00094450 1
0.00093680 1
0.00081860 1
0.00080770 1
0.00097850 1
0.00090450 1
0.00104250 1
0.00092760 1
0.00135300 1
0.00120480 1
0.00088700 1
0.00089410 1
0.00084940 1
0.00089710 1
0.00099490 1
0.00094460 1
0.00093280 1
0.00087870 1
0.00088070 1
0.00088370 1
0.00105290 1
0.00098840 1
0.00092480 1
0.00089420 1
0.00088830 1
0.00102060 1
0.00092930 1
0.00091420 1
0.00088270 1
0.00086820 1
0.00093400 1
0.00088810 1
0.00088650 1
0.00092360 1
0.00090360 1
0.00087040 1
0.00092310 1
0.00089310 1
0.00086900 1
0.00088430 1
0.00093500 1
0.00089250 1
0.00170490 1
0.00120380 1
0.00097390 1
0.00088790 1
0.00087340 1
0.00086880 1
0.00085770 1
0.00089330 1
0.00091450 1
0.00086950 1
0.00087650 1
0.00093440 1
0.00091810 1
0.00088090 1
0.00089570 1
0.00086900 1
0.00089020 1
0.00088990 1
0.00096900 1
0.00092470 1
0.00084790 1
0.00087840 1
0.00087670 1
0.00087950 1
0.00089720 1
0.00089980 1
0.00088880 1
0.00091690 1
0.00091020 1
0.00087070 1
0.00089800 1
0.00087310 1
0.00090760 1
0.00090810 1
0.00089400 1
0.00087890 1
0.00088930 1
0.00088590 1
0.00089870 1
0.00078620 1
0.00084330 1
0.00086340 1
0.00089510 1
0.00090650 1
0.00093610 1
0.00088160 1
0.00092750 1
0.00088610 1
0.00087390 1
0.00087290 1
0.00088840 1
0.00086960 1
0.00091060 1
0.00087140 1
0.00089710 1
0.00088990 1
0.00089690 1
0.00090100 1
0.00112070 1
0.00091040 1
0.00100890 1
0.00090540 1
0.00096020 1
0.00095870 1
0.00090450 1
0.00083750 1
0.00095400 1
0.00111750 1
0.00092360 1
0.00089110 1
0.00084030 1
0.00092790 1
0.00130920 1
0.00088790 1
0.00088680 1
0.00102420 1
0.00101190 1
0.00104230 1
0.00090430 1
0.00088910 1
0.00105420 1
0.00093480 1
0.00097210 1
0.00096870 1
0.00088400 1
0.00099790 1
0.00096990 1
0.00083910 1
0.00110890 1
0.00089070 1
0.00090710 1
0.00105150 1
0.00091980 1
0.00112550 1
0.00088790 1
0.00087240 1
0.00098170 1
0.00086020 1
0.00088690 1
0.00085460 1
0.00082150 1
0.00084250 1
0.00082060 1
0.00081460 1
0.00083140 1
0.00081230 1
0.00171400 1
0.00086900 1
0.00094000 1
0.00089950 1
0.00085010 1
0.00085520 1
0.00091030 1
0.00086160 1
0.00092610 1
0.00095310 1
0.00117060 1
0.00089070 1
