0.00200990
0.00219090
0.00116020
0.00082500
0.00083080
0.00292750
0.00093000
0.00080140
0.00085880
0.00233670
0.00093420
0.00088970
0.00096330
0.00164170
0.00093460
0.00084660
0.00084300
0.00085550
0.00092520
0.00083550
0.00081050
0.00082540
0.00083960
0.00087720
0.00083870
0.00080360
0.00081260
0.00080280
0.00084330
0.00082650
0.00083720
0.00081350
0.00080850
0.00086090
0.00082700
0.00084210
0.00086340
0.00080120
0.00095570
0.00090370
0.00084900
0.00092900
0.00127290
0.00092290
0.00081170
0.00081110
0.00080250
0.00080990
0.00087500
0.00092690
0.00086220
0.00085390
0.00085400
0.00095260
0.00084800
0.00081440
0.00087460
0.00082810
0.00098320
0.00086120
0.00085830
0.00081370
0.00081430
0.00082880
0.00079020
0.00079620
0.00081830
0.00082140
0.00084670
0.00084240
0.00120690
0.00112700
0.00093040
0.00083680
0.00088490
0.00083360
0.00079190
0.00083560
0.00083380
0.00080710
0.00081080
0.00079940
0.00083740
0.00083840
0.00083850
0.00082390
0.00086820
0.00082810
0.00092200
0.00081630
0.00084110
0.00082350
0.00094450
0.00093680
0.00081860
0.00080770
0.00097850
0.00090450
0.00104250
0.00092760
0.00135300
0.00120480
0.00088700
0.00089410
0.00084940
0.00089710
0.00099490
0.00094460
0.00093280
0.00087870
0.00088070
0.00088370
0.00105290
0.00098840
0.00092480
0.00089420
0.00088830
0.00102060
0.00092930
0.00091420
0.00088270
0.00086820
0.00093400
0.00088810
0.00088650
0.00092360
0.00090360
0.00087040
0.00092310
0.00089310
0.00086900
0.00088430
0.00093500
0.00089250
0.00170490
0.00120380
0.00097390
0.00088790
0.00087340
0.00086880
0.00085770
0.00089330
0.00091450
0.00086950
0.00087650
0.00093440
0.00091810
0.00088090
0.00089570
0.00086900
0.00089020
0.00088990
0.00096900
0.00092470
0.00084790
0.00087840
0.00087670
0.00087950
0.00089720
0.00089980
0.00088880
0.00091690
0.00091020
0.00087070
0.00089800
0.00087310
0.00090760
0.00090810
0.00089400
0.00087890
0.00088930
0.00088590
0.00089870
0.00078620
0.00084330
0.00086340
0.00089510
0.00090650
0.00093610
0.00088160
0.00092750
0.00088610
0.00087390
0.00087290
0.00088840
0.00086960
0.00091060
0.00087140
0.00089710
0.00088990
0.00089690
0.00090100
0.00112070
0.00091040
0.00100890
0.00090540
0.00096020
0.00095870
0.00090450
0.00083750
0.00095400
0.00111750
0.00092360
0.00089110
0.00084030
0.00092790
0.00130920
0.00088790
0.00088680
0.00102420
0.00101190
0.00104230
0.00090430
0.00088910
0.00105420
0.00093480
0.00097210
0.00096870
0.00088400
0.00099790
0.00096990
0.00083910
0.00110890
0.00089070
0.00090710
0.00105150
0.00091980
0.00112550
0.00088790
0.00087240
0.00098170
0.00086020
0.00088690
0.00085460
0.00082150
0.00084250
0.00082060
0.00081460
0.00083140
0.00081230
0.00171400
0.00086900
0.00094000
0.00089950
0.00085010
0.00085520
0.00091030
0.00086160
0.00092610
0.00095310
0.00117060
0.00089070
