1
8.00,166.00,44.00,28.00
10.00,166.00,44.00,28.00
11.00,166.00,44.00,28.00
13.00,167.00,44.00,28.00
15.00,167.00,44.00,28.00
16.00,167.00,44.00,28.00
18.00,167.00,44.00,28.00
20.00,168.00,44.00,28.00
21.00,168.00,44.00,28.00
22.00,168.00,44.00,28.00
24.00,168.00,44.00,28.00
25.00,168.00,44.00,28.00
26.00,168.00,44.00,28.00
28.00,168.00,44.00,28.00
29.00,169.00,44.00,28.00
31.00,169.00,44.00,28.00
32.00,169.00,44.00,28.00
34.00,169.00,44.00,28.00
35.00,169.00,44.00,28.00
37.00,170.00,44.00,28.00
39.00,170.00,44.00,28.00
41.00,170.00,44.00,28.00
42.00,170.00,44.00,28.00
44.00,171.00,44.00,28.00
45.00,171.00,44.00,28.00
46.00,171.00,44.00,28.00
48.00,171.00,44.00,28.00
49.00,171.00,44.00,28.00
50.00,171.00,44.00,28.00
51.00,171.00,44.00,28.00
52.00,171.00,44.00,28.00
53.00,171.00,44.00,28.00
54.00,171.00,44.00,28.00
55.00,171.00,44.00,28.00
56.00,172.00,44.00,28.00
57.00,172.00,44.00,28.00
58.00,172.00,44.00,28.00
59.00,172.00,44.00,28.00
60.00,172.00,44.00,28.00
61.00,172.00,44.00,28.00
62.00,172.00,44.00,28.00
64.00,172.00,44.00,28.00
65.00,172.00,44.00,28.00
66.00,172.00,44.00,28.00
67.00,172.00,44.00,28.00
69.00,171.00,44.00,28.00
70.00,171.00,44.00,28.00
72.00,171.00,44.00,28.00
73.00,171.00,44.00,28.00
74.00,171.00,44.00,28.00
75.00,171.00,44.00,28.00
76.00,171.00,44.00,28.00
77.00,171.00,44.00,28.00
78.00,171.00,44.00,28.00
79.00,171.00,44.00,28.00
80.00,171.00,44.00,28.00
82.00,171.00,44.00,28.00
83.00,171.00,44.00,28.00
84.00,171.00,44.00,28.00
85.00,171.00,44.00,28.00
86.00,171.00,44.00,28.00
87.00,171.00,44.00,28.00
87.00,171.00,44.00,28.00
87.00,171.00,44.00,28.00
87.00,171.00,44.00,28.00
88.00,171.00,44.00,28.00
88.00,171.00,44.00,28.00
88.00,172.00,44.00,28.00
88.00,172.00,44.00,28.00
88.00,172.00,44.00,28.00
88.00,172.00,44.00,28.00
89.00,173.00,44.00,28.00
89.00,173.00,44.00,28.00
89.00,173.00,44.00,28.00
90.00,173.00,44.00,28.00
90.00,173.00,44.00,28.00
90.00,173.00,44.00,28.00
90.00,173.00,44.00,28.00
90.00,174.00,44.00,28.00
90.00,174.00,44.00,28.00
90.00,174.00,44.00,28.00
90.00,174.00,44.00,28.00
90.00,174.00,44.00,28.00
90.00,174.00,44.00,28.00
90.00,175.00,44.00,28.00
90.00,175.00,44.00,28.00
90.00,175.00,44.00,28.00
90.00,175.00,44.00,28.00
90.00,175.00,44.00,28.00
90.00,175.00,44.00,28.00
90.00,175.00,44.00,28.00
90.00,175.00,44.00,28.00
90.00,175.00,44.00,28.00
90.00,175.00,44.00,28.00
90.00,175.00,44.00,28.00
90.00,176.00,44.00,28.00
90.00,176.00,44.00,28.00
91.00,176.00,44.00,28.00
91.00,176.00,44.00,28.00
91.00,176.00,44.00,28.00
91.00,176.00,44.00,28.00
91.00,176.00,44.00,28.00
92.00,176.00,44.00,28.00
92.00,176.00,44.00,28.00
92.00,176.00,44.00,28.00
92.00,176.00,44.00,28.00
93.00,176.00,44.00,28.00
94.00,176.00,44.00,28.00
94.00,176.00,44.00,28.00
95.00,176.00,44.00,28.00
95.00,176.00,44.00,28.00
96.00,176.00,44.00,28.00
97.00,176.00,44.00,28.00
97.00,176.00,44.00,28.00
98.00,176.00,44.00,28.00
98.00,176.00,44.00,28.00
98.00,176.00,44.00,28.00
99.00,176.00,44.00,28.00
99.00,176.00,44.00,28.00
100.00,176.00,44.00,28.00
100.00,176.00,44.00,28.00
101.00,175.00,44.00,28.00
102.00,175.00,44.00,28.00
103.00,175.00,44.00,28.00
104.00,175.00,44.00,28.00
105.00,175.00,44.00,28.00
106.00,175.00,44.00,28.00
107.00,175.00,44.00,28.00
108.00,175.00,44.00,28.00
109.00,175.00,44.00,28.00
110.00,175.00,44.00,28.00
112.00,175.00,44.00,28.00
113.00,175.00,44.00,28.00
114.00,175.00,44.00,28.00
115.00,175.00,44.00,28.00
116.00,175.00,44.00,28.00
117.00,175.00,44.00,28.00
118.00,175.00,44.00,28.00
119.00,175.00,44.00,28.00
121.00,175.00,44.00,28.00
122.00,175.00,44.00,28.00
124.00,175.00,44.00,28.00
125.00,175.00,44.00,28.00
127.00,175.00,44.00,28.00
129.00,175.00,44.00,28.00
130.00,175.00,44.00,28.00
132.00,175.00,44.00,28.00
134.00,175.00,44.00,28.00
136.00,175.00,44.00,28.00
137.00,175.00,44.00,28.00
139.00,175.00,44.00,28.00
141.00,174.00,44.00,28.00
142.00,174.00,44.00,28.00
144.00,174.00,44.00,28.00
146.00,174.00,44.00,28.00
148.00,174.00,44.00,28.00
149.00,174.00,44.00,28.00
151.00,174.00,44.00,28.00
155.00,174.00,44.00,28.00
157.00,175.00,44.00,28.00
159.00,175.00,44.00,28.00
155.00,175.00,44.00,28.00
162.00,175.00,44.00,28.00
163.00,175.00,44.00,28.00
164.00,175.00,44.00,28.00
165.00,175.00,44.00,28.00
166.00,174.00,44.00,28.00
168.00,174.00,44.00,28.00
170.00,174.00,44.00,28.00
172.00,174.00,44.00,28.00
174.00,174.00,44.00,28.00
176.00,173.00,44.00,28.00
178.00,173.00,44.00,28.00
179.00,173.00,44.00,28.00
180.00,173.00,44.00,28.00
181.00,173.00,44.00,28.00
182.00,172.00,44.00,28.00
183.00,172.00,44.00,28.00
184.00,172.00,44.00,28.00
185.00,172.00,44.00,28.00
186.00,172.00,44.00,28.00
188.00,171.00,44.00,28.00
190.00,171.00,44.00,28.00
191.00,171.00,44.00,28.00
193.00,171.00,44.00,28.00
196.00,171.00,44.00,28.00
201.00,171.00,44.00,28.00
207.00,170.00,44.00,28.00
212.00,170.00,44.00,28.00
218.00,169.00,44.00,28.00
224.00,169.00,44.00,28.00
230.00,168.00,44.00,28.00
235.00,168.00,44.00,28.00
238.00,167.00,44.00,28.00
240.00,167.00,44.00,28.00
242.00,166.00,44.00,28.00
244.00,166.00,44.00,28.00
244.00,165.00,44.00,28.00
243.00,165.00,44.00,28.00
243.00,164.00,44.00,28.00
242.00,163.00,44.00,28.00
240.00,162.00,44.00,28.00
236.00,161.00,44.00,28.00
232.00,160.00,44.00,28.00
229.00,159.00,44.00,28.00
226.00,158.00,44.00,28.00
225.00,157.00,44.00,28.00
226.00,157.00,44.00,28.00
228.00,156.00,44.00,28.00
233.00,155.00,44.00,28.00
239.00,154.00,44.00,28.00
246.00,153.00,44.00,28.00
254.00,152.00,44.00,28.00
263.00,151.00,44.00,28.00
272.00,151.00,44.00,28.00
280.00,151.00,44.00,28.00
288.00,151.00,44.00,28.00
296.00,151.00,44.00,28.00
303.00,151.00,44.00,28.00
312.00,151.00,44.00,28.00
320.00,150.00,44.00,28.00
329.00,150.00,44.00,28.00
336.00,149.00,44.00,28.00
344.00,148.00,44.00,28.00
351.00,146.00,44.00,28.00
358.00,145.00,44.00,28.00
365.00,143.00,44.00,28.00
371.00,142.00,44.00,28.00
377.00,141.00,44.00,28.00
382.00,140.00,44.00,28.00
386.00,140.00,44.00,28.00
390.00,140.00,44.00,28.00
394.00,140.00,44.00,28.00
399.00,140.00,44.00,28.00
403.00,140.00,44.00,28.00
408.00,140.00,44.00,28.00
412.00,139.00,44.00,28.00
416.00,139.00,44.00,28.00
420.00,139.00,44.00,28.00
424.00,138.00,44.00,28.00
428.00,137.00,44.00,28.00
432.00,137.00,44.00,28.00
438.00,136.00,44.00,28.00
445.00,136.00,44.00,28.00
454.00,136.00,44.00,28.00
465.00,135.00,44.00,28.00
478.00,135.00,44.00,28.00
494.00,135.00,44.00,28.00
512.00,135.00,44.00,28.00
531.00,134.00,44.00,28.00
552.00,134.00,44.00,28.00
