0.00019040
0.00361950
0.00349180
0.00192200
0.00227070
0.00246530
0.00195970
0.00264900
0.00164120
0.00146930
0.00176330
0.00154450
0.00161070
0.00146620
0.00144360
0.00145840
0.00151180
0.00143710
0.00158860
0.00149550
0.00167470
0.00229430
0.00139500
0.00212610
0.00156580
0.00156600
0.00138780
0.00140500
0.00144690
0.00140710
0.00142470
0.00145740
0.00144430
0.00142180
0.00143340
0.00141050
0.00138790
0.00166330
0.00151610
0.00231330
0.00146430
0.00152870
0.00141710
0.00172220
0.00000000
0.00000000
0.00000000
0.00000000
0.00011510
0.00166360
0.00197770
0.00000000
0.00000000
0.00000000
0.00000000
0.00022500
0.00252090
0.00225850
0.00218020
0.00235790
0.00185980
0.00180880
0.00183660
0.00000000
0.00000000
0.00000000
0.00000000
0.00015880
0.00248360
0.00242510
0.00237700
0.00300550
0.00225340
0.00270190
0.00211290
0.00283920
0.00000000
0.00000000
0.00000000
0.00000000
0.00014460
0.00371930
0.00356710
0.00372010
0.00401090
0.00422900
0.00415190
0.00412060
0.00364890
0.00000000
0.00000000
0.00000000
0.00000000
0.00009950
0.00340760
0.00310540
0.00309790
0.00327010
0.00387570
0.00389970
0.00321190
0.00320160
0.00303920
0.00366990
0.00321910
0.00325230
0.00304450
0.00330800
0.00347260
0.00356680
0.00000000
0.00000000
0.00000000
0.00000000
0.00015490
0.00450950
0.00412250
0.00394990
0.00505560
0.00564760
0.00395800
0.00394950
0.00420460
0.00392930
0.00430980
0.00413490
0.00370470
0.00420280
0.00400950
0.00361550
0.00384400
0.00500200
0.00620800
0.00405570
0.00415830
0.00388340
0.00433120
0.00435940
0.00386960
0.00406780
0.00516220
0.00527480
0.00563420
0.00418030
0.00392290
0.00447210
0.00415130
0.00356650
0.00444540
0.00428830
0.00379450
0.00396630
0.00398790
0.00394870
0.00433170
0.00437140
0.00410550
0.00589370
0.00420980
0.00410610
0.00399710
0.00511670
0.00546950
0.00490430
0.00539320
0.00409650
0.00506550
0.00423630
0.00376690
0.00484310
0.00478000
0.00501890
0.00537390
0.00532250
0.00421690
0.00453010
0.00429070
0.00401230
0.00000000
0.00000000
0.00000000
0.00000000
0.00009720
0.00545250
0.00522640
0.00539560
0.00537540
0.00510090
0.00539050
0.00533220
0.00543060
0.00499840
0.00000000
0.00000000
0.00000000
0.00000000
0.00010170
0.00518810
0.00491100
0.00461060
0.00503340
0.00488250
0.00512900
0.00446800
0.00511180
0.00541840
0.00522940
0.00466010
0.00486460
0.00485010
0.00510460
0.00478840
0.00507990
0.00486760
0.00501370
0.00472050
0.00483820
0.00502000
0.00482640
0.00480420
0.00474920
0.00000000
0.00000000
0.00000000
0.00000000
0.00034990
0.00535950
0.00542810
0.00481520
0.00519380
0.00518050
0.00506490
0.00510870
0.00529860
0.00543420
0.00536400
0.00512270
0.00511750
0.00529100
0.00544260
0.00564340
0.00517260
0.00566460
0.00000000
0.00000000
0.00000000
0.00000000
0.00028910
0.00597250
0.00615020
0.00609390
0.00620060
0.00636170
0.00698870
0.00000000
0.00000000
0.00000000
0.00000000
0.00026960
0.00675490
0.00688420
0.00694280
0.00673680
0.00628580
0.00000000
0.00000000
0.00000000
0.00000000
0.00017970
0.00672090
0.00710420
0.00671830
0.00673030
0.00660640
0.00676920
0.00680210
0.00626460
0.00000000
0.00000000
0.00000000
0.00000000
0.00019160
0.00710060
0.00699430
0.00665610
0.00692800
0.00685240
0.00664100
0.00645880
0.00646480
0.00667220
0.00666100
0.00650390
0.00656410
0.00000000
0.00000000
0.00000000
0.00000000
0.00013650
0.00699270
0.00684090
0.00632890
0.00769320
0.00000000
0.00000000
0.00000000
0.00000000
0.00011340
0.00748270
0.00711850
0.00720740
0.00858550
0.00000000
0.00000000
0.00000000
0.00000000
0.00013240
0.00700000
0.00791710
0.00756300
0.00734200
0.00766710
0.00752570
0.00737640
0.00756500
0.00700150
0.00721100
0.00731340
0.00673770
0.00720940
0.00717470
0.00650000
0.00695820
0.00744700
0.00664410
0.00654260
0.00681210
0.00622590
0.00663700
0.00692920
0.00672390
0.00693680
0.00707430
0.00669590
0.00721400
0.00693590
0.00733060
0.00000000
0.00000000
0.00000000
0.00000000
0.00015250
0.00767330
0.00755580
0.00761650
0.00754690
0.00740600
0.00733890
0.00733870
0.00000000
0.00000000
0.00000000
0.00000000
0.00013590
0.00744520
0.00757650
0.00720400
0.00759740
0.00762480
0.00744000
0.00713690
0.00777180
0.00736520
0.00807740
0.00752660
0.00798850
0.00750460
0.00762930
0.00720600
0.00701390
0.00000000
0.00000000
0.00000000
0.00000000
0.00024740
0.00957770
0.00949660
0.00917090
0.00000000
0.00000000
0.00000000
0.00000000
0.00028310
0.01031140
0.01081080
0.01083080
0.01477510
0.00986940
0.00949820
0.00000000
