1
161.00,174.00,36.00,89.00
160.00,174.00,36.00,89.00
160.00,174.00,36.00,89.00
159.00,173.00,36.00,89.00
159.00,172.00,36.00,89.00
158.00,170.00,36.00,89.00
158.00,169.00,36.00,89.00
157.00,168.00,36.00,89.00
157.00,168.00,36.00,89.00
157.00,167.00,36.00,89.00
158.00,167.00,36.00,89.00
158.00,167.00,36.00,89.00
158.00,168.00,36.00,89.00
158.00,169.00,36.00,89.00
159.00,171.00,36.00,89.00
159.00,172.00,36.00,89.00
160.00,174.00,36.00,89.00
161.00,175.00,36.00,89.00
162.00,177.00,36.00,89.00
162.00,178.00,36.00,89.00
163.00,178.00,36.00,89.00
163.00,179.00,36.00,89.00
164.00,179.00,36.00,89.00
165.00,178.00,36.00,89.00
167.00,178.00,36.00,89.00
169.00,174.00,36.00,89.00
170.00,174.00,36.00,89.00
170.00,174.00,36.00,89.00
171.00,174.00,36.00,89.00
171.00,172.00,36.00,89.00
170.00,171.00,36.00,89.00
169.00,171.00,36.00,89.00
168.00,171.00,36.00,89.00
167.00,173.00,36.00,89.00
167.00,174.00,36.00,89.00
166.00,174.00,36.00,89.00
166.00,174.00,36.00,89.00
163.00,174.00,36.00,89.00
162.00,174.00,36.00,89.00
161.00,175.00,36.00,89.00
161.00,176.00,36.00,89.00
159.00,176.00,36.00,89.00
2
0
0
0
0
1
148.00,187.00,44.85,86.96
2
0
0
0
0
1
141.00,184.00,48.82,91.11
140.00,184.00,48.82,91.11
138.00,184.00,48.82,91.11
138.00,185.00,48.82,91.11
136.00,185.00,48.82,91.11
134.00,186.00,48.82,91.11
2
0
0
0
0
1
143.00,182.00,37.96,95.99
144.00,182.00,37.96,95.99
145.00,183.00,37.96,95.99
147.00,180.00,37.96,95.99
148.00,180.00,37.96,95.99
149.00,178.00,37.96,95.99
150.00,178.00,37.96,95.99
2
0
0
0
0
1
161.00,178.00,50.46,111.01
164.00,178.00,50.46,111.01
167.00,178.00,50.46,111.01
170.00,178.00,50.46,111.01
173.00,178.00,50.46,111.01
137.00,179.00,50.46,111.01
137.00,179.00,50.46,111.01
2
0
0
0
0
1
189.00,173.00,50.75,114.83
189.00,173.00,50.75,114.83
189.00,173.00,50.75,114.83
189.00,173.00,50.75,114.83
189.00,173.00,50.75,114.83
189.00,173.00,50.75,114.83
189.00,173.00,50.75,114.83
189.00,172.00,50.75,114.83
192.00,171.00,50.75,114.83
190.00,171.00,50.75,114.83
191.00,171.00,50.75,114.83
191.00,171.00,50.75,114.83
192.00,170.00,50.75,114.83
153.00,173.00,50.75,114.83
154.00,173.00,50.75,114.83
2
0
0
0
0
1
209.00,159.00,56.11,124.98
210.00,159.00,56.11,124.98
212.00,157.00,56.11,124.98
213.00,156.00,56.11,124.98
214.00,156.00,56.11,124.98
215.00,155.00,56.11,124.98
216.00,155.00,56.11,124.98
217.00,154.00,56.11,124.98
217.00,154.00,56.11,124.98
217.00,154.00,56.11,124.98
217.00,154.00,56.11,124.98
217.00,154.00,56.11,124.98
217.00,154.00,56.11,124.98
217.00,154.00,56.11,124.98
217.00,154.00,56.11,124.98
217.00,154.00,56.11,124.98
217.00,154.00,56.11,124.98
217.00,154.00,56.11,124.98
217.00,154.00,56.11,124.98
217.00,154.00,56.11,124.98
217.00,154.00,56.11,124.98
217.00,154.00,56.11,124.98
217.00,154.00,56.11,124.98
217.00,154.00,56.11,124.98
216.00,154.00,56.11,124.98
216.00,154.00,56.11,124.98
216.00,154.00,56.11,124.98
216.00,154.00,56.11,124.98
216.00,154.00,56.11,124.98
216.00,154.00,56.11,124.98
216.00,154.00,56.11,124.98
216.00,154.00,56.11,124.98
217.00,154.00,56.11,124.98
217.00,154.00,56.11,124.98
217.00,154.00,56.11,124.98
217.00,154.00,56.11,124.98
218.00,156.00,56.11,124.98
218.00,156.00,56.11,124.98
219.00,156.00,56.11,124.98
220.00,156.00,56.11,124.98
221.00,156.00,56.11,124.98
221.00,156.00,56.11,124.98
221.00,156.00,56.11,124.98
221.00,156.00,56.11,124.98
223.00,156.00,56.11,124.98
223.00,156.00,56.11,124.98
222.00,155.00,56.11,124.98
221.00,155.00,56.11,124.98
216.00,155.00,56.11,124.98
217.00,155.00,56.11,124.98
216.00,156.00,56.11,124.98
216.00,155.00,56.11,124.98
215.00,156.00,56.11,124.98
211.00,156.00,56.11,124.98
210.00,155.00,56.11,124.98
210.00,153.00,56.11,124.98
210.00,151.00,56.11,124.98
211.00,151.00,56.11,124.98
211.00,149.00,56.11,124.98
212.00,148.00,56.11,124.98
210.00,147.00,56.11,124.98
212.00,147.00,56.11,124.98
2
0
0
0
0
1
210.00,143.00,56.33,140.23
210.00,143.00,56.33,140.23
210.00,143.00,56.33,140.23
210.00,143.00,56.33,140.23
209.00,143.00,56.33,140.23
258.00,141.00,56.33,140.23
257.00,141.00,56.33,140.23
258.00,140.00,56.33,140.23
2
0
0
0
0
1
189.00,146.00,65.37,133.11
189.00,145.00,65.37,133.11
188.00,144.00,65.37,133.11
188.00,143.00,65.37,133.11
188.00,142.00,65.37,133.11
188.00,142.00,65.37,133.11
187.00,142.00,65.37,133.11
187.00,143.00,65.37,133.11
185.00,144.00,65.37,133.11
182.00,144.00,65.37,133.11
181.00,145.00,65.37,133.11
180.00,146.00,65.37,133.11
180.00,148.00,65.37,133.11
179.00,150.00,65.37,133.11
177.00,149.00,65.37,133.11
177.00,149.00,65.37,133.11
176.00,147.00,65.37,133.11
177.00,145.00,65.37,133.11
180.00,144.00,65.37,133.11
181.00,144.00,65.37,133.11
184.00,142.00,65.37,133.11
184.00,141.00,65.37,133.11
185.00,140.00,65.37,133.11
2
0
0
0
0
1
161.00,146.00,77.07,140.64
160.00,145.00,77.07,140.64
159.00,145.00,77.07,140.64
159.00,145.00,77.07,140.64
159.00,145.00,77.07,140.64
160.00,145.00,77.07,140.64
159.00,145.00,77.07,140.64
160.00,145.00,77.07,140.64
160.00,145.00,77.07,140.64
161.00,145.00,77.07,140.64
105.00,145.00,77.07,140.64
108.00,145.00,77.07,140.64
109.00,145.00,77.07,140.64
108.00,145.00,77.07,140.64
108.00,145.00,77.07,140.64
103.00,144.00,77.07,140.64
2
0
0
0
0
1
182.00,140.00,55.25,149.78
182.00,140.00,55.25,149.78
183.00,140.00,55.25,149.78
149.00,141.00,55.25,149.78
141.00,141.00,55.25,149.78
2
0
0
0
0
1
186.00,135.00,65.04,158.46
187.00,136.00,65.04,158.46
188.00,137.00,65.04,158.46
191.00,137.00,65.04,158.46
2
0
0
0
0
1
185.00,130.00,84.78,168.51
186.00,130.00,84.78,168.51
187.00,130.00,84.78,168.51
190.00,130.00,84.78,168.51
192.00,130.00,84.78,168.51
196.00,130.00,84.78,168.51
121.00,132.00,84.78,168.51
2
0
0
0
0
1
214.00,129.00,90.34,175.28
215.00,129.00,90.34,175.28
216.00,130.00,90.34,175.28
187.00,131.00,90.34,175.28
188.00,131.00,90.34,175.28
189.00,131.00,90.34,175.28
159.00,132.00,90.34,175.28
153.00,132.00,90.34,175.28
150.00,132.00,90.34,175.28
146.00,133.00,90.34,175.28
141.00,133.00,90.34,175.28
2
0
0
0
0
1
228.00,128.00,83.32,178.53
227.00,128.00,83.32,178.53
207.00,128.00,83.32,178.53
2
0
0
0
0
1
237.00,142.00,47.28,152.18
237.00,142.00,47.28,152.18
236.00,142.00,47.28,152.18
2
0
0
0
0
1
228.00,143.00,46.77,149.66
227.00,143.00,46.77,149.66
226.00,144.00,46.77,149.66
225.00,144.00,46.77,149.66
223.00,144.00,46.77,149.66
221.00,144.00,46.77,149.66
221.00,144.00,46.77,149.66
220.00,144.00,46.77,149.66
219.00,144.00,46.77,149.66
218.00,145.00,46.77,149.66
218.00,145.00,46.77,149.66
218.00,145.00,46.77,149.66
219.00,145.00,46.77,149.66
228.00,145.00,46.77,149.66
228.00,145.00,46.77,149.66
226.00,145.00,46.77,149.66
226.00,145.00,46.77,149.66
234.00,146.00,46.77,149.66
235.00,146.00,46.77,149.66
236.00,146.00,46.77,149.66
238.00,146.00,46.77,149.66
241.00,146.00,46.77,149.66
243.00,146.00,46.77,149.66
247.00,146.00,46.77,149.66
249.00,146.00,46.77,149.66
253.00,146.00,46.77,149.66
254.00,140.00,46.77,149.66
257.00,146.00,46.77,149.66
219.00,98.00,46.77,149.66
2
0
0
0
0
1
265.00,138.00,53.86,153.35
267.00,140.00,53.86,153.35
273.00,139.00,53.86,153.35
275.00,137.00,53.86,153.35
287.00,143.00,53.86,153.35
288.00,142.00,53.86,153.35
2
0
0
0
0
1
283.00,143.00,50.86,155.32
285.00,144.00,50.86,155.32
287.00,144.00,50.86,155.32
288.00,144.00,50.86,155.32
289.00,145.00,50.86,155.32
291.00,145.00,50.86,155.32
294.00,144.00,50.86,155.32
296.00,145.00,50.86,155.32
298.00,147.00,50.86,155.32
301.00,146.00,50.86,155.32
304.00,147.00,50.86,155.32
305.00,151.00,50.86,155.32
308.00,150.00,50.86,155.32
312.00,150.00,50.86,155.32
313.00,154.00,50.86,155.32
2
0
0
0
0
1
320.00,136.00,56.64,177.06
322.00,137.00,56.64,177.06
2
0
0
0
0
1
328.00,132.00,59.95,185.62
328.00,133.00,59.95,185.62
329.00,133.00,59.95,185.62
330.00,132.00,59.95,185.62
333.00,132.00,59.95,185.62
2
0
