0.00209410 0
0.00249380 1
0.00375440 1
0.00186430 1
0.00178580 1
0.00179760 1
0.00486150 1
0.00187840 1
0.00174680 1
0.00174470 1
0.00409650 1
0.00183610 1
0.00171390 1
0.00174360 1
0.00174710 1
0.00189840 1
0.00178300 1
0.00176280 1
0.00168190 1
0.00233540 1
0.00177940 1
0.00164200 1
0.00176240 1
0.00175280 1
0.00214240 1
0.00171490 1
0.00178780 1
0.00171420 1
0.00171150 1
0.00190710 1
0.00212070 1
0.00178640 1
0.00172990 1
0.00178520 1
0.00206630 1
0.00193900 1
0.00172120 1
0.00168680 1
0.00173550 1
0.00198200 1
0.00168380 1
0.00169970 1
0.00171310 1
0.00172290 1
0.00170850 1
0.00193340 1
0.00205450 1
0.00177320 1
0.00211260 1
0.00231070 1
0.00194750 1
0.00189800 1
0.00205520 1
0.00186140 1
0.00203690 1
0.00177850 1
0.00216250 1
0.00207630 1
0.00176840 1
0.00205150 1
0.00171470 1
0.00174200 1
0.00180220 1
0.00170270 1
0.00199480 1
0.00182270 1
0.00256460 1
0.00230160 1
0.00257490 1
0.00241030 1
0.00244670 1
0.00215330 1
0.00279160 1
0.00198310 1
0.00185380 1
0.00229630 1
0.00223420 1
0.00283940 1
0.00220500 1
0.00218760 1
0.00221080 1
0.00217340 1
0.00192790 1
0.00184790 1
0.00186660 1
0.00231770 1
0.00182810 1
0.00177460 1
0.00186090 1
0.00176680 1
0.00221630 1
0.00190570 1
0.00199010 1
0.00209410 1
0.00268400 1
0.00444230 1
0.00360750 1
0.00272430 1
0.00212180 1
0.00232660 1
0.00235540 1
0.00211870 1
0.00200250 1
0.00235040 1
0.00217820 1
0.00232290 1
0.00304270 1
0.00284800 1
0.00228020 1
0.00247840 1
0.00194250 1
0.00252130 1
0.00273200 1
0.00229590 1
0.00244930 1
0.00209890 1
0.00245450 1
0.00269480 1
0.00241450 1
0.00236500 1
0.00231920 1
0.00223620 1
0.00232610 1
-
-
-
-
0.00273640 0
0.00348090 1
0.00372080 1
0.00329400 1
0.00469560 1
0.00508740 1
0.00616570 1
0.00399920 1
0.00390710 1
0.00379930 1
0.00356810 1
0.00339470 1
0.00308970 1
0.00550700 1
0.00373440 1
0.00354310 1
0.00433900 1
0.00415300 1
0.00425800 1
0.00420190 1
0.00392950 1
0.00358430 1
0.00334320 1
0.00590120 1
0.00407370 1
0.00293040 1
0.00288730 1
0.00261580 1
0.00284430 1
0.00366020 1
0.00302680 1
0.00259760 1
0.00321810 1
0.00402420 1
0.00299530 1
0.00261190 1
0.00286330 1
0.00350070 1
0.00419480 1
0.00287950 1
0.00262400 1
0.00242420 1
0.00241090 1
0.00242390 1
0.00246130 1
0.00240300 1
0.00245910 1
0.00239880 1
0.00262700 1
0.00236620 1
0.00268160 1
0.00309330 1
0.00340640 1
0.00280900 1
0.00306950 1
0.00325140 1
0.00266240 1
0.00258130 1
0.00254750 1
0.00257850 1
0.00289060 1
0.00294590 1
0.00281610 1
0.00246550 1
0.00278260 1
0.00370650 1
0.00290810 1
0.00361980 1
0.00484870 1
0.00257870 1
0.00251260 1
0.00241920 1
0.00253840 1
0.00367300 1
0.00291070 1
0.00246810 1
0.00317660 1
0.00310330 1
0.00298930 1
0.00263760 1
0.00296360 1
0.00265940 1
0.00257160 1
0.00283550 1
0.00263290 1
0.00238990 1
0.00235730 1
0.00248120 1
0.00239730 1
0.00273860 1
0.00413430 1
0.00261530 1
