0.00209410
0.00249380
0.00375440
0.00186430
0.00178580
0.00179760
0.00486150
0.00187840
0.00174680
0.00174470
0.00409650
0.00183610
0.00171390
0.00174360
0.00174710
0.00189840
0.00178300
0.00176280
0.00168190
0.00233540
0.00177940
0.00164200
0.00176240
0.00175280
0.00214240
0.00171490
0.00178780
0.00171420
0.00171150
0.00190710
0.00212070
0.00178640
0.00172990
0.00178520
0.00206630
0.00193900
0.00172120
0.00168680
0.00173550
0.00198200
0.00168380
0.00169970
0.00171310
0.00172290
0.00170850
0.00193340
0.00205450
0.00177320
0.00211260
0.00231070
0.00194750
0.00189800
0.00205520
0.00186140
0.00203690
0.00177850
0.00216250
0.00207630
0.00176840
0.00205150
0.00171470
0.00174200
0.00180220
0.00170270
0.00199480
0.00182270
0.00256460
0.00230160
0.00257490
0.00241030
0.00244670
0.00215330
0.00279160
0.00198310
0.00185380
0.00229630
0.00223420
0.00283940
0.00220500
0.00218760
0.00221080
0.00217340
0.00192790
0.00184790
0.00186660
0.00231770
0.00182810
0.00177460
0.00186090
0.00176680
0.00221630
0.00190570
0.00199010
0.00209410
0.00268400
0.00444230
0.00360750
0.00272430
0.00212180
0.00232660
0.00235540
0.00211870
0.00200250
0.00235040
0.00217820
0.00232290
0.00304270
0.00284800
0.00228020
0.00247840
0.00194250
0.00252130
0.00273200
0.00229590
0.00244930
0.00209890
0.00245450
0.00269480
0.00241450
0.00236500
0.00231920
0.00223620
0.00232610
0.00000000
0.00000000
0.00000000
0.00000000
0.00273640
0.00348090
0.00372080
0.00329400
0.00469560
0.00508740
0.00616570
0.00399920
0.00390710
0.00379930
0.00356810
0.00339470
0.00308970
0.00550700
0.00373440
0.00354310
0.00433900
0.00415300
0.00425800
0.00420190
0.00392950
0.00358430
0.00334320
0.00590120
0.00407370
0.00293040
0.00288730
0.00261580
0.00284430
0.00366020
0.00302680
0.00259760
0.00321810
0.00402420
0.00299530
0.00261190
0.00286330
0.00350070
0.00419480
0.00287950
0.00262400
0.00242420
0.00241090
0.00242390
0.00246130
0.00240300
0.00245910
0.00239880
0.00262700
0.00236620
0.00268160
0.00309330
0.00340640
0.00280900
0.00306950
0.00325140
0.00266240
0.00258130
0.00254750
0.00257850
0.00289060
0.00294590
0.00281610
0.00246550
0.00278260
0.00370650
0.00290810
0.00361980
0.00484870
0.00257870
0.00251260
0.00241920
0.00253840
0.00367300
0.00291070
0.00246810
0.00317660
0.00310330
0.00298930
0.00263760
0.00296360
0.00265940
0.00257160
0.00283550
0.00263290
0.00238990
0.00235730
0.00248120
0.00239730
0.00273860
0.00413430
0.00261530
