0.00816630 0
0.00207520 1
0.00201590 1
0.00394310 1
0.00205890 1
0.00205890 1
0.00213850 1
0.00198310 1
0.00212230 1
0.00204370 1
0.00196420 1
0.00198960 1
0.00209520 1
0.00235770 1
0.00329130 1
0.00198060 1
0.00211260 1
0.00203360 1
0.00191120 1
0.00196880 1
0.00196240 1
0.00194210 1
0.00196060 1
0.00212080 1
0.00196490 1
0.00192740 1
0.00229600 1
0.00278850 1
0.00215940 1
0.00206180 1
0.00195460 1
0.00203310 1
0.00197350 1
0.00201060 1
0.00193320 1
0.00200400 1
0.00189670 1
0.00198030 1
0.00197690 1
0.00205510 1
0.00193430 1
0.00202620 1
0.00196430 1
0.00203240 1
0.00193600 1
0.00201350 1
0.00190840 1
0.00247290 1
0.00199210 1
0.00197420 1
0.00198920 1
0.00196860 1
0.00193170 1
0.00316760 1
0.00196180 1
0.00196440 1
0.00242110 1
0.00195480 1
0.00208290 1
0.00283830 1
0.00279760 1
0.00208550 1
0.00206500 1
0.00192400 1
0.00227570 1
0.00248710 1
0.00211370 1
0.00214070 1
0.00214070 1
0.00208460 1
0.00209320 1
0.00216110 1
0.00253330 1
0.00286240 1
0.00222730 1
0.00223360 1
0.00210760 1
0.00211020 1
0.00206880 1
0.00247870 1
0.00305450 1
0.00215090 1
0.00206810 1
0.00210200 1
0.00210520 1
0.00209510 1
0.00232410 1
0.00216610 1
0.00212920 1
0.00208950 1
0.00206760 1
0.00203990 1
0.00205480 1
0.00202680 1
0.00203180 1
0.00214280 1
0.00209760 1
0.00201470 1
0.00215130 1
0.00209930 1
0.00204750 1
0.00208520 1
0.00202180 1
0.00201260 1
0.00211540 1
0.00251660 1
0.00321120 1
0.00206290 1
0.00202890 1
0.00225290 1
0.00245240 1
0.00208940 1
0.00203990 1
0.00208950 1
0.00206540 1
0.00202350 1
0.00195460 1
0.00203120 1
0.00245480 1
0.00300920 1
0.00214160 1
0.00208350 1
0.00202540 1
0.00211330 1
0.00218870 1
0.00288820 1
0.00254470 1
0.00209410 1
0.00216060 1
0.00323560 1
0.00222080 1
0.00227260 1
0.00294240 1
0.00227660 1
0.00220180 1
0.00208240 1
0.00219530 1
0.00338720 1
0.00248280 1
0.00324710 1
0.00217580 1
0.00263070 1
0.00211640 1
0.00221660 1
0.00211890 1
0.00209670 1
0.00222680 1
0.00205840 1
0.00200670 1
0.00207170 1
0.00216200 1
0.00264570 1
0.00315890 1
0.00239300 1
0.00244300 1
0.00266610 1
0.00235580 1
0.00248400 1
0.00469340 1
0.00344310 1
0.00751650 1
0.00526600 1
0.00245490 1
0.00282440 1
0.00232520 1
0.00237490 1
0.00236080 1
0.00216350 1
0.00216480 1
0.00195950 1
0.00210420 1
0.00197370 1
0.00196190 1
0.00194120 1
0.00202160 1
0.00192550 1
0.00198340 1
0.00196200 1
0.00195350 1
0.00192320 1
0.00202200 1
0.00192820 1
0.00198970 1
0.00196260 1
0.00233080 1
0.00294350 1
0.00198540 1
0.00194490 1
0.00196520 1
0.00196100 1
0.00195060 1
0.00192610 1
0.00197090 1
0.00195410 1
0.00194250 1
0.00212570 1
0.00193070 1
0.00220220 1
0.00272100 1
0.00210440 1
0.00204320 1
0.00202560 1
0.00193440 1
0.00200640 1
0.00196170 1
0.00197610 1
0.00194670 1
0.00197730 1
0.00193400 1
0.00204640 1
0.00199110 1
0.00198220 1
0.00192890 1
0.00213180 1
0.00194190 1
0.00208850 1
0.00214640 1
0.00218470 1
0.00198130 1
0.00209700 1
0.00193800 1
0.00196410 1
0.00193190 1
0.00197790 1
0.00325190 1
0.00211340 1
0.00196700 1
0.00193680 1
0.00207040 1
0.00201020 1
0.00223580 1
0.00332600 1
0.00207980 1
0.00197500 1
0.00244240 1
0.00264550 1
0.00203070 1
0.00198790 1
0.00209250 1
0.00196960 1
0.00200090 1
0.00196580 1
0.00192550 1
0.00221520 1
0.00285270 1
0.00194870 1
0.00197900 1
0.00195890 1
0.00194410 1
0.00197980 1
0.00223750 1
0.00274500 1
0.00201850 1
0.00210740 1
0.00225440 1
0.00200700 1
0.00194670 1
0.00226090 1
0.00202660 1
0.00197070 1
0.00229830 1
0.00250540 1
0.00224360 1
0.00233730 1
0.00228840 1
0.00218500 1
0.00243710 1
0.00225820 1
0.00334450 1
0.00244230 1
0.00245420 1
0.00215710 1
0.00208350 1
0.00214480 1
0.00210270 1
0.00207110 1
0.00240880 1
0.00296450 1
0.00213120 1
0.00207530 1
0.00208520 1
0.00206960 1
0.00209450 1
0.00210410 1
0.00300330 1
0.00287660 1
0.00232120 1
0.00227900 1
0.00239220 1
0.00261930 1
0.00344130 1
0.00235850 1
0.00342210 1
0.00243260 1
0.00238920 1
0.00265760 1
0.00481180 1
0.00367600 1
0.00243040 1
0.00233600 1
0.00229840 1
0.00213630 1
0.00239600 1
0.00452800 1
0.00278520 1
0.00237870 1
0.00211370 1
0.00234560 1
0.00416810 1
0.00479440 1
0.00396490 1
-
-
-
-
0.02072050 0
0.00994830 1
0.00606500 1
0.00977630 1
0.00619330 1
0.00833870 1
0.00581340 1
0.00559890 1
0.00556480 1
0.00661900 1
0.00585460 1
0.00635490 1
0.00632340 1
0.00483530 1
0.00550970 1
0.00514910 1
0.00522960 1
0.00604300 1
0.00646000 1
0.00539770 1
0.00514640 1
0.00532240 1
0.00517570 1
0.00550810 1
0.00652400 1
0.00526970 1
0.00564040 1
0.00497600 1
0.00538390 1
0.00605230 1
0.00700290 1
0.00536530 1
0.00543950 1
0.00499630 1
0.00535060 1
0.00588970 1
0.00481740 1
0.00475700 1
0.00479440 1
0.00493550 1
0.00527830 1
0.00604380 1
0.00479930 1
0.00473640 1
0.00475970 1
0.00479910 1
0.00487370 1
0.00465050 1
0.00534520 1
0.00490550 1
0.00513880 1
0.00510510 1
0.00794980 1
0.00465780 1
0.00598630 1
0.00502720 1
0.00521470 1
0.00526040 1
0.00624400 1
0.00482730 1
0.00468300 1
0.00465910 1
0.00462430 1
0.00475400 1
0.00472320 1
0.00465610 1
0.00464750 1
0.00476050 1
0.00515290 1
0.00592460 1
0.00486950 1
0.00463080 1
0.00477610 1
0.00482280 1
0.00614710 1
0.00618020 1
0.00546970 1
0.00477230 1
0.00484020 1
0.00488960 1
0.00490730 1
0.00572220 1
0.00485860 1
0.00497290 1
0.00469900 1
