0.00816630
0.00207520
0.00201590
0.00394310
0.00205890
0.00205890
0.00213850
0.00198310
0.00212230
0.00204370
0.00196420
0.00198960
0.00209520
0.00235770
0.00329130
0.00198060
0.00211260
0.00203360
0.00191120
0.00196880
0.00196240
0.00194210
0.00196060
0.00212080
0.00196490
0.00192740
0.00229600
0.00278850
0.00215940
0.00206180
0.00195460
0.00203310
0.00197350
0.00201060
0.00193320
0.00200400
0.00189670
0.00198030
0.00197690
0.00205510
0.00193430
0.00202620
0.00196430
0.00203240
0.00193600
0.00201350
0.00190840
0.00247290
0.00199210
0.00197420
0.00198920
0.00196860
0.00193170
0.00316760
0.00196180
0.00196440
0.00242110
0.00195480
0.00208290
0.00283830
0.00279760
0.00208550
0.00206500
0.00192400
0.00227570
0.00248710
0.00211370
0.00214070
0.00214070
0.00208460
0.00209320
0.00216110
0.00253330
0.00286240
0.00222730
0.00223360
0.00210760
0.00211020
0.00206880
0.00247870
0.00305450
0.00215090
0.00206810
0.00210200
0.00210520
0.00209510
0.00232410
0.00216610
0.00212920
0.00208950
0.00206760
0.00203990
0.00205480
0.00202680
0.00203180
0.00214280
0.00209760
0.00201470
0.00215130
0.00209930
0.00204750
0.00208520
0.00202180
0.00201260
0.00211540
0.00251660
0.00321120
0.00206290
0.00202890
0.00225290
0.00245240
0.00208940
0.00203990
0.00208950
0.00206540
0.00202350
0.00195460
0.00203120
0.00245480
0.00300920
0.00214160
0.00208350
0.00202540
0.00211330
0.00218870
0.00288820
0.00254470
0.00209410
0.00216060
0.00323560
0.00222080
0.00227260
0.00294240
0.00227660
0.00220180
0.00208240
0.00219530
0.00338720
0.00248280
0.00324710
0.00217580
0.00263070
0.00211640
0.00221660
0.00211890
0.00209670
0.00222680
0.00205840
0.00200670
0.00207170
0.00216200
0.00264570
0.00315890
0.00239300
0.00244300
0.00266610
0.00235580
0.00248400
0.00469340
0.00344310
0.00751650
0.00526600
0.00245490
0.00282440
0.00232520
0.00237490
0.00236080
0.00216350
0.00216480
0.00195950
0.00210420
0.00197370
0.00196190
0.00194120
0.00202160
0.00192550
0.00198340
0.00196200
0.00195350
0.00192320
0.00202200
0.00192820
0.00198970
0.00196260
0.00233080
0.00294350
0.00198540
0.00194490
0.00196520
0.00196100
0.00195060
0.00192610
0.00197090
0.00195410
0.00194250
0.00212570
0.00193070
0.00220220
0.00272100
0.00210440
0.00204320
0.00202560
0.00193440
0.00200640
0.00196170
0.00197610
0.00194670
0.00197730
0.00193400
0.00204640
0.00199110
0.00198220
0.00192890
0.00213180
0.00194190
0.00208850
0.00214640
0.00218470
0.00198130
0.00209700
0.00193800
0.00196410
0.00193190
0.00197790
0.00325190
0.00211340
0.00196700
0.00193680
0.00207040
0.00201020
0.00223580
0.00332600
0.00207980
0.00197500
0.00244240
0.00264550
0.00203070
0.00198790
0.00209250
0.00196960
0.00200090
0.00196580
0.00192550
0.00221520
0.00285270
0.00194870
0.00197900
0.00195890
0.00194410
0.00197980
0.00223750
0.00274500
0.00201850
0.00210740
0.00225440
0.00200700
0.00194670
0.00226090
0.00202660
0.00197070
0.00229830
0.00250540
0.00224360
0.00233730
0.00228840
0.00218500
0.00243710
0.00225820
0.00334450
0.00244230
0.00245420
0.00215710
0.00208350
0.00214480
0.00210270
0.00207110
0.00240880
0.00296450
0.00213120
0.00207530
0.00208520
0.00206960
0.00209450
0.00210410
0.00300330
0.00287660
0.00232120
0.00227900
0.00239220
0.00261930
0.00344130
0.00235850
0.00342210
0.00243260
0.00238920
0.00265760
0.00481180
0.00367600
0.00243040
0.00233600
0.00229840
0.00213630
0.00239600
0.00452800
0.00278520
0.00237870
0.00211370
0.00234560
0.00416810
0.00479440
0.00396490
0.00000000
0.00000000
0.00000000
0.00000000
0.02072050
0.00994830
0.00606500
0.00977630
0.00619330
0.00833870
0.00581340
0.00559890
0.00556480
0.00661900
0.00585460
0.00635490
0.00632340
0.00483530
0.00550970
0.00514910
0.00522960
0.00604300
0.00646000
0.00539770
0.00514640
0.00532240
0.00517570
0.00550810
0.00652400
0.00526970
0.00564040
0.00497600
0.00538390
0.00605230
0.00700290
0.00536530
0.00543950
0.00499630
0.00535060
0.00588970
0.00481740
0.00475700
0.00479440
0.00493550
0.00527830
0.00604380
0.00479930
0.00473640
0.00475970
0.00479910
0.00487370
0.00465050
0.00534520
0.00490550
0.00513880
0.00510510
0.00794980
0.00465780
0.00598630
0.00502720
0.00521470
0.00526040
0.00624400
0.00482730
0.00468300
0.00465910
0.00462430
0.00475400
0.00472320
0.00465610
0.00464750
0.00476050
0.00515290
0.00592460
0.00486950
0.00463080
0.00477610
0.00482280
0.00614710
0.00618020
0.00546970
0.00477230
0.00484020
0.00488960
0.00490730
0.00572220
0.00485860
0.00497290
0.00469900
