0.00168840
0.00128010
0.00191700
0.00143130
0.00159370
0.00185500
0.00122990
0.00110180
0.00133610
0.00207580
0.00183310
0.00118030
0.00118580
0.00123920
0.00119240
0.00126850
0.00119770
0.00112140
0.00113750
0.00120700
0.00159100
0.00218880
0.00128880
0.00117440
0.00119370
0.00118560
0.00151060
0.00115160
0.00117920
0.00113740
0.00124620
0.00118770
0.00114370
0.00111340
0.00121840
0.00111560
0.00115490
0.00113150
0.00124800
0.00126800
0.00121440
0.00111990
0.00127310
0.00112040
0.00119030
0.00108180
0.00151110
0.00111520
0.00122850
0.00108280
0.00123270
0.00103390
0.00111500
0.00108620
0.00123720
0.00129240
0.00115180
0.00105590
0.00125180
0.00109050
0.00114450
0.00109240
0.00127040
0.00105050
0.00111500
0.00110070
0.00142200
0.00108530
0.00128300
0.00106870
0.00124410
0.00107660
0.00112880
0.00134960
0.00124200
0.00104400
0.00112700
0.00108330
0.00113900
0.00109230
0.00138640
0.00110990
0.00119600
0.00110800
0.00115630
0.00111850
0.00116740
0.00165650
0.00131240
0.00109330
0.00113330
0.00115010
0.00114710
0.00111860
0.00123060
0.00124920
0.00127880
0.00127490
0.00125600
0.00130170
0.00134420
0.00106370
0.00116020
0.00120560
0.00113450
0.00108680
0.00142830
0.00170210
0.00134850
0.00143650
0.00127630
0.00107350
0.00151640
0.00114680
0.00117600
0.00115230
0.00124350
0.00133330
0.00121200
0.00125180
0.00111730
0.00103490
0.00124220
0.00124580
0.00112960
0.00105840
0.00146250
0.00107510
0.00110420
0.00106850
0.00139040
0.00104400
0.00118040
0.00131680
0.00129450
0.00117320
0.00133190
0.00111400
0.00127610
0.00110670
0.00119970
0.00107860
0.00126170
0.00125750
0.00125680
0.00118590
0.00126950
0.00115550
0.00137690
0.00109170
0.00124040
0.00136520
0.00146240
0.00128350
0.00122400
0.00112050
0.00125920
0.00138070
0.00159130
0.00116420
0.00130050
0.00115320
0.00121830
0.00110360
0.00114660
0.00112980
0.00175850
0.00150890
0.00127820
0.00117940
0.00155810
0.00266660
0.00131340
0.00122190
0.00131790
0.00121730
0.00169540
0.00122220
0.00113210
0.00110420
0.00109570
0.00101320
0.00113700
0.00108820
0.00129700
0.00123710
0.00132020
0.00000000
0.00000000
0.00000000
0.00000000
0.00308400
0.00423870
0.00419210
0.00414930
0.00430960
0.00424730
0.00428440
0.00453470
0.00458820
0.00451390
0.00456590
0.00446020
0.00467650
0.00459990
0.00450850
0.00489660
0.00428900
0.00438110
0.00439880
0.00454360
0.00456260
0.00513000
0.00437930
0.00435980
0.00448670
0.00448900
0.00456180
0.00438590
0.00436540
0.00454060
0.00504600
0.00427690
0.00504970
0.00431060
0.00527280
0.00452130
0.00439600
0.00555480
0.00452460
0.00526960
0.00504100
0.00474150
0.00599100
0.00475760
0.00547320
0.00535360
0.00435730
0.00587500
0.00450170
0.00546840
0.00812150
0.01041780
0.01353160
0.00698800
0.00514410
0.00462630
0.00525390
0.01012690
0.00855810
0.01958030
0.00599870
0.00481670
0.00000000
0.00000000
0.00000000
0.00000000
0.00179490
0.00442320
0.00523590
0.00254210
0.00242310
0.00470300
0.00228280
0.00262440
0.00383400
0.00219790
0.00219920
0.00212460
0.00208610
0.00215640
0.00210340
0.00226360
0.00224450
0.00222910
0.00233430
0.00246890
0.00348660
0.00282000
0.00604860
0.00276810
0.00780730
0.00226490
0.00220720
0.00233540
0.00237500
0.00211020
0.00221680
0.00218440
0.00235930
0.00226300
0.00235040
0.00219310
0.00227610
0.00226100
0.00229480
0.00264350
0.00262090
0.00255450
0.00287920
0.00239300
0.00245430
0.00266930
0.00240310
0.00242060
0.00215310
0.00450300
0.00279110
0.00223510
0.00245130
0.00248270
0.00255770
0.00462620
0.00336410
0.00227190
0.00245140
0.00397820
0.00226360
0.00271490
0.00217310
0.00266340
0.00209790
0.00209280
0.00205150
0.00278380
0.00227900
0.00211540
0.00212020
0.00252040
0.00229140
0.00198940
0.00248750
0.00207510
0.00305130
0.00197580
0.00219810
0.00189450
0.00251440
0.00195580
0.00214830
0.00190950
0.00199140
0.00226240
0.00190100
0.00161230
0.00178550
0.00177110
0.00207640
0.00171460
0.00192720
0.00171820
0.00179270
0.00170600
0.00201320
0.00176640
0.00168160
0.00172740
0.00210600
0.00213250
0.00177780
0.00176750
0.00167950
0.00175870
0.00171370
0.00195950
0.00166880
0.00172980
0.00181420
0.00171890
0.00171240
0.00174680
0.00168070
0.00194890
0.00165810
0.00195030
0.00217300
0.00176470
0.00181400
0.00174460
0.00167670
0.00175540
0.00168950
0.00187070
0.00177840
0.00170830
0.00167140
0.00191340
0.00177710
0.00169780
0.00166440
0.00158280
0.00166240
0.00200240
0.00183820
0.00247410
0.00194500
0.00195210
0.00218220
0.00231020
0.00203220
0.00186210
0.00184900
0.00190160
0.00189340
0.00172460
0.00196620
0.00178780
0.00238050
0.00209110
0.00204350
0.00178480
0.00193310
0.00182360
0.00200530
0.00188070
0.00226720
0.00220610
0.00216210
0.00190350
0.00182230
0.00200840
0.00181660
0.00200210
0.00174870
0.00184590
0.00173650
0.00208850
0.00182670
0.00227460
0.00222720
0.00250130
0.00260760
0.00250400
0.00180390
0.00251670
0.00175030
0.00257770
0.00188240
0.00233610
0.00180570
0.00297170
0.00235430
0.00208590
0.00195190
0.00192130
0.00239520
0.00196130
0.00206790
0.00214300
0.00287610
0.00210580
0.00265270
0.00189880
0.00248970
0.00258320
0.00262260
0.00192230
0.00208540
0.00283780
0.00197010
0.00252130
0.00200550
0.00291900
0.00193580
0.00177390
0.00185650
0.00245180
0.00268290
0.00181380
0.00203980
0.00181980
0.00229960
0.00186320
0.00230290
0.00198960
0.00209930
0.00216210
0.00248660
0.00175840
0.00246060
0.00229670
0.00310880
0.00192660
0.00268650
0.00232460
0.00203240
0.00192300
0.00180210
0.00192270
0.00226310
0.00197070
0.00184740
0.00188300
0.00211760
0.00241000
0.00189200
0.00187280
0.00189440
0.00238600
0.00188010
0.00186020
0.00206980
0.00192040
0.00228170
0.00248450
0.00183750
0.00212570
0.00279640
0.00250190
0.00185120
0.00244660
0.00245320
0.00242430
0.00175960
0.00248920
0.00196290
0.00310780
0.00195190
0.00291510
0.00185500
0.00326630
0.00192090
0.00245160
0.00181750
0.00284540
0.00259860
0.00190700
0.00197950
0.00189470
0.00279270
0.00209560
0.00211270
0.00183870
0.00249580
0.00269630
0.00191830
0.00187870
0.00183930
0.00324820
0.00229540
0.00197220
0.00194160
0.00320980
0.00272240
0.00180500
0.00184080
0.00172540
0.00294340
0.00186820
0.00178870
0.00200630
0.00169530
0.00297030
0.00174350
0.00244980
0.00179130
0.00302350
0.00196810
0.00263870
0.00187970
0.00329070
0.00299020
0.00193000
0.00279420
0.00268730
0.00201510
0.00185590
0.00237950
0.00190010
0.00337240
0.00199580
0.00183390
0.00201340
0.00294480
0.00259920
0.00184340
0.00273980
0.00258240
0.00204730
0.00178460
0.00216560
0.00193030
0.00290360
0.00212030
0.00191330
0.00182790
0.00317310
0.00207690
0.00183280
0.00187900
0.00241960
0.00249500
0.00178440
0.00198330
0.00197800
0.00295660
0.00186260
0.00190090
0.00169550
0.00178370
0.00286320
0.00188630
