0.00168840 0
0.00128010 1
0.00191700 1
0.00143130 1
0.00159370 1
0.00185500 1
0.00122990 1
0.00110180 1
0.00133610 1
0.00207580 1
0.00183310 1
0.00118030 1
0.00118580 1
0.00123920 1
0.00119240 1
0.00126850 1
0.00119770 1
0.00112140 1
0.00113750 1
0.00120700 1
0.00159100 1
0.00218880 1
0.00128880 1
0.00117440 1
0.00119370 1
0.00118560 1
0.00151060 1
0.00115160 1
0.00117920 1
0.00113740 1
0.00124620 1
0.00118770 1
0.00114370 1
0.00111340 1
0.00121840 1
0.00111560 1
0.00115490 1
0.00113150 1
0.00124800 1
0.00126800 1
0.00121440 1
0.00111990 1
0.00127310 1
0.00112040 1
0.00119030 1
0.00108180 1
0.00151110 1
0.00111520 1
0.00122850 1
0.00108280 1
0.00123270 1
0.00103390 1
0.00111500 1
0.00108620 1
0.00123720 1
0.00129240 1
0.00115180 1
0.00105590 1
0.00125180 1
0.00109050 1
0.00114450 1
0.00109240 1
0.00127040 1
0.00105050 1
0.00111500 1
0.00110070 1
0.00142200 1
0.00108530 1
0.00128300 1
0.00106870 1
0.00124410 1
0.00107660 1
0.00112880 1
0.00134960 1
0.00124200 1
0.00104400 1
0.00112700 1
0.00108330 1
0.00113900 1
0.00109230 1
0.00138640 1
0.00110990 1
0.00119600 1
0.00110800 1
0.00115630 1
0.00111850 1
0.00116740 1
0.00165650 1
0.00131240 1
0.00109330 1
0.00113330 1
0.00115010 1
0.00114710 1
0.00111860 1
0.00123060 1
0.00124920 1
0.00127880 1
0.00127490 1
0.00125600 1
0.00130170 1
0.00134420 1
0.00106370 1
0.00116020 1
0.00120560 1
0.00113450 1
0.00108680 1
0.00142830 1
0.00170210 1
0.00134850 1
0.00143650 1
0.00127630 1
0.00107350 1
0.00151640 1
0.00114680 1
0.00117600 1
0.00115230 1
0.00124350 1
0.00133330 1
0.00121200 1
0.00125180 1
0.00111730 1
0.00103490 1
0.00124220 1
0.00124580 1
0.00112960 1
0.00105840 1
0.00146250 1
0.00107510 1
0.00110420 1
0.00106850 1
0.00139040 1
0.00104400 1
0.00118040 1
0.00131680 1
0.00129450 1
0.00117320 1
0.00133190 1
0.00111400 1
0.00127610 1
0.00110670 1
0.00119970 1
0.00107860 1
0.00126170 1
0.00125750 1
0.00125680 1
0.00118590 1
0.00126950 1
0.00115550 1
0.00137690 1
0.00109170 1
0.00124040 1
0.00136520 1
0.00146240 1
0.00128350 1
0.00122400 1
0.00112050 1
0.00125920 1
0.00138070 1
0.00159130 1
0.00116420 1
0.00130050 1
0.00115320 1
0.00121830 1
0.00110360 1
0.00114660 1
0.00112980 1
0.00175850 1
0.00150890 1
0.00127820 1
0.00117940 1
0.00155810 1
0.00266660 1
0.00131340 1
0.00122190 1
0.00131790 1
0.00121730 1
0.00169540 1
0.00122220 1
0.00113210 1
0.00110420 1
0.00109570 1
0.00101320 1
0.00113700 1
0.00108820 1
0.00129700 1
0.00123710 1
0.00132020 1
-
-
-
-
0.00308400 0
0.00423870 1
0.00419210 1
0.00414930 1
0.00430960 1
0.00424730 1
0.00428440 1
0.00453470 1
0.00458820 1
0.00451390 1
0.00456590 1
0.00446020 1
0.00467650 1
0.00459990 1
0.00450850 1
0.00489660 1
0.00428900 1
0.00438110 1
0.00439880 1
0.00454360 1
0.00456260 1
0.00513000 1
0.00437930 1
0.00435980 1
0.00448670 1
0.00448900 1
0.00456180 1
0.00438590 1
0.00436540 1
0.00454060 1
0.00504600 1
0.00427690 1
0.00504970 1
0.00431060 1
0.00527280 1
0.00452130 1
0.00439600 1
0.00555480 1
0.00452460 1
0.00526960 1
0.00504100 1
0.00474150 1
0.00599100 1
0.00475760 1
0.00547320 1
0.00535360 1
0.00435730 1
0.00587500 1
0.00450170 1
0.00546840 1
0.00812150 1
0.01041780 1
0.01353160 1
0.00698800 1
0.00514410 1
0.00462630 1
0.00525390 1
0.01012690 1
0.00855810 1
0.01958030 1
0.00599870 1
0.00481670 1
-
-
-
-
0.00179490 0
0.00442320 1
0.00523590 1
0.00254210 1
0.00242310 1
0.00470300 1
0.00228280 1
0.00262440 1
0.00383400 1
0.00219790 1
0.00219920 1
0.00212460 1
0.00208610 1
0.00215640 1
0.00210340 1
0.00226360 1
0.00224450 1
0.00222910 1
0.00233430 1
0.00246890 1
0.00348660 1
0.00282000 1
0.00604860 1
0.00276810 1
0.00780730 1
0.00226490 1
0.00220720 1
0.00233540 1
0.00237500 1
0.00211020 1
0.00221680 1
0.00218440 1
0.00235930 1
0.00226300 1
0.00235040 1
0.00219310 1
0.00227610 1
0.00226100 1
0.00229480 1
0.00264350 1
0.00262090 1
0.00255450 1
0.00287920 1
0.00239300 1
0.00245430 1
0.00266930 1
0.00240310 1
0.00242060 1
0.00215310 1
0.00450300 1
0.00279110 1
0.00223510 1
0.00245130 1
0.00248270 1
0.00255770 1
0.00462620 1
0.00336410 1
0.00227190 1
0.00245140 1
0.00397820 1
0.00226360 1
0.00271490 1
0.00217310 1
0.00266340 1
0.00209790 1
0.00209280 1
0.00205150 1
0.00278380 1
0.00227900 1
0.00211540 1
0.00212020 1
0.00252040 1
0.00229140 1
0.00198940 1
0.00248750 1
0.00207510 1
0.00305130 1
0.00197580 1
0.00219810 1
0.00189450 1
0.00251440 1
0.00195580 1
0.00214830 1
0.00190950 1
0.00199140 1
0.00226240 1
0.00190100 1
0.00161230 1
0.00178550 1
0.00177110 1
0.00207640 1
0.00171460 1
0.00192720 1
0.00171820 1
0.00179270 1
0.00170600 1
0.00201320 1
0.00176640 1
0.00168160 1
0.00172740 1
0.00210600 1
0.00213250 1
0.00177780 1
0.00176750 1
0.00167950 1
0.00175870 1
0.00171370 1
0.00195950 1
0.00166880 1
0.00172980 1
0.00181420 1
0.00171890 1
0.00171240 1
0.00174680 1
0.00168070 1
0.00194890 1
0.00165810 1
0.00195030 1
0.00217300 1
0.00176470 1
0.00181400 1
0.00174460 1
0.00167670 1
0.00175540 1
0.00168950 1
0.00187070 1
0.00177840 1
0.00170830 1
0.00167140 1
0.00191340 1
0.00177710 1
0.00169780 1
0.00166440 1
0.00158280 1
0.00166240 1
0.00200240 1
0.00183820 1
0.00247410 1
0.00194500 1
0.00195210 1
0.00218220 1
0.00231020 1
0.00203220 1
0.00186210 1
0.00184900 1
0.00190160 1
0.00189340 1
0.00172460 1
0.00196620 1
0.00178780 1
0.00238050 1
0.00209110 1
0.00204350 1
0.00178480 1
0.00193310 1
0.00182360 1
0.00200530 1
0.00188070 1
0.00226720 1
0.00220610 1
0.00216210 1
0.00190350 1
0.00182230 1
0.00200840 1
0.00181660 1
0.00200210 1
0.00174870 1
0.00184590 1
0.00173650 1
0.00208850 1
0.00182670 1
0.00227460 1
0.00222720 1
0.00250130 1
0.00260760 1
0.00250400 1
0.00180390 1
0.00251670 1
0.00175030 1
0.00257770 1
0.00188240 1
0.00233610 1
0.00180570 1
0.00297170 1
0.00235430 1
0.00208590 1
0.00195190 1
0.00192130 1
0.00239520 1
0.00196130 1
0.00206790 1
0.00214300 1
0.00287610 1
0.00210580 1
0.00265270 1
0.00189880 1
0.00248970 1
0.00258320 1
0.00262260 1
0.00192230 1
0.00208540 1
0.00283780 1
0.00197010 1
0.00252130 1
0.00200550 1
0.00291900 1
0.00193580 1
0.00177390 1
0.00185650 1
0.00245180 1
0.00268290 1
0.00181380 1
0.00203980 1
0.00181980 1
0.00229960 1
0.00186320 1
0.00230290 1
0.00198960 1
0.00209930 1
0.00216210 1
0.00248660 1
0.00175840 1
0.00246060 1
0.00229670 1
0.00310880 1
0.00192660 1
0.00268650 1
0.00232460 1
0.00203240 1
0.00192300 1
0.00180210 1
0.00192270 1
0.00226310 1
0.00197070 1
0.00184740 1
0.00188300 1
0.00211760 1
0.00241000 1
0.00189200 1
0.00187280 1
0.00189440 1
0.00238600 1
0.00188010 1
0.00186020 1
0.00206980 1
0.00192040 1
0.00228170 1
0.00248450 1
0.00183750 1
0.00212570 1
0.00279640 1
0.00250190 1
0.00185120 1
0.00244660 1
0.00245320 1
0.00242430 1
0.00175960 1
0.00248920 1
0.00196290 1
0.00310780 1
0.00195190 1
0.00291510 1
0.00185500 1
0.00326630 1
0.00192090 1
0.00245160 1
0.00181750 1
0.00284540 1
0.00259860 1
0.00190700 1
0.00197950 1
0.00189470 1
0.00279270 1
0.00209560 1
0.00211270 1
0.00183870 1
0.00249580 1
0.00269630 1
0.00191830 1
0.00187870 1
0.00183930 1
0.00324820 1
0.00229540 1
0.00197220 1
0.00194160 1
0.00320980 1
0.00272240 1
0.00180500 1
0.00184080 1
0.00172540 1
0.00294340 1
0.00186820 1
0.00178870 1
0.00200630 1
0.00169530 1
0.00297030 1
0.00174350 1
0.00244980 1
0.00179130 1
0.00302350 1
0.00196810 1
0.00263870 1
0.00187970 1
0.00329070 1
0.00299020 1
0.00193000 1
0.00279420 1
0.00268730 1
0.00201510 1
0.00185590 1
0.00237950 1
0.00190010 1
0.00337240 1
0.00199580 1
0.00183390 1
0.00201340 1
0.00294480 1
0.00259920 1
0.00184340 1
0.00273980 1
0.00258240 1
0.00204730 1
0.00178460 1
0.00216560 1
0.00193030 1
0.00290360 1
0.00212030 1
0.00191330 1
0.00182790 1
0.00317310 1
0.00207690 1
0.00183280 1
0.00187900 1
0.00241960 1
0.00249500 1
0.00178440 1
0.00198330 1
0.00197800 1
0.00295660 1
0.00186260 1
0.00190090 1
0.00169550 1
0.00178370 1
0.00286320 1
0.00188630 1
