1
201.35,113.74,46.13,46.58
201.35,113.74,46.13,46.58
200.35,114.74,46.13,46.58
200.35,114.74,46.13,46.58
200.35,115.74,46.13,46.58
199.35,116.74,46.13,46.58
199.35,116.74,46.13,46.58
198.35,116.74,46.13,46.58
198.35,117.74,46.13,46.58
197.35,118.74,46.13,46.58
197.35,118.74,46.13,46.58
196.35,119.74,46.13,46.58
196.35,119.74,46.13,46.58
196.35,120.74,46.13,46.58
195.35,120.74,46.13,46.58
195.35,121.74,46.13,46.58
195.35,121.74,46.13,46.58
194.35,122.74,46.13,46.58
194.35,122.74,46.13,46.58
194.35,123.74,46.13,46.58
194.35,123.74,46.13,46.58
193.35,123.74,46.13,46.58
193.35,123.74,46.13,46.58
192.35,123.74,46.13,46.58
192.35,123.74,46.13,46.58
191.35,124.74,46.13,46.58
191.35,124.74,46.13,46.58
191.35,124.74,46.13,46.58
190.35,123.74,46.13,46.58
190.35,123.74,46.13,46.58
189.35,122.74,46.13,46.58
189.35,122.74,46.13,46.58
189.35,121.74,46.13,46.58
188.35,121.74,46.13,46.58
188.35,121.74,46.13,46.58
188.35,121.74,46.13,46.58
188.35,121.74,46.13,46.58
188.35,121.74,46.13,46.58
188.35,122.74,46.13,46.58
188.35,122.74,46.13,46.58
188.35,122.74,46.13,46.58
188.35,122.74,46.13,46.58
188.35,122.74,46.13,46.58
188.35,122.74,46.13,46.58
188.35,122.74,46.13,46.58
188.35,123.74,46.13,46.58
188.35,123.74,46.13,46.58
187.35,123.74,46.13,46.58
187.35,123.74,46.13,46.58
187.35,123.74,46.13,46.58
187.35,123.74,46.13,46.58
187.35,123.74,46.13,46.58
186.35,125.74,46.13,46.58
184.35,127.74,46.13,46.58
182.35,128.74,46.13,46.58
181.35,128.74,46.13,46.58
181.35,128.74,46.13,46.58
181.35,129.74,46.13,46.58
179.35,130.74,46.13,46.58
177.35,132.74,46.13,46.58
173.35,134.74,46.13,46.58
168.35,137.74,46.13,46.58
163.35,143.74,46.13,46.58
178.35,141.74,46.13,46.58
173.35,144.74,46.13,46.58
168.35,149.74,46.13,46.58
164.35,153.74,46.13,46.58
159.35,157.74,46.13,46.58
155.35,161.74,46.13,46.58
134.35,152.74,46.13,46.58
129.35,159.74,46.13,46.58
125.35,166.74,46.13,46.58
136.35,158.74,46.13,46.58
132.35,162.74,46.13,46.58
127.35,167.74,46.13,46.58
124.35,170.74,46.13,46.58
123.35,171.74,46.13,46.58
124.35,171.74,46.13,46.58
129.35,151.74,46.13,46.58
127.35,151.74,46.13,46.58
127.35,151.74,46.13,46.58
128.35,150.74,46.13,46.58
130.35,149.74,46.13,46.58
133.35,149.74,46.13,46.58
136.35,149.74,46.13,46.58
137.35,149.74,46.13,46.58
141.35,147.74,46.13,46.58
151.35,132.74,46.13,46.58
150.35,133.74,46.13,46.58
150.35,135.74,46.13,46.58
151.35,137.74,46.13,46.58
150.35,139.74,46.13,46.58
150.35,141.74,46.13,46.58
150.35,142.74,46.13,46.58
150.35,144.74,46.13,46.58
149.35,147.74,46.13,46.58
152.35,147.74,46.13,46.58
150.35,151.74,46.13,46.58
152.35,137.74,46.13,46.58
150.35,141.74,46.13,46.58
147.35,145.74,46.13,46.58
145.35,148.74,46.13,46.58
144.35,151.74,46.13,46.58
143.35,153.74,46.13,46.58
142.35,155.74,46.13,46.58
143.35,156.74,46.13,46.58
144.35,156.74,46.13,46.58
145.35,135.74,46.13,46.58
142.35,137.74,46.13,46.58
139.35,139.74,46.13,46.58
137.35,141.74,46.13,46.58
137.35,143.74,46.13,46.58
138.35,144.74,46.13,46.58
139.35,146.74,46.13,46.58
141.35,147.74,46.13,46.58
143.35,147.74,46.13,46.58
146.35,147.74,46.13,46.58
149.35,147.74,46.13,46.58
152.35,146.74,46.13,46.58
160.35,132.74,46.13,46.58
159.35,134.74,46.13,46.58
159.35,136.74,46.13,46.58
159.35,140.74,46.13,46.58
158.35,144.74,46.13,46.58
158.35,148.74,46.13,46.58
157.35,152.74,46.13,46.58
156.35,155.74,46.13,46.58
156.35,157.74,46.13,46.58
146.35,139.74,46.13,46.58
143.35,143.74,46.13,46.58
140.35,146.74,46.13,46.58
138.35,149.74,46.13,46.58
135.35,153.74,46.13,46.58
134.35,155.74,46.13,46.58
133.35,157.74,46.13,46.58
133.35,158.74,46.13,46.58
132.35,159.74,46.13,46.58
129.35,160.74,46.13,46.58
125.35,156.74,46.13,46.58
123.35,151.74,46.13,46.58
128.35,149.74,46.13,46.58
127.35,144.74,46.13,46.58
124.35,135.74,46.13,46.58
119.35,125.74,46.13,46.58
114.35,116.74,46.13,46.58
109.35,106.74,46.13,46.58
109.35,118.74,46.13,46.58
107.35,115.74,46.13,46.58
105.35,111.74,46.13,46.58
103.35,106.74,46.13,46.58
99.35,102.74,46.13,46.58
96.35,97.74,46.13,46.58
93.35,93.74,46.13,46.58
89.35,89.74,46.13,46.58
85.35,85.74,46.13,46.58
83.35,85.74,46.13,46.58
80.35,84.74,46.13,46.58
77.35,84.74,46.13,46.58
79.35,107.74,46.13,46.58
78.35,105.74,46.13,46.58
78.35,103.74,46.13,46.58
77.35,101.74,46.13,46.58
77.35,100.74,46.13,46.58
76.35,99.74,46.13,46.58
75.35,97.74,46.13,46.58
92.35,106.74,46.13,46.58
90.35,102.74,46.13,46.58
89.35,98.74,46.13,46.58
87.35,95.74,46.13,46.58
84.35,92.74,46.13,46.58
82.35,90.74,46.13,46.58
80.35,90.74,46.13,46.58
78.35,90.74,46.13,46.58
74.35,107.74,46.13,46.58
72.35,107.74,46.13,46.58
69.35,106.74,46.13,46.58
67.35,105.74,46.13,46.58
64.35,104.74,46.13,46.58
61.35,102.74,46.13,46.58
59.35,98.74,46.13,46.58
63.35,96.74,46.13,46.58
71.35,96.74,46.13,46.58
84.35,97.74,46.13,46.58
85.35,91.74,46.13,46.58
87.35,91.74,46.13,46.58
2
0
0
0
0
1
183.78,128.40,53.88,55.02
174.78,120.40,53.88,55.02
181.78,127.40,53.88,55.02
190.78,126.40,53.88,55.02
185.78,134.40,53.88,55.02
170.78,130.40,53.88,55.02
161.78,112.40,53.88,55.02
151.78,91.40,53.88,55.02
155.78,91.40,53.88,55.02
149.78,97.40,53.88,55.02
154.78,92.40,53.88,55.02
155.78,89.40,53.88,55.02
155.78,90.40,53.88,55.02
155.78,89.40,53.88,55.02
156.78,95.40,53.88,55.02
155.78,87.40,53.88,55.02
153.78,96.40,53.88,55.02
157.78,94.40,53.88,55.02
156.78,101.40,53.88,55.02
161.78,94.40,53.88,55.02
154.78,92.40,53.88,55.02
156.78,88.40,53.88,55.02
156.78,92.40,53.88,55.02
159.78,89.40,53.88,55.02
159.78,88.40,53.88,55.02
153.78,88.40,53.88,55.02
147.78,88.40,53.88,55.02
140.78,87.40,53.88,55.02
134.78,87.40,53.88,55.02
129.78,87.40,53.88,55.02
125.78,87.40,53.88,55.02
122.78,87.40,53.88,55.02
119.78,87.40,53.88,55.02
117.78,87.40,53.88,55.02
115.78,87.40,53.88,55.02
113.78,87.40,53.88,55.02
113.78,87.40,53.88,55.02
113.78,87.40,53.88,55.02
113.78,87.40,53.88,55.02
113.78,87.40,53.88,55.02
114.78,88.40,53.88,55.02
114.78,88.40,53.88,55.02
114.78,88.40,53.88,55.02
115.78,88.40,53.88,55.02
116.78,88.40,53.88,55.02
117.78,88.40,53.88,55.02
117.78,88.40,53.88,55.02
118.78,88.40,53.88,55.02
119.78,89.40,53.88,55.02
118.78,89.40,53.88,55.02
111.78,92.40,53.88,55.02
109.78,91.40,53.88,55.02
108.78,89.40,53.88,55.02
106.78,90.40,53.88,55.02
109.78,89.40,53.88,55.02
110.78,87.40,53.88,55.02
110.78,88.40,53.88,55.02
110.78,87.40,53.88,55.02
111.78,88.40,53.88,55.02
113.78,88.40,53.88,55.02
2
0
0
0
0
1
118.14,145.87,51.84,54.10
118.14,147.87,51.84,54.10
121.14,148.87,51.84,54.10
122.14,149.87,51.84,54.10
122.14,152.87,51.84,54.10
132.14,129.87,51.84,54.10
130.14,130.87,51.84,54.10
129.14,132.87,51.84,54.10
130.14,134.87,51.84,54.10
129.14,136.87,51.84,54.10
128.14,138.87,51.84,54.10
136.14,116.87,51.84,54.10
132.14,118.87,51.84,54.10
129.14,120.87,51.84,54.10
142.14,107.87,51.84,54.10
136.14,108.87,51.84,54.10
130.14,111.87,51.84,54.10
125.14,114.87,51.84,54.10
120.14,117.87,51.84,54.10
116.14,120.87,51.84,54.10
113.14,122.87,51.84,54.10
124.14,108.87,51.84,54.10
119.14,111.87,51.84,54.10
114.14,114.87,51.84,54.10
111.14,117.87,51.84,54.10
108.14,119.87,51.84,54.10
107.14,121.87,51.84,54.10
108.14,122.87,51.84,54.10
109.14,123.87,51.84,54.10
114.14,101.87,51.84,54.10
112.14,102.87,51.84,54.10
110.14,103.87,51.84,54.10
109.14,105.87,51.84,54.10
108.14,106.87,51.84,54.10
109.14,107.87,51.84,54.10
112.14,109.87,51.84,54.10
113.14,110.87,51.84,54.10
140.14,103.87,51.84,54.10
140.14,103.87,51.84,54.10
139.14,103.87,51.84,54.10
137.14,103.87,51.84,54.10
135.14,103.87,51.84,54.10
133.14,104.87,51.84,54.10
130.14,105.87,51.84,54.10
127.14,106.87,51.84,54.10
123.14,107.87,51.84,54.10
120.14,110.87,51.84,54.10
117.14,112.87,51.84,54.10
114.14,115.87,51.84,54.10
112.14,117.87,51.84,54.10
110.14,119.87,51.84,54.10
109.14,120.87,51.84,54.10
110.14,121.87,51.84,54.10
110.14,121.87,51.84,54.10
109.14,121.87,51.84,54.10
109.14,121.87,51.84,54.10
109.14,121.87,51.84,54.10
107.14,122.87,51.84,54.10
105.14,124.87,51.84,54.10
102.14,126.87,51.84,54.10
100.14,128.87,51.84,54.10
98.14,129.87,51.84,54.10
97.14,130.87,51.84,54.10
96.14,130.87,51.84,54.10
94.14,131.87,51.84,54.10
92.14,131.87,51.84,54.10
91.14,131.87,51.84,54.10
89.14,130.87,51.84,54.10
88.14,129.87,51.84,54.10
86.14,129.87,51.84,54.10
84.14,129.87,51.84,54.10
81.14,129.87,51.84,54.10
77.14,129.87,51.84,54.10
72.14,129.87,51.84,54.10
68.14,130.87,51.84,54.10
71.14,129.87,51.84,54.10
84.14,128.87,51.84,54.10
95.14,125.87,51.84,54.10
104.14,120.87,51.84,54.10
108.14,116.87,51.84,54.10
114.14,112.87,51.84,54.10
118.14,107.87,51.84,54.10
97.14,126.87,51.84,54.10
91.14,122.87,51.84,54.10
84.14,117.87,51.84,54.10
80.14,114.87,51.84,54.10
78.14,111.87,51.84,54.10
54.14,121.87,51.84,54.10
54.14,116.87,51.84,54.10
58.14,112.87,51.84,54.10
70.14,143.87,51.84,54.10
71.14,144.87,51.84,54.10
75.14,145.87,51.84,54.10
80.14,145.87,51.84,54.10
86.14,146.87,51.84,54.10
92.14,146.87,51.84,54.10
97.14,147.87,51.84,54.10
102.14,147.87,51.84,54.10
80.14,148.87,51.84,54.10
85.14,144.87,51.84,54.10
92.14,139.87,51.84,54.10
100.14,134.87,51.84,54.10
90.14,152.87,51.84,54.10
94.14,147.87,51.84,54.10
99.14,141.87,51.84,54.10
105.14,136.87,51.84,54.10
112.14,132.87,51.84,54.10
98.14,142.87,51.84,54.10
102.14,135.87,51.84,54.10
107.14,130.87,51.84,54.10
126.14,148.87,51.84,54.10
128.14,147.87,51.84,54.10
130.14,145.87,51.84,54.10
133.14,144.87,51.84,54.10
135.14,143.87,51.84,54.10
138.14,142.87,51.84,54.10
140.14,141.87,51.84,54.10
143.14,141.87,51.84,54.10
146.14,141.87,51.84,54.10
148.14,141.87,51.84,54.10
150.14,141.87,51.84,54.10
152.14,140.87,51.84,54.10
153.14,139.87,51.84,54.10
155.14,138.87,51.84,54.10
159.14,137.87,51.84,54.10
157.14,143.87,51.84,54.10
160.14,139.87,51.84,54.10
165.14,133.87,51.84,54.10
170.14,129.87,51.84,54.10
177.14,123.87,51.84,54.10
169.14,133.87,51.84,54.10
174.14,127.87,51.84,54.10
177.14,127.87,51.84,54.10
181.14,124.87,51.84,54.10
186.14,122.87,51.84,54.10
187.14,122.87,51.84,54.10
191.14,118.87,51.84,54.10
197.14,113.87,51.84,54.10
201.14,110.87,51.84,54.10
205.14,107.87,51.84,54.10
209.14,104.87,51.84,54.10
213.14,112.87,51.84,54.10
217.14,108.87,51.84,54.10
220.14,105.87,51.84,54.10
222.14,102.87,51.84,54.10
220.14,102.87,51.84,54.10
214.14,105.87,51.84,54.10
209.14,108.87,51.84,54.10
203.14,110.87,51.84,54.10
207.14,111.87,51.84,54.10
199.14,114.87,51.84,54.10
192.14,119.87,51.84,54.10
188.14,121.87,51.84,54.10
185.14,124.87,51.84,54.10
182.14,129.87,51.84,54.10
187.14,123.87,51.84,54.10
184.14,125.87,51.84,54.10
181.14,128.87,51.84,54.10
179.14,132.87,51.84,54.10
178.14,132.87,51.84,54.10
174.14,137.87,51.84,54.10
172.14,143.87,51.84,54.10
169.14,147.87,51.84,54.10
166.14,152.87,51.84,54.10
165.14,155.87,51.84,54.10
163.14,157.87,51.84,54.10
162.14,158.87,51.84,54.10
163.14,158.87,51.84,54.10
163.14,157.87,51.84,54.10
163.14,157.87,51.84,54.10
164.14,155.87,51.84,54.10
163.14,154.87,51.84,54.10
161.14,153.87,51.84,54.10
161.14,152.87,51.84,54.10
158.14,151.87,51.84,54.10
155.14,151.87,51.84,54.10
153.14,151.87,51.84,54.10
149.14,152.87,51.84,54.10
143.14,154.87,51.84,54.10
137.14,158.87,51.84,54.10
131.14,161.87,51.84,54.10
145.14,163.87,51.84,54.10
143.14,161.87,51.84,54.10
140.14,159.87,51.84,54.10
136.14,156.87,51.84,54.10
133.14,154.87,51.84,54.10
132.14,151.87,51.84,54.10
129.14,148.87,51.84,54.10
131.14,146.87,51.84,54.10
130.14,142.87,51.84,54.10
139.14,159.87,51.84,54.10
144.14,155.87,51.84,54.10
146.14,151.87,51.84,54.10
145.14,148.87,51.84,54.10
144.14,145.87,51.84,54.10
141.14,144.87,51.84,54.10
135.14,142.87,51.84,54.10
134.14,141.87,51.84,54.10
129.14,141.87,51.84,54.10
126.14,142.87,51.84,54.10
126.14,143.87,51.84,54.10
123.14,144.87,51.84,54.10
123.14,146.87,51.84,54.10
126.14,147.87,51.84,54.10
129.14,149.87,51.84,54.10
132.14,150.87,51.84,54.10
136.14,150.87,51.84,54.10
138.14,151.87,51.84,54.10
141.14,152.87,51.84,54.10
146.14,153.87,51.84,54.10
149.14,154.87,51.84,54.10
151.14,155.87,51.84,54.10
152.14,155.87,51.84,54.10
152.14,155.87,51.84,54.10
152.14,154.87,51.84,54.10
152.14,153.87,51.84,54.10
151.14,151.87,51.84,54.10
150.14,149.87,51.84,54.10
148.14,147.87,51.84,54.10
146.14,146.87,51.84,54.10
144.14,145.87,51.84,54.10
140.14,144.87,51.84,54.10
137.14,143.87,51.84,54.10
133.14,142.87,51.84,54.10
129.14,140.87,51.84,54.10
125.14,139.87,51.84,54.10
120.14,137.87,51.84,54.10
116.14,136.87,51.84,54.10
114.14,136.87,51.84,54.10
111.14,139.87,51.84,54.10
108.14,139.87,51.84,54.10
106.14,140.87,51.84,54.10
105.14,141.87,51.84,54.10
104.14,141.87,51.84,54.10
103.14,142.87,51.84,54.10
102.14,142.87,51.84,54.10
101.14,142.87,51.84,54.10
100.14,142.87,51.84,54.10
100.14,142.87,51.84,54.10
100.14,142.87,51.84,54.10
100.14,142.87,51.84,54.10
99.14,143.87,51.84,54.10
98.14,144.87,51.84,54.10
99.14,145.87,51.84,54.10
98.14,146.87,51.84,54.10
98.14,147.87,51.84,54.10
98.14,148.87,51.84,54.10
97.14,150.87,51.84,54.10
99.14,151.87,51.84,54.10
99.14,152.87,51.84,54.10
100.14,153.87,51.84,54.10
102.14,154.87,51.84,54.10
102.14,155.87,51.84,54.10
103.14,156.87,51.84,54.10
117.14,155.87,51.84,54.10
136.14,155.87,51.84,54.10
156.14,159.87,51.84,54.10
176.14,167.87,51.84,54.10
189.14,172.87,51.84,54.10
201.14,174.87,51.84,54.10
205.14,179.87,51.84,54.10
207.14,188.87,51.84,54.10
208.14,190.87,51.84,54.10
206.14,191.87,51.84,54.10
199.14,194.87,51.84,54.10
198.14,195.87,51.84,54.10
194.14,192.87,51.84,54.10
193.14,193.87,51.84,54.10
196.14,191.87,51.84,54.10
198.14,189.87,51.84,54.10
200.14,188.87,51.84,54.10
203.14,187.87,51.84,54.10
203.14,186.87,51.84,54.10
205.14,186.87,51.84,54.10
203.14,186.87,51.84,54.10
202.14,186.87,51.84,54.10
202.14,186.87,51.84,54.10
197.14,185.87,51.84,54.10
196.14,185.87,51.84,54.10
194.14,184.87,51.84,54.10
190.14,183.87,51.84,54.10
188.14,180.87,51.84,54.10
185.14,179.87,51.84,54.10
183.14,177.87,51.84,54.10
180.14,175.87,51.84,54.10
179.14,173.87,51.84,54.10
176.14,172.87,51.84,54.10
175.14,172.87,51.84,54.10
175.14,170.87,51.84,54.10
174.14,170.87,51.84,54.10
152.14,178.87,51.84,54.10
151.14,174.87,51.84,54.10
153.14,168.87,51.84,54.10
156.14,162.87,51.84,54.10
153.14,173.87,51.84,54.10
154.14,168.87,51.84,54.10
157.14,163.87,51.84,54.10
161.14,156.87,51.84,54.10
155.14,166.87,51.84,54.10
156.14,162.87,51.84,54.10
158.14,156.87,51.84,54.10
161.14,150.87,51.84,54.10
157.14,161.87,51.84,54.10
159.14,157.87,51.84,54.10
162.14,152.87,51.84,54.10
166.14,147.87,51.84,54.10
166.14,162.87,51.84,54.10
167.14,158.87,51.84,54.10
169.14,153.87,51.84,54.10
172.14,148.87,51.84,54.10
172.14,162.87,51.84,54.10
173.14,159.87,51.84,54.10
175.14,154.87,51.84,54.10
177.14,150.87,51.84,54.10
173.14,162.87,51.84,54.10
171.14,164.87,51.84,54.10
169.14,165.87,51.84,54.10
166.14,167.87,51.84,54.10
163.14,169.87,51.84,54.10
161.14,170.87,51.84,54.10
158.14,172.87,51.84,54.10
155.14,173.87,51.84,54.10
152.14,175.87,51.84,54.10
149.14,176.87,51.84,54.10
146.14,177.87,51.84,54.10
143.14,179.87,51.84,54.10
140.14,180.87,51.84,54.10
138.14,182.87,51.84,54.10
136.14,183.87,51.84,54.10
135.14,185.87,51.84,54.10
133.14,187.87,51.84,54.10
131.14,189.87,51.84,54.10
130.14,191.87,51.84,54.10
129.14,193.87,51.84,54.10
128.14,194.87,51.84,54.10
126.14,196.87,51.84,54.10
126.14,197.87,51.84,54.10
126.14,198.87,51.84,54.10
126.14,198.87,51.84,54.10
125.14,199.87,51.84,54.10
125.14,199.87,51.84,54.10
125.14,200.87,51.84,54.10
123.14,200.87,51.84,54.10
122.14,201.87,51.84,54.10
