0.00702990
0.01009740
0.00746960
0.01032460
0.01010400
0.00803680
0.00709750
0.00735020
0.00671970
0.00703830
0.00648370
0.00685000
0.00557060
0.00589940
0.00642650
0.00564360
0.00544240
0.00576010
0.00669690
0.00567200
0.00631100
0.00648110
0.00593190
0.00583540
0.00552910
0.00555080
0.00551460
0.00596230
0.00670420
0.00573930
0.00580440
0.00668560
0.00589710
0.00549000
0.00588970
0.00570360
0.00655380
0.00742970
0.00712690
0.00580030
0.00604310
0.00564600
0.00634260
0.00587410
0.00659150
0.00689670
0.00643000
0.00624720
0.00718140
0.00653170
0.00615690
0.00593620
0.00589690
0.00635750
0.00655680
0.00745810
0.00768640
0.00722260
0.00744940
0.00626960
0.00653390
0.00623170
0.00654370
0.00599580
0.00641950
0.00670730
0.00643830
0.00648060
0.00610030
0.00579360
0.00656710
0.00684960
0.00725830
0.00613180
0.00672900
0.00676770
0.00606280
0.00643690
0.00635800
0.00613380
0.00583390
0.00641420
0.00693750
0.00634660
0.00615100
0.00837940
0.00671980
0.00681550
0.00691130
0.00732530
0.00675750
0.00794360
0.00803040
0.00602300
0.00618720
0.00629010
0.00612420
0.00617140
0.00654940
0.00690540
0.00655440
0.00663950
0.00748820
0.00706530
0.00700100
0.00638720
0.00817860
0.00786220
0.00680590
0.02733710
0.00646180
0.00542400
0.00606380
0.00561080
0.00582180
0.00563390
0.00615560
0.00629150
0.00601700
0.00703290
0.00597340
0.00575860
0.00000000
0.00000000
0.00000000
0.00000000
0.00774270
0.00821520
0.00964910
0.00826080
0.00874190
0.00770390
0.00690010
0.00578720
0.00600990
0.00749440
0.00579210
0.00718640
0.00697070
0.00579790
0.00603240
0.00561380
0.00649310
0.00732570
0.00688350
0.00631170
0.00736140
0.00592240
0.00659880
0.00701280
0.00647820
0.00616380
0.00627310
0.00636540
0.00780350
0.00624720
0.00668500
0.00732700
0.00635520
0.00630650
0.00745250
0.00618330
0.00630150
0.00602420
0.00663190
0.00774090
0.00638110
0.00648250
0.00890850
0.00629640
0.00600290
0.00590560
0.00622660
0.00585130
0.00605610
0.00681430
0.00707660
0.00569130
0.00590130
0.00651040
0.00547100
0.00643400
0.00568240
0.00640290
0.00688930
0.00595850
0.00599010
0.00700590
0.00611050
0.00823820
0.00703130
0.00640670
0.00561960
0.00586810
0.00607930
0.00658460
0.00558990
0.00600250
0.00694350
0.00575130
0.00585090
0.00644820
0.00664090
0.00614470
0.00563240
0.00647840
0.00644720
0.00594590
0.00581780
0.00708300
0.00592680
0.00615000
0.00555060
0.00555760
0.00602820
0.00548770
0.00704090
0.00661710
0.00578810
