0.00702990 0
0.01009740 1
0.00746960 1
0.01032460 1
0.01010400 1
0.00803680 1
0.00709750 1
0.00735020 1
0.00671970 1
0.00703830 1
0.00648370 1
0.00685000 1
0.00557060 1
0.00589940 1
0.00642650 1
0.00564360 1
0.00544240 1
0.00576010 1
0.00669690 1
0.00567200 1
0.00631100 1
0.00648110 1
0.00593190 1
0.00583540 1
0.00552910 1
0.00555080 1
0.00551460 1
0.00596230 1
0.00670420 1
0.00573930 1
0.00580440 1
0.00668560 1
0.00589710 1
0.00549000 1
0.00588970 1
0.00570360 1
0.00655380 1
0.00742970 1
0.00712690 1
0.00580030 1
0.00604310 1
0.00564600 1
0.00634260 1
0.00587410 1
0.00659150 1
0.00689670 1
0.00643000 1
0.00624720 1
0.00718140 1
0.00653170 1
0.00615690 1
0.00593620 1
0.00589690 1
0.00635750 1
0.00655680 1
0.00745810 1
0.00768640 1
0.00722260 1
0.00744940 1
0.00626960 1
0.00653390 1
0.00623170 1
0.00654370 1
0.00599580 1
0.00641950 1
0.00670730 1
0.00643830 1
0.00648060 1
0.00610030 1
0.00579360 1
0.00656710 1
0.00684960 1
0.00725830 1
0.00613180 1
0.00672900 1
0.00676770 1
0.00606280 1
0.00643690 1
0.00635800 1
0.00613380 1
0.00583390 1
0.00641420 1
0.00693750 1
0.00634660 1
0.00615100 1
0.00837940 1
0.00671980 1
0.00681550 1
0.00691130 1
0.00732530 1
0.00675750 1
0.00794360 1
0.00803040 1
0.00602300 1
0.00618720 1
0.00629010 1
0.00612420 1
0.00617140 1
0.00654940 1
0.00690540 1
0.00655440 1
0.00663950 1
0.00748820 1
0.00706530 1
0.00700100 1
0.00638720 1
0.00817860 1
0.00786220 1
0.00680590 1
0.02733710 1
0.00646180 1
0.00542400 1
0.00606380 1
0.00561080 1
0.00582180 1
0.00563390 1
0.00615560 1
0.00629150 1
0.00601700 1
0.00703290 1
0.00597340 1
0.00575860 1
-
-
-
-
0.00774270 0
0.00821520 1
0.00964910 1
0.00826080 1
0.00874190 1
0.00770390 1
0.00690010 1
0.00578720 1
0.00600990 1
0.00749440 1
0.00579210 1
0.00718640 1
0.00697070 1
0.00579790 1
0.00603240 1
0.00561380 1
0.00649310 1
0.00732570 1
0.00688350 1
0.00631170 1
0.00736140 1
0.00592240 1
0.00659880 1
0.00701280 1
0.00647820 1
0.00616380 1
0.00627310 1
0.00636540 1
0.00780350 1
0.00624720 1
0.00668500 1
0.00732700 1
0.00635520 1
0.00630650 1
0.00745250 1
0.00618330 1
0.00630150 1
0.00602420 1
0.00663190 1
0.00774090 1
0.00638110 1
0.00648250 1
0.00890850 1
0.00629640 1
0.00600290 1
0.00590560 1
0.00622660 1
0.00585130 1
0.00605610 1
0.00681430 1
0.00707660 1
0.00569130 1
0.00590130 1
0.00651040 1
0.00547100 1
0.00643400 1
0.00568240 1
0.00640290 1
0.00688930 1
0.00595850 1
0.00599010 1
0.00700590 1
0.00611050 1
0.00823820 1
0.00703130 1
0.00640670 1
0.00561960 1
0.00586810 1
0.00607930 1
0.00658460 1
0.00558990 1
0.00600250 1
0.00694350 1
0.00575130 1
0.00585090 1
0.00644820 1
0.00664090 1
0.00614470 1
0.00563240 1
0.00647840 1
0.00644720 1
0.00594590 1
0.00581780 1
0.00708300 1
0.00592680 1
0.00615000 1
0.00555060 1
0.00555760 1
0.00602820 1
0.00548770 1
0.00704090 1
0.00661710 1
0.00578810 1
