0.10019130 0
0.02845230 1
0.02792340 1
0.02777560 1
0.02747580 1
0.02731570 1
0.02768810 1
0.02823620 1
0.02772500 1
0.02958160 1
0.02964160 1
0.02902020 1
0.02982120 1
0.02806880 1
0.03043870 1
0.03116150 1
0.02819300 1
0.02908940 1
0.03066750 1
0.02951160 1
0.03024960 1
0.03153200 1
0.03040930 1
0.03027590 1
0.03382130 1
0.03214380 1
0.03385620 1
0.02706200 1
0.02794380 1
0.02754420 1
0.02752750 1
0.02794530 1
0.02650090 1
0.02757640 1
0.02641290 1
0.02764260 1
0.02765090 1
0.02663670 1
0.02632430 1
0.02691130 1
0.02784140 1
0.02775500 1
0.02738330 1
0.02703340 1
0.03107470 1
0.02777020 1
0.02728210 1
0.02924840 1
0.02771540 1
0.02890180 1
0.02706900 1
0.02695010 1
0.02848850 1
0.02704310 1
0.02640140 1
0.02625800 1
0.02725790 1
0.02746810 1
0.02687010 1
0.02655470 1
0.02662610 1
0.02631190 1
0.02728960 1
0.02766000 1
0.02785170 1
0.02787880 1
0.02701780 1
0.02696240 1
0.02692640 1
0.02722620 1
0.02750100 1
0.02734780 1
0.02728050 1
0.02916910 1
0.02772390 1
0.02725530 1
0.02724800 1
0.02711510 1
-
-
-
-
0.08417240 0
0.02641400 1
0.03068840 1
0.02897920 1
0.02629950 1
0.02584070 1
0.02628580 1
0.02670500 1
0.02746280 1
0.02679850 1
0.02624830 1
0.02694380 1
0.02679260 1
0.02551910 1
0.03551940 1
0.03590180 1
0.02772940 1
0.02715530 1
0.02606900 1
0.03741000 1
0.03456490 1
0.03731280 1
0.03897550 1
0.04283290 1
0.04131460 1
0.04378500 1
0.03259110 1
0.03455070 1
0.02822860 1
0.03082090 1
0.03084070 1
0.03333680 1
0.02825920 1
0.02645780 1
0.02640370 1
0.02558660 1
-
-
-
-
0.05123260 0
0.01740560 1
0.01770070 1
0.01594790 1
0.01679880 1
0.01595160 1
0.01634240 1
0.01521660 1
0.01527040 1
0.01598850 1
0.01511810 1
0.01686150 1
0.01692340 1
0.01664290 1
0.01630210 1
0.01661230 1
0.01523180 1
0.01505780 1
0.01464460 1
0.01541940 1
0.01556450 1
0.01765070 1
0.01630070 1
0.01619930 1
0.01551090 1
0.01565740 1
0.01679580 1
0.01740530 1
0.01518750 1
0.01594030 1
0.01507880 1
0.01682800 1
0.01661340 1
0.01573260 1
0.01462240 1
0.01529390 1
0.01516790 1
0.01493420 1
0.01459440 1
0.01532650 1
0.01511430 1
0.01510280 1
