0.10019130
0.02845230
0.02792340
0.02777560
0.02747580
0.02731570
0.02768810
0.02823620
0.02772500
0.02958160
0.02964160
0.02902020
0.02982120
0.02806880
0.03043870
0.03116150
0.02819300
0.02908940
0.03066750
0.02951160
0.03024960
0.03153200
0.03040930
0.03027590
0.03382130
0.03214380
0.03385620
0.02706200
0.02794380
0.02754420
0.02752750
0.02794530
0.02650090
0.02757640
0.02641290
0.02764260
0.02765090
0.02663670
0.02632430
0.02691130
0.02784140
0.02775500
0.02738330
0.02703340
0.03107470
0.02777020
0.02728210
0.02924840
0.02771540
0.02890180
0.02706900
0.02695010
0.02848850
0.02704310
0.02640140
0.02625800
0.02725790
0.02746810
0.02687010
0.02655470
0.02662610
0.02631190
0.02728960
0.02766000
0.02785170
0.02787880
0.02701780
0.02696240
0.02692640
0.02722620
0.02750100
0.02734780
0.02728050
0.02916910
0.02772390
0.02725530
0.02724800
0.02711510
0.00000000
0.00000000
0.00000000
0.00000000
0.08417240
0.02641400
0.03068840
0.02897920
0.02629950
0.02584070
0.02628580
0.02670500
0.02746280
0.02679850
0.02624830
0.02694380
0.02679260
0.02551910
0.03551940
0.03590180
0.02772940
0.02715530
0.02606900
0.03741000
0.03456490
0.03731280
0.03897550
0.04283290
0.04131460
0.04378500
0.03259110
0.03455070
0.02822860
0.03082090
0.03084070
0.03333680
0.02825920
0.02645780
0.02640370
0.02558660
0.00000000
0.00000000
0.00000000
0.00000000
0.05123260
0.01740560
0.01770070
0.01594790
0.01679880
0.01595160
0.01634240
0.01521660
0.01527040
0.01598850
0.01511810
0.01686150
0.01692340
0.01664290
0.01630210
0.01661230
0.01523180
0.01505780
0.01464460
0.01541940
0.01556450
0.01765070
0.01630070
0.01619930
0.01551090
0.01565740
0.01679580
0.01740530
0.01518750
0.01594030
0.01507880
0.01682800
0.01661340
0.01573260
0.01462240
0.01529390
0.01516790
0.01493420
0.01459440
0.01532650
0.01511430
0.01510280
