0.00018400
0.00176080
0.00205570
0.00137160
0.00123020
0.00103780
0.00198030
0.00114830
0.00101740
0.00122570
0.00340730
0.00120440
0.00139170
0.00113380
0.00236670
0.00123150
0.00105510
0.00106070
0.00098760
0.00183630
0.00184060
0.00109630
0.00104790
0.00097690
0.00116760
0.00110250
0.00100380
0.00101660
0.00108770
0.00092660
0.00094240
0.00093800
0.00094530
0.00105760
0.00164500
0.00126350
0.00135060
0.00113800
0.00133290
0.00105590
0.00102890
0.00102340
0.00158030
0.00106300
0.00103200
0.00140500
0.00135620
0.00109600
0.00099180
0.00103530
0.00112560
0.00102280
0.00104450
0.00098750
0.00098660
0.00098120
0.00109950
0.00101410
0.00098110
0.00101110
0.00108990
0.00099420
0.00106790
0.00098140
0.00105230
0.00103520
0.00100930
0.00097880
0.00099270
0.00098550
0.00100730
0.00094960
0.00092870
0.00111520
0.00098190
0.00098410
0.00101110
0.00102090
0.00101280
0.00115410
0.00141570
0.00115380
0.00130690
0.00117020
0.00139840
0.00107140
0.00107410
0.00102400
0.00101090
0.00123930
0.00165720
0.00156380
0.00104760
0.00094310
0.00091970
0.00077580
0.00143860
0.00000000
0.00000000
0.00000000
0.00000000
0.00001810
0.00072090
0.00064050
0.00067360
0.00056860
0.00053730
0.00056960
0.00055740
0.00064070
0.00053830
0.00054470
0.00053570
0.00052900
0.00053530
0.00054040
0.00053480
0.00056880
0.00054750
0.00057970
0.00000000
0.00000000
0.00000000
0.00000000
0.00001710
0.00063320
0.00065070
0.00061670
0.00070050
0.00062220
0.00063240
0.00063420
0.00061640
0.00061200
0.00061390
0.00060910
0.00076670
0.00090520
0.00074600
0.00070270
0.00101740
0.00070950
0.00082960
0.00165620
0.00071060
0.00064000
0.00063230
0.00117620
0.00138190
0.00062230
0.00060890
0.00068230
0.00000000
0.00000000
0.00000000
0.00000000
0.00001780
0.00088810
0.00063700
0.00081720
0.00067890
0.00061590
0.00067350
0.00063700
0.00066760
0.00065160
0.00082830
0.00066930
0.00068450
0.00063270
0.00064910
0.00065060
0.00061370
0.00074540
0.00061120
0.00074610
0.00070740
0.00090460
0.00066620
0.00067680
0.00000000
0.00000000
0.00000000
0.00000000
0.00001920
0.00078010
0.00061080
0.00065000
0.00059470
0.00059110
0.00059340
0.00059290
0.00062160
0.00071050
0.00059400
0.00061660
0.00059340
0.00059210
0.00059350
0.00058950
0.00061640
0.00058910
0.00059250
0.00058810
0.00059290
0.00059180
0.00059470
0.00060380
0.00059050
0.00059140
0.00059280
0.00058790
0.00060710
0.00058660
0.00060430
0.00059850
0.00070380
0.00055350
0.00056120
0.00055510
0.00056210
0.00055680
0.00061360
0.00059500
0.00059330
0.00059860
0.00059070
0.00059030
0.00058970
0.00055660
0.00056420
0.00055360
0.00055680
0.00059110
0.00059410
0.00058960
0.00000000
0.00000000
0.00000000
0.00000000
0.00001490
0.00086060
0.00083470
0.00082390
0.00081730
0.00096220
0.00070350
0.00059330
0.00061200
0.00000000
0.00000000
0.00000000
0.00000000
0.00001760
0.00058900
0.00056100
0.00056050
0.00071300
0.00055850
0.00059110
0.00059010
0.00059080
0.00058950
0.00059030
0.00059030
0.00065880
0.00056850
0.00056170
0.00051350
0.00055030
0.00048080
0.00046690
0.00046840
0.00046450
0.00048720
0.00046810
0.00046510
0.00046460
0.00047550
0.00048300
0.00046450
0.00046760
0.00046600
0.00044000
0.00043920
0.00043900
0.00043950
0.00044600
0.00046400
0.00046510
0.00046580
0.00046780
0.00047510
0.00047160
0.00046870
0.00047150
0.00047540
0.00048480
0.00055290
0.00057650
0.00064670
0.00073850
0.00059490
0.00062090
0.00059290
0.00059250
0.00058990
0.00059520
0.00066760
0.00059480
0.00058960
0.00073880
0.00077450
0.00070120
0.00058990
0.00071700
0.00067360
0.00056540
0.00055820
0.00059200
0.00058980
0.00059110
0.00063880
0.00059000
0.00059350
0.00059320
0.00059190
0.00058810
0.00058680
0.00059510
0.00059310
0.00059220
0.00059630
0.00056120
0.00055710
0.00056250
0.00062230
0.00059840
0.00059400
0.00059600
0.00059060
0.00055430
0.00062170
0.00060230
0.00062120
0.00055920
0.00055940
0.00060480
0.00055390
0.00059280
0.00064090
0.00060070
0.00058890
0.00059140
0.00059040
0.00060160
0.00059180
0.00060440
0.00059500
0.00055540
0.00057330
0.00055700
0.00055860
0.00058350
0.00060800
0.00059390
0.00059070
0.00058920
0.00058930
0.00059160
0.00058980
0.00059570
0.00059310
0.00059220
0.00058840
0.00059370
0.00058860
0.00059330
0.00058770
0.00059270
0.00058980
0.00000000
0.00000000
0.00000000
0.00000000
0.00001410
0.00060420
0.00056830
0.00055780
0.00057870
0.00056070
0.00055750
0.00055600
0.00055560
0.00056250
0.00059290
0.00076150
0.00091430
0.00063750
0.00065890
0.00062870
0.00061140
0.00059600
0.00061110
0.00066860
0.00063840
0.00062670
0.00060920
0.00074720
0.00091400
0.00061820
0.00060180
0.00094380
0.00060590
0.00059430
0.00062670
0.00060810
0.00059190
0.00059100
0.00060890
0.00059070
0.00058890
0.00059910
0.00068730
0.00062510
0.00059140
0.00058890
0.00058860
0.00058980
0.00060200
0.00059590
0.00059080
0.00059320
0.00059100
0.00059820
0.00059890
0.00000000
0.00000000
0.00000000
0.00000000
0.00001460
0.00041040
0.00039170
0.00038410
0.00039890
0.00040180
0.00040310
0.00040010
0.00040440
0.00040380
0.00040340
0.00040100
0.00040190
0.00040060
0.00037870
0.00047920
0.00045470
0.00062690
0.00041610
0.00040690
0.00040200
0.00040360
0.00040350
0.00040070
0.00040810
0.00039810
0.00039730
0.00040910
0.00039830
0.00040280
0.00040770
0.00039810
0.00039850
0.00039610
0.00040080
0.00040150
0.00039990
0.00039780
0.00040270
0.00040030
0.00000000
0.00000000
0.00000000
0.00000000
0.00001380
0.00051040
0.00048540
0.00047300
0.00046080
0.00046460
0.00043580
0.00046250
0.00046340
0.00046320
0.00045960
0.00051270
0.00046490
0.00052750
0.00043750
0.00043760
0.00043450
0.00043500
0.00048680
0.00047610
0.00046460
0.00046370
0.00052500
0.00047880
0.00047020
0.00047080
0.00046300
0.00046750
0.00046420
0.00046520
0.00046410
0.00046450
0.00046540
0.00046770
0.00047010
0.00044820
0.00043810
0.00050130
0.00044370
0.00046520
0.00046580
0.00047970
0.00047480
0.00046210
0.00043850
0.00043930
0.00053800
0.00054420
0.00047450
0.00048040
0.00048870
0.00046930
0.00044640
0.00043840
0.00044400
0.00044340
0.00044330
0.00044350
0.00044270
0.00044250
0.00046140
0.00046300
0.00055070
0.00047210
0.00047060
0.00046030
0.00046020
0.00056070
0.00046150
0.00046470
0.00046980
0.00046840
0.00045770
0.00046380
0.00046130
0.00046210
0.00045940
0.00047400
0.00045830
0.00048060
0.00045830
0.00046470
0.00046150
0.00046090
0.00050380
