0.00013920
0.01597960
0.01484120
0.01613940
0.01477360
0.01159040
0.01553980
0.01600640
0.01887410
0.01602270
0.01417710
0.01187190
0.00000000
0.00000000
0.00000000
0.00000000
0.00012610
0.00954530
0.00966980
0.00904400
0.00939220
0.01107780
0.01188640
0.01031230
0.01082680
0.01112880
0.01033470
0.01013770
0.01109120
0.01185050
0.01076910
0.01002550
0.01110280
0.01205100
0.01320270
0.01155500
0.01180320
0.01101260
0.00976320
0.01008800
0.01025350
0.00985070
0.01153960
0.01221870
0.01026730
0.01200750
0.01350530
0.01047800
0.01001430
0.01237970
0.01084340
0.01074120
0.00999560
0.00531110
0.00539450
0.00545980
0.00685080
0.00000000
0.00000000
0.00000000
0.00000000
0.00027900
0.01327350
0.01045550
0.01247100
0.01016900
0.00982850
0.00963520
0.00974860
0.00939700
0.00951170
0.00942810
0.01115810
0.00957100
0.00946930
0.00942630
0.00954280
0.00943510
0.00994330
0.01105600
0.01089380
0.01081450
0.01089830
0.01101190
0.01079510
0.01080780
0.00967550
0.00959220
0.00903490
0.00954900
0.01086970
0.01218640
0.01169190
0.01048670
0.00952050
0.00974960
0.00949480
0.00952220
0.00957200
0.01001960
0.00955600
0.00977870
0.00950580
0.00974020
0.00945890
0.00959730
0.00959890
0.00962120
0.00949450
0.00962140
0.01217220
0.01122310
0.01047690
0.01019300
0.01069810
0.01288500
0.01183130
0.01066330
0.01050120
0.00960920
0.00963090
0.00978460
0.01026110
0.00968110
0.00983040
0.00962030
0.01411410
0.01344830
0.01098390
0.01000940
0.00978400
0.01002230
0.00983290
0.00993870
0.01064130
0.00985460
0.01011980
0.01775440
0.01003660
0.01032470
0.01172180
0.01188420
0.00966210
0.01056000
0.01179570
0.01609160
0.01205050
0.01072650
0.01080030
0.01202260
0.02568210
0.01138670
0.01189100
0.01126190
0.01114100
0.01414350
0.01247320
0.01188690
0.00957520
0.00997610
0.00990530
0.01013740
0.00975460
0.00918660
0.00962710
0.00894560
0.01056560
0.00776130
0.00723090
0.00762940
0.00734530
0.00741850
0.00748040
0.00000000
0.00000000
0.00000000
0.00000000
0.00011710
0.00666160
0.00624740
0.00626980
0.00661580
0.00630990
0.00661490
0.00660390
0.00582390
0.00593380
0.00574230
0.00510320
0.00536880
0.00529510
0.00567650
0.00584660
0.00644820
0.00719340
0.00642130
0.00552760
0.00548320
0.00845910
0.00887300
0.00844450
0.00806470
0.00799740
0.00822670
0.00835830
0.00798230
0.00808390
0.00779790
0.00775360
0.00768480
0.00787050
0.00778870
0.00779950
0.00812900
0.00776410
0.00790730
0.00798290
0.00788420
0.00812450
0.00769650
0.00804640
0.00785060
0.00811150
0.00891910
0.00809610
0.00856370
0.00901080
0.00886380
0.00929620
0.00866010
0.00911270
0.00871950
0.00762090
0.00965460
0.00851050
0.00845930
0.00901290
0.01737290
0.00930330
0.00786900
0.00828760
0.00805220
0.00874240
0.01412450
0.00774280
0.01507890
0.00729890
0.00785360
0.00801020
0.00786390
0.00811380
0.00809300
0.00790240
0.00795940
0.00777690
0.00789450
0.00793690
0.00781720
0.00778910
0.00663180
0.00687690
0.00787490
0.00837460
0.00673520
0.00642240
0.00617640
0.00665440
0.00676440
0.00652560
0.00671390
0.00740690
0.00778170
0.00739140
0.00776880
0.00650580
0.00622740
0.00681080
0.00653320
0.00618460
0.00626300
0.00670840
0.00615840
0.00588990
0.00555940
0.00576450
0.00583080
0.00599960
0.00660410
0.00678190
0.00000000
0.00000000
0.00000000
