0.01948100
0.00593140
0.00683780
0.00492650
0.00653680
0.00428640
0.00454950
0.00467920
0.00419580
0.00534040
0.00448850
0.00425870
0.00337220
0.00384360
0.00348000
0.00388990
0.00448200
0.00360640
0.00496010
0.00371030
0.00394290
0.00400900
0.00382730
0.00343170
0.00431010
0.00410360
0.00418750
0.00381360
0.00451030
0.00349390
0.00357200
0.00410210
0.00380240
0.00449420
0.00348020
0.00359880
0.00439360
0.00416670
0.00438200
0.00355440
0.00413270
0.00409460
0.00374180
0.00454990
0.00368440
0.00412580
0.00436720
0.00410250
0.00376370
0.00383870
0.00394540
0.00437610
0.00420040
0.00440740
0.00409470
0.00432930
0.00454490
0.00449200
0.00424400
0.00477490
0.00373790
0.00391450
0.00426910
0.00402930
0.00468140
0.00370750
0.00384450
0.00536220
0.00463890
0.00487620
0.00438750
0.00569800
0.00489490
0.00487240
0.00378540
0.00428030
0.00386560
0.00496090
0.00455290
0.00441350
0.00544790
0.00458310
0.00477590
0.00815750
0.00685540
0.00494880
0.00398300
0.00708170
0.00509300
0.00602800
0.01050630
0.00722290
0.00417270
0.00764680
0.00555340
0.00635540
0.00465810
0.00719850
0.00540240
0.00481900
0.00567640
0.00457230
0.00773200
0.00862840
0.00505220
0.00435600
0.00622020
0.00661900
0.00519880
0.00552780
0.00535640
0.00436910
0.01120190
0.00497330
0.00416780
0.00418990
0.01178110
0.00467720
0.00525640
0.00431020
0.00455360
0.00480650
0.00463490
0.00354960
0.00425450
0.00474530
0.00404500
0.00489130
0.00425550
0.00526170
0.00400590
0.00496980
0.00660890
0.00506710
0.00575060
0.00517080
0.00592890
0.00570090
0.00546020
0.00401810
0.00505940
0.00579990
0.00493010
0.00429110
0.00523110
0.00519200
0.00491050
0.00444020
0.00493540
0.00408730
0.00465060
0.00437740
0.00510560
0.00408520
0.00471020
0.00651690
0.00573650
0.00420570
0.00444020
0.00472690
0.00419050
0.00484870
0.00396350
0.00518680
0.00464620
0.00469500
0.00521320
0.00480570
0.00502810
0.00391670
0.00475690
0.00546560
0.00503400
0.00577060
0.00598550
0.00845220
0.00600790
0.00710270
0.00402140
0.00530730
0.00612120
0.00424880
0.00534490
0.00515110
0.00532700
0.00439660
0.04582540
0.01241860
0.00440840
0.00528720
0.00502740
0.00509710
0.00519340
0.00445930
0.00468750
0.00502210
0.00608030
0.00375820
0.00444030
0.00400220
0.00401820
0.00439290
0.00421350
0.00361440
0.00347670
0.00374820
0.00390650
0.00342550
0.00396760
0.00409750
0.00410100
0.00540130
0.00410540
0.00430830
0.00414040
0.00361790
0.00409440
0.00381000
0.00395730
0.00458140
0.00396680
0.00431760
0.00488160
0.00426480
0.00405740
0.00413220
0.00437670
0.00448840
0.00744020
0.00405640
0.00413550
0.00345460
0.00468520
0.00390890
0.00409310
0.00476740
0.00391730
0.00388750
0.00384550
0.00399350
0.00595330
0.00473180
0.00468390
0.00478010
0.00462960
0.00515620
0.00402100
0.00495420
0.00482840
0.00378990
0.00370350
0.00381530
0.00366600
0.00442110
0.00363940
0.00472620
0.00462420
0.00340730
0.00346040
0.00346390
0.00416930
0.00387640
0.00349370
0.00352920
0.00378620
0.00346860
0.00441530
0.00351380
0.00355180
0.00390170
0.00337500
0.00332690
0.00346090
0.00332500
0.00348900
0.00339120
0.00354420
0.00381690
0.00345730
0.00333610
0.00335940
0.00374280
0.00379910
0.00331810
0.00364680
0.00387340
0.00334840
0.00440900
0.00374130
0.00479910
0.00459270
0.00406240
0.00357870
0.00385690
0.00411040
0.00390070
0.00402130
0.00366980
0.00398780
0.00387430
0.00474300
0.00347060
0.00405880
0.00410900
0.00354120
0.00386260
0.00431080
0.00362300
0.00361860
0.00376170
0.00375560
0.00448440
0.00359040
0.00482530
0.00396070
0.00374720
0.00380730
0.00337420
0.00367150
0.00381870
0.00346350
0.00438910
0.00343760
0.00356900
0.00392360
0.00363390
0.00384650
0.00341330
0.00436370
0.00441360
0.00381260
0.00378970
0.00417920
0.00346360
0.00350930
0.00338880
0.00366020
0.00397550
0.00370180
0.00366870
0.00394590
0.00416370
0.00655470
0.00397320
0.00360270
0.00392210
0.00344330
0.00330390
0.00341630
0.00365580
0.00381710
0.00396770
0.00368490
0.00377240
0.00396640
0.00441180
0.00349930
0.00412950
0.00517540
0.00398750
0.00394460
0.00338960
0.00365660
0.00345360
0.00455360
0.00382970
0.00522500
0.00381240
0.00492150
0.00423460
0.00389070
0.00386560
0.00388070
0.00362110
0.00394770
0.00338680
0.00458910
0.00339900
0.00367730
0.00381660
0.00345390
0.00336750
0.00331230
0.00379310
0.00380920
0.00345020
0.00363420
0.00394620
0.00335240
0.00342990
0.00331010
0.00357480
0.00391620
0.00330990
0.00378950
0.00377980
0.00345110
0.00464730
0.00378950
0.00366910
0.00398380
0.00342810
0.00335900
0.00354760
0.00365650
0.00394680
0.00342600
0.00384710
0.00384590
0.00335520
0.00444770
0.00337460
0.00359830
0.00388330
0.00361170
0.00345100
0.00360300
0.00338280
0.00353780
0.00354700
0.00373450
0.00388360
0.00329650
0.00466390
0.00391810
0.00374710
0.00379400
0.00501710
0.00371850
0.00392980
0.00391710
0.00477380
0.00347020
0.00413950
0.00548710
0.00356210
0.00409920
0.00525230
0.00413430
0.00472460
0.00442390
0.00472340
0.00456740
0.00420380
0.00500500
0.00453660
0.00407680
0.00445850
0.00373830
0.00442870
0.00439270
0.00374330
0.00421130
0.00371170
0.00439550
0.00446060
0.00365470
0.00416670
0.00466350
0.00377370
0.00491520
0.00350260
0.00364860
0.00397460
0.00345600
0.00442830
0.00385010
0.00407590
0.00418400
0.00333870
0.00412720
0.00383330
0.00351530
0.00337570
0.00349650
0.00352470
0.00375500
0.00328190
0.00468730
0.00329940
0.00347250
0.00404610
0.00326570
0.00358740
0.00382590
0.00325240
0.00434360
0.00329360
0.00361930
0.00369810
0.00378790
0.00347620
0.00361150
0.00356050
0.00343610
0.00337460
0.00360080
0.00421050
0.00352100
0.00344120
0.00326720
0.00389740
0.00379770
0.00360920
0.00368600
0.00380720
0.00369300
0.00441370
0.00334020
0.00362690
0.00404320
0.00345750
0.00338250
0.00335770
0.00359600
0.00385430
0.00338910
0.00364550
0.00371800
0.00355280
0.00341600
0.00325620
0.00348280
0.00384950
0.00336960
0.00346600
0.00386910
0.00327270
0.00435030
0.00343480
0.00346150
0.00387650
0.00338810
0.00337810
0.00327390
0.00354820
0.00379700
0.00326940
0.00452400
0.00387270
0.00336020
0.00425060
0.00391900
0.00398980
0.00410980
0.00341760
0.00350030
0.00382600
0.00347860
0.00450830
0.00355980
0.00361110
0.00389990
0.00348610
0.00334370
0.00338800
0.00350520
0.00372080
0.00328180
0.00355890
0.00407510
0.00336930
0.00458800
0.00335650
0.00354590
0.00499370
0.00338190
0.00352780
0.00344490
0.00447940
0.00357630
0.00369000
0.00362040
0.00388290
0.00348320
0.00332090
0.00339200
0.00357920
0.00381750
0.00000000
0.00000000
0.00000000
0.00000000
0.01811220
0.00728160
0.00752070
0.00643210
0.00659790
0.00667980
0.00727110
0.00645270
0.00697100
0.00571250
0.00749680
0.00759770
0.00599550
0.00640430
0.00585090
0.00612970
0.00776220
0.00642310
0.00646940
0.00643650
0.00630600
0.00678240
0.00761650
0.00637300
0.00596540
0.00682180
0.00686370
0.00645060
0.00701090
0.00595700
0.00766080
0.00694930
0.00640310
0.00676200
0.00618350
0.00661910
0.00735430
0.00765500
0.00633130
0.00658720
0.00615980
0.00677280
0.00608400
0.00628530
0.00653640
0.00634500
0.00676960
0.00000000
0.00000000
0.00000000
0.00000000
0.01040360
0.00438730
0.00438400
0.00368960
0.00542010
0.00446610
0.00434810
0.00429950
0.00506880
0.00332010
0.00403100
0.00389790
0.00320720
0.00439300
0.00436300
0.00333920
0.00580120
0.00424900
0.00326020
0.00403080
0.00380260
0.00325050
0.00420420
0.00425920
0.00338890
0.00425210
0.00381560
0.00336820
0.00431560
0.00372830
0.00337760
0.00432250
0.00399530
0.00328100
0.00418820
0.00397890
0.00453160
0.00462710
0.00450980
0.00430830
0.00480520
0.00470970
0.00401430
0.00498690
0.00515540
0.00418050
0.00508060
0.00449760
0.00361510
0.00623210
0.00662960
0.00367220
0.00588780
0.00576880
0.00390360
0.00495710
0.00494650
0.00365730
0.00615230
0.00470890
0.00418130
0.00567030
0.00486180
0.00401370
0.00554460
0.00505740
0.00472810
0.00488630
0.00416450
0.00366560
0.00478150
0.00474680
0.00409900
0.00498580
0.00438470
0.00418130
0.00456430
0.00418050
0.00366250
0.00444810
0.00437480
0.00421010
0.00433260
0.00424200
0.00363580
0.00425840
0.00392670
0.00333220
0.00485950
0.00584520
0.00380720
