0.01948100 0
0.00593140 1
0.00683780 1
0.00492650 1
0.00653680 1
0.00428640 1
0.00454950 1
0.00467920 1
0.00419580 1
0.00534040 1
0.00448850 1
0.00425870 1
0.00337220 1
0.00384360 1
0.00348000 1
0.00388990 1
0.00448200 1
0.00360640 1
0.00496010 1
0.00371030 1
0.00394290 1
0.00400900 1
0.00382730 1
0.00343170 1
0.00431010 1
0.00410360 1
0.00418750 1
0.00381360 1
0.00451030 1
0.00349390 1
0.00357200 1
0.00410210 1
0.00380240 1
0.00449420 1
0.00348020 1
0.00359880 1
0.00439360 1
0.00416670 1
0.00438200 1
0.00355440 1
0.00413270 1
0.00409460 1
0.00374180 1
0.00454990 1
0.00368440 1
0.00412580 1
0.00436720 1
0.00410250 1
0.00376370 1
0.00383870 1
0.00394540 1
0.00437610 1
0.00420040 1
0.00440740 1
0.00409470 1
0.00432930 1
0.00454490 1
0.00449200 1
0.00424400 1
0.00477490 1
0.00373790 1
0.00391450 1
0.00426910 1
0.00402930 1
0.00468140 1
0.00370750 1
0.00384450 1
0.00536220 1
0.00463890 1
0.00487620 1
0.00438750 1
0.00569800 1
0.00489490 1
0.00487240 1
0.00378540 1
0.00428030 1
0.00386560 1
0.00496090 1
0.00455290 1
0.00441350 1
0.00544790 1
0.00458310 1
0.00477590 1
0.00815750 1
0.00685540 1
0.00494880 1
0.00398300 1
0.00708170 1
0.00509300 1
0.00602800 1
0.01050630 1
0.00722290 1
0.00417270 1
0.00764680 1
0.00555340 1
0.00635540 1
0.00465810 1
0.00719850 1
0.00540240 1
0.00481900 1
0.00567640 1
0.00457230 1
0.00773200 1
0.00862840 1
0.00505220 1
0.00435600 1
0.00622020 1
0.00661900 1
0.00519880 1
0.00552780 1
0.00535640 1
0.00436910 1
0.01120190 1
0.00497330 1
0.00416780 1
0.00418990 1
0.01178110 1
0.00467720 1
0.00525640 1
0.00431020 1
0.00455360 1
0.00480650 1
0.00463490 1
0.00354960 1
0.00425450 1
0.00474530 1
0.00404500 1
0.00489130 1
0.00425550 1
0.00526170 1
0.00400590 1
0.00496980 1
0.00660890 1
0.00506710 1
0.00575060 1
0.00517080 1
0.00592890 1
0.00570090 1
0.00546020 1
0.00401810 1
0.00505940 1
0.00579990 1
0.00493010 1
0.00429110 1
0.00523110 1
0.00519200 1
0.00491050 1
0.00444020 1
0.00493540 1
0.00408730 1
0.00465060 1
0.00437740 1
0.00510560 1
0.00408520 1
0.00471020 1
0.00651690 1
0.00573650 1
0.00420570 1
0.00444020 1
0.00472690 1
0.00419050 1
0.00484870 1
0.00396350 1
0.00518680 1
0.00464620 1
0.00469500 1
0.00521320 1
0.00480570 1
0.00502810 1
0.00391670 1
0.00475690 1
0.00546560 1
0.00503400 1
0.00577060 1
0.00598550 1
0.00845220 1
0.00600790 1
0.00710270 1
0.00402140 1
0.00530730 1
0.00612120 1
0.00424880 1
0.00534490 1
0.00515110 1
0.00532700 1
0.00439660 1
0.04582540 1
0.01241860 1
0.00440840 1
0.00528720 1
0.00502740 1
0.00509710 1
0.00519340 1
0.00445930 1
0.00468750 1
0.00502210 1
0.00608030 1
0.00375820 1
0.00444030 1
0.00400220 1
0.00401820 1
0.00439290 1
0.00421350 1
0.00361440 1
0.00347670 1
0.00374820 1
0.00390650 1
0.00342550 1
0.00396760 1
0.00409750 1
0.00410100 1
0.00540130 1
0.00410540 1
0.00430830 1
0.00414040 1
0.00361790 1
0.00409440 1
0.00381000 1
0.00395730 1
0.00458140 1
0.00396680 1
0.00431760 1
0.00488160 1
0.00426480 1
0.00405740 1
0.00413220 1
0.00437670 1
0.00448840 1
0.00744020 1
0.00405640 1
0.00413550 1
0.00345460 1
0.00468520 1
0.00390890 1
0.00409310 1
0.00476740 1
0.00391730 1
0.00388750 1
0.00384550 1
0.00399350 1
0.00595330 1
0.00473180 1
0.00468390 1
0.00478010 1
0.00462960 1
0.00515620 1
0.00402100 1
0.00495420 1
0.00482840 1
0.00378990 1
0.00370350 1
0.00381530 1
0.00366600 1
0.00442110 1
0.00363940 1
0.00472620 1
0.00462420 1
0.00340730 1
0.00346040 1
0.00346390 1
0.00416930 1
0.00387640 1
0.00349370 1
0.00352920 1
0.00378620 1
0.00346860 1
0.00441530 1
0.00351380 1
0.00355180 1
0.00390170 1
0.00337500 1
0.00332690 1
0.00346090 1
0.00332500 1
0.00348900 1
0.00339120 1
0.00354420 1
0.00381690 1
0.00345730 1
0.00333610 1
0.00335940 1
0.00374280 1
0.00379910 1
0.00331810 1
0.00364680 1
0.00387340 1
0.00334840 1
0.00440900 1
0.00374130 1
0.00479910 1
0.00459270 1
0.00406240 1
0.00357870 1
0.00385690 1
0.00411040 1
0.00390070 1
0.00402130 1
0.00366980 1
0.00398780 1
0.00387430 1
0.00474300 1
0.00347060 1
0.00405880 1
0.00410900 1
0.00354120 1
0.00386260 1
0.00431080 1
0.00362300 1
0.00361860 1
0.00376170 1
0.00375560 1
0.00448440 1
0.00359040 1
0.00482530 1
0.00396070 1
0.00374720 1
0.00380730 1
0.00337420 1
0.00367150 1
0.00381870 1
0.00346350 1
0.00438910 1
0.00343760 1
0.00356900 1
0.00392360 1
0.00363390 1
0.00384650 1
0.00341330 1
0.00436370 1
0.00441360 1
0.00381260 1
0.00378970 1
0.00417920 1
0.00346360 1
0.00350930 1
0.00338880 1
0.00366020 1
0.00397550 1
0.00370180 1
0.00366870 1
0.00394590 1
0.00416370 1
0.00655470 1
0.00397320 1
0.00360270 1
0.00392210 1
0.00344330 1
0.00330390 1
0.00341630 1
0.00365580 1
0.00381710 1
0.00396770 1
0.00368490 1
0.00377240 1
0.00396640 1
0.00441180 1
0.00349930 1
0.00412950 1
0.00517540 1
0.00398750 1
0.00394460 1
0.00338960 1
0.00365660 1
0.00345360 1
0.00455360 1
0.00382970 1
0.00522500 1
0.00381240 1
0.00492150 1
0.00423460 1
0.00389070 1
0.00386560 1
0.00388070 1
0.00362110 1
0.00394770 1
0.00338680 1
0.00458910 1
0.00339900 1
0.00367730 1
0.00381660 1
0.00345390 1
0.00336750 1
0.00331230 1
0.00379310 1
0.00380920 1
0.00345020 1
0.00363420 1
0.00394620 1
0.00335240 1
0.00342990 1
0.00331010 1
0.00357480 1
0.00391620 1
0.00330990 1
0.00378950 1
0.00377980 1
0.00345110 1
0.00464730 1
0.00378950 1
0.00366910 1
0.00398380 1
0.00342810 1
0.00335900 1
0.00354760 1
0.00365650 1
0.00394680 1
0.00342600 1
0.00384710 1
0.00384590 1
0.00335520 1
0.00444770 1
0.00337460 1
0.00359830 1
0.00388330 1
0.00361170 1
0.00345100 1
0.00360300 1
0.00338280 1
0.00353780 1
0.00354700 1
0.00373450 1
0.00388360 1
0.00329650 1
0.00466390 1
0.00391810 1
0.00374710 1
0.00379400 1
0.00501710 1
0.00371850 1
0.00392980 1
0.00391710 1
0.00477380 1
0.00347020 1
0.00413950 1
0.00548710 1
0.00356210 1
0.00409920 1
0.00525230 1
0.00413430 1
0.00472460 1
0.00442390 1
0.00472340 1
0.00456740 1
0.00420380 1
0.00500500 1
0.00453660 1
0.00407680 1
0.00445850 1
0.00373830 1
0.00442870 1
0.00439270 1
0.00374330 1
0.00421130 1
0.00371170 1
0.00439550 1
0.00446060 1
0.00365470 1
0.00416670 1
0.00466350 1
0.00377370 1
0.00491520 1
0.00350260 1
0.00364860 1
0.00397460 1
0.00345600 1
0.00442830 1
0.00385010 1
0.00407590 1
0.00418400 1
0.00333870 1
0.00412720 1
0.00383330 1
0.00351530 1
0.00337570 1
0.00349650 1
0.00352470 1
0.00375500 1
0.00328190 1
0.00468730 1
0.00329940 1
0.00347250 1
0.00404610 1
0.00326570 1
0.00358740 1
0.00382590 1
0.00325240 1
0.00434360 1
0.00329360 1
0.00361930 1
0.00369810 1
0.00378790 1
0.00347620 1
0.00361150 1
0.00356050 1
0.00343610 1
0.00337460 1
0.00360080 1
0.00421050 1
0.00352100 1
0.00344120 1
0.00326720 1
0.00389740 1
0.00379770 1
0.00360920 1
0.00368600 1
0.00380720 1
0.00369300 1
0.00441370 1
0.00334020 1
0.00362690 1
0.00404320 1
0.00345750 1
0.00338250 1
0.00335770 1
0.00359600 1
0.00385430 1
0.00338910 1
0.00364550 1
0.00371800 1
0.00355280 1
0.00341600 1
0.00325620 1
0.00348280 1
0.00384950 1
0.00336960 1
0.00346600 1
0.00386910 1
0.00327270 1
0.00435030 1
0.00343480 1
0.00346150 1
0.00387650 1
0.00338810 1
0.00337810 1
0.00327390 1
0.00354820 1
0.00379700 1
0.00326940 1
0.00452400 1
0.00387270 1
0.00336020 1
0.00425060 1
0.00391900 1
0.00398980 1
0.00410980 1
0.00341760 1
0.00350030 1
0.00382600 1
0.00347860 1
0.00450830 1
0.00355980 1
0.00361110 1
0.00389990 1
0.00348610 1
0.00334370 1
0.00338800 1
0.00350520 1
0.00372080 1
0.00328180 1
0.00355890 1
0.00407510 1
0.00336930 1
0.00458800 1
0.00335650 1
0.00354590 1
0.00499370 1
0.00338190 1
0.00352780 1
0.00344490 1
0.00447940 1
0.00357630 1
0.00369000 1
0.00362040 1
0.00388290 1
0.00348320 1
0.00332090 1
0.00339200 1
0.00357920 1
0.00381750 1
-
-
-
-
0.01811220 0
0.00728160 1
0.00752070 1
0.00643210 1
0.00659790 1
0.00667980 1
0.00727110 1
0.00645270 1
0.00697100 1
0.00571250 1
0.00749680 1
0.00759770 1
0.00599550 1
0.00640430 1
0.00585090 1
0.00612970 1
0.00776220 1
0.00642310 1
0.00646940 1
0.00643650 1
0.00630600 1
0.00678240 1
0.00761650 1
0.00637300 1
0.00596540 1
0.00682180 1
0.00686370 1
0.00645060 1
0.00701090 1
0.00595700 1
0.00766080 1
0.00694930 1
0.00640310 1
0.00676200 1
0.00618350 1
0.00661910 1
0.00735430 1
0.00765500 1
0.00633130 1
0.00658720 1
0.00615980 1
0.00677280 1
0.00608400 1
0.00628530 1
0.00653640 1
0.00634500 1
0.00676960 1
-
-
-
-
0.01040360 0
0.00438730 1
0.00438400 1
0.00368960 1
0.00542010 1
0.00446610 1
0.00434810 1
0.00429950 1
0.00506880 1
0.00332010 1
0.00403100 1
0.00389790 1
0.00320720 1
0.00439300 1
0.00436300 1
0.00333920 1
0.00580120 1
0.00424900 1
0.00326020 1
0.00403080 1
0.00380260 1
0.00325050 1
0.00420420 1
0.00425920 1
0.00338890 1
0.00425210 1
0.00381560 1
0.00336820 1
0.00431560 1
0.00372830 1
0.00337760 1
0.00432250 1
0.00399530 1
0.00328100 1
0.00418820 1
0.00397890 1
0.00453160 1
0.00462710 1
0.00450980 1
0.00430830 1
0.00480520 1
0.00470970 1
0.00401430 1
0.00498690 1
0.00515540 1
0.00418050 1
0.00508060 1
0.00449760 1
0.00361510 1
0.00623210 1
0.00662960 1
0.00367220 1
0.00588780 1
0.00576880 1
0.00390360 1
0.00495710 1
0.00494650 1
0.00365730 1
0.00615230 1
0.00470890 1
0.00418130 1
0.00567030 1
0.00486180 1
0.00401370 1
0.00554460 1
0.00505740 1
0.00472810 1
0.00488630 1
0.00416450 1
0.00366560 1
0.00478150 1
0.00474680 1
0.00409900 1
0.00498580 1
0.00438470 1
0.00418130 1
0.00456430 1
0.00418050 1
0.00366250 1
0.00444810 1
0.00437480 1
0.00421010 1
0.00433260 1
0.00424200 1
0.00363580 1
0.00425840 1
0.00392670 1
0.00333220 1
0.00485950 1
0.00584520 1
0.00380720 1
