0.02170820
0.02232310
0.01818440
0.01598950
0.01382640
0.01558800
0.01619030
0.01358060
0.01493940
0.01484800
0.01550260
0.01379610
0.01370670
0.01438380
0.01626710
0.01375200
0.01387550
0.01631690
0.01621750
0.01573120
0.01827110
0.01499620
0.01635160
0.01637640
0.01461680
0.01802500
0.01755760
0.01435880
0.01601100
0.01703820
0.01666490
0.01407880
0.01508040
0.01577410
0.01716990
0.01781230
0.01738630
0.01824000
0.01812070
0.02571310
0.02049080
0.01632290
0.03712350
0.01883390
0.01933180
0.01996000
0.01754420
0.01438080
0.01577410
0.02047570
0.02040050
0.01579030
0.01517390
0.02045370
0.02011420
0.01861040
0.02210700
0.01946880
0.01966410
0.01857210
0.02606100
0.02091790
0.02644880
0.02846410
0.01745050
0.02008220
0.02395820
0.01740960
0.01682630
0.01695950
0.01620820
0.01557900
0.01412200
0.01498750
0.01592840
0.01366840
0.01457280
0.01528150
0.01484320
0.01545130
0.01596970
0.01529400
0.01822220
0.01578890
0.01433220
0.01557540
0.01653540
0.01351690
0.01416670
0.01536700
0.01801720
0.01474130
0.01550620
0.01463680
0.01579850
0.01365300
0.01516430
0.01592760
0.01519090
0.01410840
0.01539410
0.01432760
0.01553610
0.01518860
0.01412940
0.01557040
0.01667450
0.01393580
0.01395130
0.01516670
0.01510110
0.01500420
0.01366560
0.01438380
0.01593090
0.01560910
0.01467090
0.01500410
0.01517810
0.01388220
0.01677840
0.01457560
0.01640470
0.01622960
0.01525010
0.01600960
0.01679360
0.01368780
0.01430050
0.01516250
0.01481120
0.01489920
0.01356160
0.01537890
0.01600380
0.01315570
0.01424590
0.01514870
0.01474110
0.01379250
0.01594670
0.01405140
0.01581780
0.01590550
0.01423600
0.01548520
0.01590660
0.01385750
0.01389750
0.01377120
0.01550280
0.01511830
0.01362940
0.01423270
0.01621280
0.01356110
0.01405090
0.01529990
0.01509910
0.01317180
0.01688070
0.01485490
0.01676460
0.01495610
0.01371640
0.01423940
0.01696230
0.01428180
0.01440210
0.01380730
0.01444220
0.01646680
0.01358170
0.01424310
0.01580640
0.00000000
0.00000000
0.00000000
0.00000000
0.01394550
0.01444090
0.01489360
0.01522170
0.01472790
0.01421700
0.01351220
0.01335480
0.01236270
0.01336630
0.01193900
0.01185890
0.01212260
0.01255790
0.01385310
0.01174980
0.01234480
0.01287310
0.01429360
0.01354860
0.00000000
0.00000000
0.00000000
0.00000000
0.01059950
0.01058920
0.01020560
0.00884560
0.00846070
0.00877310
0.00921080
0.01004750
0.00885040
0.00917380
0.00969360
0.00897080
0.00882850
0.00909350
0.00871020
0.00911240
0.00946410
0.01044600
0.00877070
0.00903820
0.00993850
0.00875720
0.00869080
0.01013840
0.00878720
0.00876500
0.00904810
0.00964940
0.00914420
0.00932770
0.01012660
0.00849130
0.00907580
0.01153360
0.00889030
0.00911330
0.00908190
0.00905340
0.00854490
0.00921630
0.01089550
0.00926580
0.00926150
0.00993940
0.00850270
0.00876540
0.00845340
0.00870460
0.00895340
0.00871390
0.00998060
0.00887630
0.00932650
0.00984560
0.00876890
0.00858260
0.01019640
0.00862780
0.00890870
0.00937700
0.01003750
0.00868800
0.00917150
0.01066650
0.00977940
0.00977250
0.01017730
0.00921870
0.00855130
0.00884790
0.01002820
0.00943270
0.00945460
0.00986860
0.00887530
0.00901480
0.01005800
0.00896190
0.00878440
0.01029500
0.00871490
0.00871210
0.00946490
0.01050450
0.00910450
0.00951270
0.01033580
0.00865620
0.00854520
