0.02170820 0
0.02232310 1
0.01818440 1
0.01598950 1
0.01382640 1
0.01558800 1
0.01619030 1
0.01358060 1
0.01493940 1
0.01484800 1
0.01550260 1
0.01379610 1
0.01370670 1
0.01438380 1
0.01626710 1
0.01375200 1
0.01387550 1
0.01631690 1
0.01621750 1
0.01573120 1
0.01827110 1
0.01499620 1
0.01635160 1
0.01637640 1
0.01461680 1
0.01802500 1
0.01755760 1
0.01435880 1
0.01601100 1
0.01703820 1
0.01666490 1
0.01407880 1
0.01508040 1
0.01577410 1
0.01716990 1
0.01781230 1
0.01738630 1
0.01824000 1
0.01812070 1
0.02571310 1
0.02049080 1
0.01632290 1
0.03712350 1
0.01883390 1
0.01933180 1
0.01996000 1
0.01754420 1
0.01438080 1
0.01577410 1
0.02047570 1
0.02040050 1
0.01579030 1
0.01517390 1
0.02045370 1
0.02011420 1
0.01861040 1
0.02210700 1
0.01946880 1
0.01966410 1
0.01857210 1
0.02606100 1
0.02091790 1
0.02644880 1
0.02846410 1
0.01745050 1
0.02008220 1
0.02395820 1
0.01740960 1
0.01682630 1
0.01695950 1
0.01620820 1
0.01557900 1
0.01412200 1
0.01498750 1
0.01592840 1
0.01366840 1
0.01457280 1
0.01528150 1
0.01484320 1
0.01545130 1
0.01596970 1
0.01529400 1
0.01822220 1
0.01578890 1
0.01433220 1
0.01557540 1
0.01653540 1
0.01351690 1
0.01416670 1
0.01536700 1
0.01801720 1
0.01474130 1
0.01550620 1
0.01463680 1
0.01579850 1
0.01365300 1
0.01516430 1
0.01592760 1
0.01519090 1
0.01410840 1
0.01539410 1
0.01432760 1
0.01553610 1
0.01518860 1
0.01412940 1
0.01557040 1
0.01667450 1
0.01393580 1
0.01395130 1
0.01516670 1
0.01510110 1
0.01500420 1
0.01366560 1
0.01438380 1
0.01593090 1
0.01560910 1
0.01467090 1
0.01500410 1
0.01517810 1
0.01388220 1
0.01677840 1
0.01457560 1
0.01640470 1
0.01622960 1
0.01525010 1
0.01600960 1
0.01679360 1
0.01368780 1
0.01430050 1
0.01516250 1
0.01481120 1
0.01489920 1
0.01356160 1
0.01537890 1
0.01600380 1
0.01315570 1
0.01424590 1
0.01514870 1
0.01474110 1
0.01379250 1
0.01594670 1
0.01405140 1
0.01581780 1
0.01590550 1
0.01423600 1
0.01548520 1
0.01590660 1
0.01385750 1
0.01389750 1
0.01377120 1
0.01550280 1
0.01511830 1
0.01362940 1
0.01423270 1
0.01621280 1
0.01356110 1
0.01405090 1
0.01529990 1
0.01509910 1
0.01317180 1
0.01688070 1
0.01485490 1
0.01676460 1
0.01495610 1
0.01371640 1
0.01423940 1
0.01696230 1
0.01428180 1
0.01440210 1
0.01380730 1
0.01444220 1
0.01646680 1
0.01358170 1
0.01424310 1
0.01580640 1
-
-
-
-
0.01394550 0
0.01444090 1
0.01489360 1
0.01522170 1
0.01472790 1
0.01421700 1
0.01351220 1
0.01335480 1
0.01236270 1
0.01336630 1
0.01193900 1
0.01185890 1
0.01212260 1
0.01255790 1
0.01385310 1
0.01174980 1
0.01234480 1
0.01287310 1
0.01429360 1
0.01354860 1
-
-
-
-
0.01059950 0
0.01058920 1
0.01020560 1
0.00884560 1
0.00846070 1
0.00877310 1
0.00921080 1
0.01004750 1
0.00885040 1
0.00917380 1
0.00969360 1
0.00897080 1
0.00882850 1
0.00909350 1
0.00871020 1
0.00911240 1
0.00946410 1
0.01044600 1
0.00877070 1
0.00903820 1
0.00993850 1
0.00875720 1
0.00869080 1
0.01013840 1
0.00878720 1
0.00876500 1
0.00904810 1
0.00964940 1
0.00914420 1
0.00932770 1
0.01012660 1
0.00849130 1
0.00907580 1
0.01153360 1
0.00889030 1
0.00911330 1
0.00908190 1
0.00905340 1
0.00854490 1
0.00921630 1
0.01089550 1
0.00926580 1
0.00926150 1
0.00993940 1
0.00850270 1
0.00876540 1
0.00845340 1
0.00870460 1
0.00895340 1
0.00871390 1
0.00998060 1
0.00887630 1
0.00932650 1
0.00984560 1
0.00876890 1
0.00858260 1
0.01019640 1
0.00862780 1
0.00890870 1
0.00937700 1
0.01003750 1
0.00868800 1
0.00917150 1
0.01066650 1
0.00977940 1
0.00977250 1
0.01017730 1
0.00921870 1
0.00855130 1
0.00884790 1
0.01002820 1
0.00943270 1
0.00945460 1
0.00986860 1
0.00887530 1
0.00901480 1
0.01005800 1
0.00896190 1
0.00878440 1
0.01029500 1
0.00871490 1
0.00871210 1
0.00946490 1
0.01050450 1
0.00910450 1
0.00951270 1
0.01033580 1
0.00865620 1
0.00854520 1
