0.00009480
0.00298200
0.00426590
0.00252720
0.00248180
0.00410770
0.00263070
0.00252550
0.00283200
0.00295540
0.00221430
0.00290920
0.00253470
0.00243160
0.00235850
0.00310520
0.00216920
0.00253270
0.00218050
0.00266840
0.00214650
0.00234150
0.00215830
0.00230020
0.00205290
0.00232360
0.00206610
0.00246850
0.00224750
0.00238160
0.00240850
0.00255000
0.00210640
0.00248620
0.00203670
0.00242080
0.00205900
0.00245780
0.00204520
0.00230400
0.00248520
0.00246700
0.00231470
0.00225170
0.00212560
0.00296430
0.00224160
0.00250410
0.00216150
0.00244340
0.00220640
0.00303090
0.00209120
0.00222090
0.00236310
0.00236410
0.00206690
0.00230620
0.00205080
0.00244280
0.00220490
0.00253120
0.00214380
0.00228700
0.00193290
0.00250200
0.00220470
0.00241710
0.00244420
0.00238650
0.00221210
0.00274940
0.00235610
0.00227970
0.00236670
0.00238660
0.00208390
0.00279630
0.00218700
0.00241830
0.00246590
0.00292030
0.00235120
0.00271880
0.00237680
0.00253500
0.00262720
0.00268290
0.00227690
0.00293580
0.00299660
0.00288180
0.00355850
0.00266890
0.00233730
0.00294660
0.00259360
0.00225970
0.00230080
0.00247660
0.00213460
0.00232150
0.00209780
0.00217700
0.00193440
0.00226200
0.00279770
0.00225390
0.00214650
0.00237310
0.00218310
0.00248530
0.00278970
0.00260530
0.00217990
0.00279120
0.00231960
0.00272990
0.00244600
0.00241970
0.00220600
0.00238660
0.00219550
0.00233050
0.00215590
0.00250870
0.00216130
0.00235550
0.00197910
0.00218130
0.00190900
0.00134470
0.00174700
0.00000000
0.00000000
0.00000000
0.00000000
0.00001600
0.00234380
0.00207660
0.00248220
0.00211620
0.00223450
0.00211130
0.00250990
0.00221050
0.00242780
0.00207450
0.00249510
0.00223510
0.00214570
0.00236410
0.00230540
0.00223190
0.00240660
0.00199600
0.00278850
0.00214890
0.00227100
0.00222840
0.00234120
0.00228790
0.00255140
0.00222070
0.00253410
0.00224550
0.00234160
0.00213530
0.00221960
0.00192890
0.00253960
0.00234340
0.00232000
0.00199960
0.00244150
0.00272780
0.00301780
0.00235840
0.00240590
0.00221010
0.00304120
0.00204210
0.00282750
0.00278030
0.00246260
0.00304590
0.00227440
0.00341240
0.00287510
0.00331200
0.00388450
0.00244770
0.00429080
0.00329630
0.00551460
0.00255110
0.00289350
0.00469500
0.00263690
0.00238870
0.00449830
0.00211060
0.00299610
0.00335970
0.00269460
0.00314920
0.00266910
0.00285010
0.00293690
0.00266460
0.00316020
0.00252650
0.00253840
0.00314690
0.00260860
0.00256930
0.00280590
0.00238600
0.00221540
0.00249750
0.00240110
0.00215630
0.00229220
0.00202860
0.00242900
0.00202630
0.00236510
0.00202140
0.00226970
0.00225600
0.00203330
0.00185970
0.00231340
0.00219490
0.00245260
0.00234760
0.00257860
0.00218780
0.00247380
0.00256910
0.00270560
0.00231470
0.00249030
0.00278810
0.00272210
0.00220120
0.00295680
0.00226580
0.00296260
0.00218630
0.00277330
0.00280640
0.00254150
0.00259430
0.00251640
0.00247130
0.00311970
0.00280930
0.00315710
0.00213740
0.00278210
0.00221880
0.00284130
0.00277890
0.00242260
0.00272690
0.00278450
0.00274580
0.00275330
0.00260880
0.00334950
0.00228060
0.00301940
0.00253770
0.00232980
0.00228000
0.00330030
0.00207830
0.00217960
0.00276860
0.00270740
0.00223330
0.00264590
0.00309080
0.00254490
0.00234010
0.00301920
0.00212850
0.00167790
0.00238160
0.00309950
0.00180960
0.00151320
0.00194700
0.00304220
0.00168940
0.00148430
0.00186390
0.00242340
0.00171640
0.00157870
0.00183800
0.00193820
0.00175170
0.00151930
0.00199940
0.00270190
0.00224760
0.00322420
0.00202240
0.00223060
0.00203790
0.00185210
0.00167910
0.00149060
0.00184320
0.00171890
0.00169110
0.00211580
0.00215080
0.00200970
0.00146160
0.00132880
0.00165430
0.00148150
0.00153990
0.00148670
0.00171180
0.00178410
0.00167160
0.00166280
0.00225300
0.00172270
0.00158010
0.00000000
0.00000000
0.00000000
0.00000000
0.00008540
0.00285610
0.00267920
0.00265240
0.00247290
0.00275510
0.00249030
0.00280880
0.00277590
0.00287830
0.00253540
0.00268960
0.00253180
0.00259460
0.00262340
0.00269310
0.00257930
0.00317600
0.00292990
0.00307420
0.00318170
0.00320780
0.00284700
0.00266300
0.00304270
0.00334870
0.00305910
0.01386740
0.00309570
0.00400920
0.00342420
0.00444230
0.00426760
0.00439900
0.00455540
0.00373940
0.00568840
0.00411140
0.00754150
0.00432950
0.00592060
0.00360780
0.00664470
0.00290960
0.00659820
0.00411990
0.00340100
0.00402930
0.00311630
0.00570770
0.00348040
0.00611520
0.00369990
0.00490330
0.00477630
0.00431940
0.00433950
0.00348800
0.00353990
0.00343860
0.00344060
0.00335220
0.00316640
0.00304850
0.00318960
0.00335080
0.00319650
0.00298710
0.00306400
0.00298100
0.00296080
0.00328600
0.00445000
0.00295460
0.00337170
0.00326240
0.00292110
0.00323310
0.00277640
0.00248460
0.00267710
0.00000000
0.00000000
0.00000000
0.00000000
0.00001760
0.00120490
0.00149870
0.00138450
0.00139440
0.00153180
0.00154760
0.00142510
0.00174310
0.00153950
0.00237930
0.00152180
0.00158100
0.00146250
0.00140330
0.00141710
0.00138810
0.00140700
0.00141320
0.00140520
0.00131300
0.00154660
0.00132390
0.00142640
0.00134380
0.00132390
0.00134350
0.00133470
0.00134110
0.00140030
0.00132710
0.00136700
0.00151430
0.00134400
0.00134490
0.00165980
0.00138250
0.00169680
0.00140190
0.00145860
0.00146870
0.00140960
0.00141470
0.00141820
0.00164760
0.00144120
0.00142440
0.00139830
0.00143750
0.00157330
0.00134380
0.00139830
0.00146890
0.00153070
0.00134770
0.00143810
0.00139290
0.00152540
0.00137790
0.00135680
0.00140290
0.00140090
0.00140960
0.00139130
0.00142500
0.00235360
0.00143910
0.00150610
0.00214200
0.00161830
0.00180850
0.00489410
0.00213820
0.00232850
0.00330740
0.00154460
0.00143140
0.00142690
0.00226500
0.00145550
0.00140410
0.00251810
0.00294930
0.00149790
0.00156400
0.00149980
0.00151120
0.00139280
0.00132040
0.00143050
0.00162110
0.00155900
0.00174130
0.00143360
0.00149190
0.00155290
0.00140250
0.00148830
0.00141040
0.00147110
0.00143050
0.00157710
0.00141410
0.00134500
0.00152130
0.00143620
0.00132470
0.00136310
0.00203710
0.00147690
0.00161490
0.00152460
0.00152080
0.00153410
0.00156930
0.00142580
0.00141950
0.00140120
0.00141160
0.00135110
0.00239150
0.00082510
0.00085110
0.00123190
0.00085780
0.00098480
0.00160070
0.00139040
0.00133430
0.00141080
0.00131370
0.00137700
0.00138700
0.00146110
0.00158200
0.00143430
0.00141460
0.00149220
0.00149250
0.00141700
0.00129610
0.00133850
0.00129130
0.00142990
0.00158840
0.00150000
0.00142960
0.00159730
0.00155430
0.00145120
0.00144450
0.00154800
0.00146490
0.00142210
0.00153530
0.00152190
0.00143680
0.00143090
0.00148720
0.00152450
0.00160270
0.00132330
0.00140690
0.00138630
0.00144010
0.00150330
0.00145230
0.00139900
0.00134000
0.00134090
0.00136730
0.00127030
0.00123110
0.00142740
0.00123430
0.00131830
0.00136800
0.00141080
0.00161440
0.00151750
0.00158070
0.00165280
0.00152890
0.00170120
0.00167410
0.00143090
0.00140830
0.00149330
0.00143920
0.00139800
0.00151090
0.00141310
0.00153780
0.00139740
0.00138870
0.00151600
0.00138710
0.00133450
0.00150190
0.00136020
0.00143540
0.00161350
0.00145330
0.00154930
0.00144990
0.00141460
0.00187830
0.00679400
0.00287710
0.00196120
0.00167880
0.00188790
0.00158820
0.00199240
0.00245740
0.00154680
0.00194850
0.00153920
0.00186040
0.00161970
0.00179160
0.00155560
0.00169730
0.00163010
0.00175720
0.00153800
0.00177600
0.00162690
0.00166510
0.00197540
0.00176490
0.00190860
0.00178770
0.00457340
0.00163620
0.00163100
0.00154270
0.00267780
0.00161180
0.00236710
0.00174900
0.00184160
0.00191670
0.00182700
0.00167690
0.00201440
0.00159600
0.00157290
0.00157690
0.00157760
0.00163630
0.00154580
0.00144990
0.00172620
0.00146440
0.00147780
0.00139240
0.00145700
0.00171510
0.00142330
0.00145820
0.00141760
0.00140160
0.00169800
0.00163300
0.00145270
0.00137450
0.00141290
0.00155960
0.00141970
0.00153510
0.00156250
0.00141930
0.00146860
0.00137610
0.00137180
0.00083670
0.00087720
0.00000000
0.00000000
0.00000000
0.00000000
0.00015040
0.00242700
0.00242720
0.00231800
0.00237210
0.00230280
0.00235320
0.00252390
0.00277860
0.00189600
0.00215190
0.00221080
0.00199470
0.00175350
0.00239300
0.00238080
0.00240600
0.00197880
0.00249700
0.00197920
0.00211180
0.00194810
0.00194760
0.00228790
0.00218290
0.00243260
0.00229700
0.00186710
0.00221650
0.00224900
0.00207670
0.00214290
0.00203740
0.00000000
0.00000000
0.00000000
0.00000000
0.00008150
0.00193390
0.00176010
0.00158430
0.00201110
0.00203970
0.00181480
0.00167760
0.00226060
0.00193650
0.00180300
0.00161450
0.00221710
0.00187140
0.00181290
0.00162030
0.00207710
0.00190390
0.00179240
0.00170710
0.00222350
0.00194460
0.00195410
0.00228090
0.00199260
0.00186200
0.00185100
0.00169130
