0.00028120
0.00083350
0.00196140
0.00066530
0.00058680
0.00057300
0.00080010
0.00060080
0.00110540
0.00062510
0.00065240
0.00062690
0.00080440
0.00064190
0.00061760
0.00058650
0.00063650
0.00058180
0.00061680
0.00061080
0.00061950
0.00061810
0.00057550
0.00061730
0.00059330
0.00061080
0.00055480
0.00056820
0.00060280
0.00056460
0.00056090
0.00054700
0.00054360
0.00054690
0.00074630
0.00061520
0.00095020
0.00060550
0.00055500
0.00054510
0.00063480
0.00059700
0.00076930
0.00068130
0.00055230
0.00054970
0.00054850
0.00070530
0.00056460
0.00055640
0.00058210
0.00055110
0.00055720
0.00054770
0.00058960
0.00056360
0.00055310
0.00087110
0.00056470
0.00055510
0.00055880
0.00055550
0.00065040
0.00056130
0.00056130
0.00055930
0.00059070
0.00058960
0.00059820
0.00055580
0.00055590
0.00058920
0.00055470
0.00061850
0.00058830
0.00055090
0.00055290
0.00055140
0.00062000
0.00052230
0.00053970
0.00055560
0.00079350
0.00052180
0.00054770
0.00074000
0.00051940
0.00052590
0.00054830
0.00055520
0.00055530
0.00053610
0.00051050
0.00051830
0.00054080
0.00051300
0.00050990
0.00051360
0.00057130
0.00058200
0.00056070
0.00056750
0.00066380
0.00057260
0.00055790
0.00066670
0.00057440
0.00055740
0.00060460
0.00056630
0.00054380
0.00047620
0.00042830
0.00039790
0.00039180
0.00056480
0.00041650
0.00045900
0.00050420
0.00050660
0.00052240
0.00056300
0.00058290
0.00057040
0.00059920
0.00055920
0.00055240
0.00066510
0.00057190
0.00055540
0.00068490
0.00059050
0.00075370
0.00062960
0.00059500
0.00080740
0.00061700
0.00066840
0.00070980
0.00066510
0.00067190
0.00065530
0.00065090
0.00065400
0.00054230
0.00054540
0.00051070
0.00051830
0.00052230
0.00051580
0.00054350
0.00054640
0.00054210
0.00055050
0.00056440
0.00054960
0.00051010
0.00054730
0.00054240
0.00054690
0.00058880
0.00054370
0.00054750
0.00054410
0.00054540
0.00054740
0.00054600
0.00054360
0.00054240
0.00064410
0.00052800
0.00051230
