1
150.00,69.00,48.00,54.00
150.00,69.00,48.00,54.00
150.00,69.00,48.00,54.00
150.00,69.00,48.00,54.00
149.00,69.00,48.00,54.00
149.00,68.00,48.00,54.00
149.00,68.00,48.00,54.00
149.00,68.00,48.00,54.00
150.00,68.00,48.00,54.00
150.00,68.00,48.00,54.00
150.00,68.00,48.00,54.00
150.00,68.00,48.00,54.00
150.00,68.00,48.00,54.00
150.00,68.00,48.00,54.00
151.00,68.00,48.00,54.00
152.00,68.00,48.00,54.00
153.00,69.00,48.00,54.00
153.00,69.00,48.00,54.00
153.00,69.00,48.00,54.00
153.00,69.00,48.00,54.00
153.00,69.00,48.00,54.00
153.00,69.00,48.00,54.00
153.00,69.00,48.00,54.00
153.00,69.00,48.00,54.00
153.00,69.00,48.00,54.00
153.00,69.00,48.00,54.00
2
0
0
0
0
1
223.14,94.15,57.34,49.98
223.14,94.15,57.34,49.98
223.14,93.15,57.34,49.98
223.14,93.15,57.34,49.98
223.14,93.15,57.34,49.98
223.14,93.15,57.34,49.98
223.14,93.15,57.34,49.98
223.14,93.15,57.34,49.98
2
0
0
0
0
1
132.00,51.00,41.00,42.00
132.00,51.00,41.00,42.00
131.00,50.00,41.00,42.00
126.00,51.00,41.00,42.00
125.00,51.00,41.00,42.00
2
0
0
0
0
1
47.00,37.00,53.00,61.00
45.00,41.00,53.00,61.00
44.00,43.00,53.00,61.00
43.00,44.00,53.00,61.00
44.00,44.00,53.00,61.00
45.00,43.00,53.00,61.00
45.00,43.00,53.00,61.00
45.00,43.00,53.00,61.00
2
0
0
0
0
1
185.00,68.00,38.00,72.00
187.00,68.00,38.00,72.00
189.00,68.00,38.00,72.00
192.00,68.00,38.00,72.00
195.00,68.00,38.00,72.00
198.00,68.00,38.00,72.00
199.00,69.00,38.00,72.00
200.00,69.00,38.00,72.00
200.00,69.00,38.00,72.00
200.00,69.00,38.00,72.00
199.00,68.00,38.00,72.00
195.00,68.00,38.00,72.00
193.00,68.00,38.00,72.00
190.00,68.00,38.00,72.00
185.00,68.00,38.00,72.00
181.00,68.00,38.00,72.00
177.00,68.00,38.00,72.00
173.00,68.00,38.00,72.00
169.00,68.00,38.00,72.00
165.00,68.00,38.00,72.00
161.00,67.00,38.00,72.00
156.00,67.00,38.00,72.00
151.00,66.00,38.00,72.00
146.00,64.00,38.00,72.00
141.00,64.00,38.00,72.00
137.00,64.00,38.00,72.00
135.00,64.00,38.00,72.00
126.00,61.00,38.00,72.00
124.00,61.00,38.00,72.00
2
0
0
0
0
1
205.85,88.72,60.26,61.14
205.85,88.72,60.26,61.14
205.85,88.72,60.26,61.14
205.85,87.72,60.26,61.14
205.85,87.72,60.26,61.14
205.85,87.72,60.26,61.14
205.85,87.72,60.26,61.14
205.85,87.72,60.26,61.14
205.85,87.72,60.26,61.14
205.85,87.72,60.26,61.14
205.85,87.72,60.26,61.14
205.85,87.72,60.26,61.14
205.85,87.72,60.26,61.14
205.85,87.72,60.26,61.14
205.85,87.72,60.26,61.14
205.85,87.72,60.26,61.14
205.85,87.72,60.26,61.14
205.85,87.72,60.26,61.14
205.85,87.72,60.26,61.14
205.85,87.72,60.26,61.14
205.85,87.72,60.26,61.14
2
0
0
0
0
1
107.63,49.97,56.36,67.33
107.63,49.97,56.36,67.33
106.63,48.97,56.36,67.33
106.63,49.97,56.36,67.33
107.63,49.97,56.36,67.33
107.63,49.97,56.36,67.33
107.63,49.97,56.36,67.33
107.63,49.97,56.36,67.33
107.63,49.97,56.36,67.33
107.63,49.97,56.36,67.33
2
0
0
0
0
1
213.04,111.54,61.92,60.14
213.04,111.54,61.92,60.14
213.04,111.54,61.92,60.14
213.04,111.54,61.92,60.14
213.04,111.54,61.92,60.14
213.04,111.54,61.92,60.14
213.04,111.54,61.92,60.14
213.04,111.54,61.92,60.14
213.04,111.54,61.92,60.14
213.04,111.54,61.92,60.14
212.04,110.54,61.92,60.14
212.04,111.54,61.92,60.14
212.04,111.54,61.92,60.14
212.04,111.54,61.92,60.14
211.04,111.54,61.92,60.14
211.04,111.54,61.92,60.14
2
0
0
0
0
1
179.82,33.28,49.90,51.20
179.82,34.28,49.90,51.20
179.82,33.28,49.90,51.20
179.82,33.28,49.90,51.20
179.82,33.28,49.90,51.20
2
0
0
0
0
1
230.68,60.54,50.24,50.37
230.68,60.54,50.24,50.37
230.68,60.54,50.24,50.37
230.68,60.54,50.24,50.37
230.68,60.54,50.24,50.37
230.68,60.54,50.24,50.37
230.68,60.54,50.24,50.37
2
0
0
0
0
1
131.68,38.75,45.24,47.71
131.68,38.75,45.24,47.71
131.68,38.75,45.24,47.71
131.68,38.75,45.24,47.71
2
0
0
0
0
1
60.00,58.00,39.00,46.00
63.00,66.00,39.00,46.00
67.00,74.00,39.00,46.00
67.00,74.00,39.00,46.00
66.00,74.00,39.00,46.00
66.00,74.00,39.00,46.00
66.00,74.00,39.00,46.00
2
0
0
0
0
1
95.00,126.00,45.00,57.00
96.00,126.00,45.00,57.00
100.00,125.00,45.00,57.00
104.00,125.00,45.00,57.00
107.00,126.00,45.00,57.00
110.00,127.00,45.00,57.00
112.00,129.00,45.00,57.00
114.00,129.00,45.00,57.00
115.00,128.00,45.00,57.00
117.00,126.00,45.00,57.00
118.00,124.00,45.00,57.00
120.00,118.00,45.00,57.00
121.00,117.00,45.00,57.00
121.00,116.00,45.00,57.00
121.00,116.00,45.00,57.00
121.00,116.00,45.00,57.00
121.00,116.00,45.00,57.00
122.00,116.00,45.00,57.00
122.00,116.00,45.00,57.00
123.00,116.00,45.00,57.00
124.00,116.00,45.00,57.00
125.00,116.00,45.00,57.00
124.00,116.00,45.00,57.00
124.00,116.00,45.00,57.00
124.00,116.00,45.00,57.00
124.00,116.00,45.00,57.00
124.00,116.00,45.00,57.00
124.00,116.00,45.00,57.00
124.00,116.00,45.00,57.00
124.00,116.00,45.00,57.00
124.00,116.00,45.00,57.00
124.00,116.00,45.00,57.00
123.00,116.00,45.00,57.00
123.00,116.00,45.00,57.00
123.00,116.00,45.00,57.00
123.00,116.00,45.00,57.00
123.00,116.00,45.00,57.00
123.00,116.00,45.00,57.00
123.00,116.00,45.00,57.00
123.00,116.00,45.00,57.00
123.00,116.00,45.00,57.00
123.00,116.00,45.00,57.00
123.00,116.00,45.00,57.00
123.00,116.00,45.00,57.00
123.00,116.00,45.00,57.00
123.00,116.00,45.00,57.00
123.00,116.00,45.00,57.00
123.00,116.00,45.00,57.00
