0.00719160 0
0.00304680 1
0.00320930 1
0.00177790 1
0.00225230 1
0.00370540 1
0.00211310 1
0.00173540 1
0.00182960 1
0.00268050 1
0.00156370 1
0.00203590 1
0.00184540 1
0.00195060 1
0.00291100 1
0.00252310 1
0.00257040 1
0.00331970 1
0.00220970 1
0.00253640 1
0.00228290 1
0.00212520 1
0.00201990 1
0.00167340 1
0.00176230 1
0.00201090 1
0.00277660 1
0.00380880 1
-
-
-
-
0.01012220 0
0.00340770 1
0.00490910 1
0.00446290 1
0.00369900 1
0.00354380 1
0.00314370 1
0.00320370 1
0.00265920 1
0.00328600 1
-
-
-
-
0.01178730 0
0.00358220 1
0.00319660 1
0.00318240 1
0.00872790 1
0.00657830 1
0.00444250 1
-
-
-
-
0.01360870 0
0.00339310 1
0.00427710 1
0.00479230 1
0.00482110 1
0.00472500 1
0.00381710 1
0.00554030 1
0.00492640 1
0.00329740 1
-
-
-
-
0.01849860 0
0.00477540 1
0.00399280 1
0.00387250 1
0.00414250 1
0.00399490 1
0.00474500 1
0.00400610 1
0.00391530 1
0.00581160 1
0.00351170 1
0.00349070 1
0.00347070 1
0.00336420 1
0.00368160 1
0.00369020 1
0.00373050 1
0.00377500 1
0.00362430 1
0.00430890 1
0.00385300 1
0.00385090 1
0.00361120 1
0.00370500 1
0.00360120 1
0.00362580 1
0.00352510 1
0.00362220 1
0.00367870 1
0.00386010 1
0.00364380 1
-
-
-
-
0.00827640 0
0.00381200 1
0.00401590 1
0.00360570 1
0.00454040 1
0.00269590 1
0.00251790 1
0.00276210 1
0.00256720 1
0.00281660 1
0.00305880 1
0.00287830 1
0.00261580 1
0.00258870 1
0.00252700 1
0.00284220 1
0.00301430 1
0.00260660 1
0.00238360 1
0.00246810 1
0.00244390 1
0.00244900 1
0.00249490 1
-
-
-
-
0.00508530 0
0.00190730 1
0.00220770 1
0.00187650 1
0.00195430 1
0.00167630 1
0.00164100 1
0.00170960 1
0.00159530 1
0.00173870 1
0.00174740 1
0.00166130 1
-
-
-
-
0.01396570 0
0.00460040 1
0.00476490 1
0.00459560 1
0.00467740 1
0.00469190 1
0.00472280 1
0.00658690 1
0.00530140 1
0.00571350 1
0.00521120 1
0.00490530 1
0.00510970 1
0.00503800 1
0.00528600 1
0.00498120 1
0.00476220 1
0.00502320 1
-
-
-
-
0.00763350 0
0.00337160 1
0.00245000 1
0.00229590 1
0.00265510 1
0.00226300 1
0.00262290 1
-
-
-
-
0.00699760 0
0.00262010 1
0.00230800 1
0.00236470 1
0.00279200 1
0.00237660 1
0.00225090 1
0.00226030 1
0.00253940 1
-
-
-
-
0.01222970 0
0.00417460 1
0.00485120 1
0.00385800 1
0.00453490 1
0.01197190 1
-
-
-
-
0.00393600 0
0.00178580 1
0.00147630 1
0.00151860 1
0.00163560 1
0.00150910 1
0.00145150 1
0.00335680 1
0.00128470 1
-
-
-
-
0.00918410 0
0.00298280 1
0.00331620 1
0.00391420 1
0.00309390 1
0.00613460 1
0.00278740 1
0.00263050 1
0.00262580 1
0.00264660 1
0.00258320 1
0.00268560 1
0.00258510 1
0.00265970 1
0.00259180 1
0.00264160 1
0.00274420 1
0.00258700 1
0.00289550 1
0.00263130 1
0.00293830 1
0.00273440 1
0.00276100 1
0.00266400 1
0.00268420 1
0.00268040 1
0.00257620 1
0.00270920 1
0.00245920 1
0.00263180 1
0.00282780 1
0.00275520 1
0.00261460 1
0.00243900 1
0.00247770 1
0.00257980 1
0.00244820 1
0.00247470 1
0.00243850 1
0.00254710 1
0.00254970 1
0.00243300 1
0.00250930 1
0.00297260 1
0.00270060 1
0.00255360 1
0.00252910 1
0.00263050 1
0.00244380 1
