0.00719160
0.00304680
0.00320930
0.00177790
0.00225230
0.00370540
0.00211310
0.00173540
0.00182960
0.00268050
0.00156370
0.00203590
0.00184540
0.00195060
0.00291100
0.00252310
0.00257040
0.00331970
0.00220970
0.00253640
0.00228290
0.00212520
0.00201990
0.00167340
0.00176230
0.00201090
0.00277660
0.00380880
0.00000000
0.00000000
0.00000000
0.00000000
0.01012220
0.00340770
0.00490910
0.00446290
0.00369900
0.00354380
0.00314370
0.00320370
0.00265920
0.00328600
0.00000000
0.00000000
0.00000000
0.00000000
0.01178730
0.00358220
0.00319660
0.00318240
0.00872790
0.00657830
0.00444250
0.00000000
0.00000000
0.00000000
0.00000000
0.01360870
0.00339310
0.00427710
0.00479230
0.00482110
0.00472500
0.00381710
0.00554030
0.00492640
0.00329740
0.00000000
0.00000000
0.00000000
0.00000000
0.01849860
0.00477540
0.00399280
0.00387250
0.00414250
0.00399490
0.00474500
0.00400610
0.00391530
0.00581160
0.00351170
0.00349070
0.00347070
0.00336420
0.00368160
0.00369020
0.00373050
0.00377500
0.00362430
0.00430890
0.00385300
0.00385090
0.00361120
0.00370500
0.00360120
0.00362580
0.00352510
0.00362220
0.00367870
0.00386010
0.00364380
0.00000000
0.00000000
0.00000000
0.00000000
0.00827640
0.00381200
0.00401590
0.00360570
0.00454040
0.00269590
0.00251790
0.00276210
0.00256720
0.00281660
0.00305880
0.00287830
0.00261580
0.00258870
0.00252700
0.00284220
0.00301430
0.00260660
0.00238360
0.00246810
0.00244390
0.00244900
0.00249490
0.00000000
0.00000000
0.00000000
0.00000000
0.00508530
0.00190730
0.00220770
0.00187650
0.00195430
0.00167630
0.00164100
0.00170960
0.00159530
0.00173870
0.00174740
0.00166130
0.00000000
0.00000000
0.00000000
0.00000000
0.01396570
0.00460040
0.00476490
0.00459560
0.00467740
0.00469190
0.00472280
0.00658690
0.00530140
0.00571350
0.00521120
0.00490530
0.00510970
0.00503800
0.00528600
0.00498120
0.00476220
0.00502320
0.00000000
0.00000000
0.00000000
0.00000000
0.00763350
0.00337160
0.00245000
0.00229590
0.00265510
0.00226300
0.00262290
0.00000000
0.00000000
0.00000000
0.00000000
0.00699760
0.00262010
0.00230800
0.00236470
0.00279200
0.00237660
0.00225090
0.00226030
0.00253940
0.00000000
0.00000000
0.00000000
0.00000000
0.01222970
0.00417460
0.00485120
0.00385800
0.00453490
0.01197190
0.00000000
0.00000000
0.00000000
0.00000000
0.00393600
0.00178580
0.00147630
0.00151860
0.00163560
0.00150910
0.00145150
0.00335680
0.00128470
0.00000000
0.00000000
0.00000000
0.00000000
0.00918410
0.00298280
0.00331620
0.00391420
0.00309390
0.00613460
0.00278740
0.00263050
0.00262580
0.00264660
0.00258320
0.00268560
0.00258510
0.00265970
0.00259180
0.00264160
0.00274420
0.00258700
0.00289550
0.00263130
0.00293830
0.00273440
0.00276100
0.00266400
0.00268420
0.00268040
0.00257620
0.00270920
0.00245920
0.00263180
0.00282780
0.00275520
0.00261460
0.00243900
0.00247770
0.00257980
0.00244820
0.00247470
0.00243850
0.00254710
0.00254970
0.00243300
0.00250930
0.00297260
0.00270060
0.00255360
0.00252910
0.00263050
0.00244380
