0.00783860
0.02299590
0.01875240
0.01044720
0.01806870
0.00803870
0.00555980
0.01262650
0.01197210
0.00496680
0.00541160
0.00544260
0.00643600
0.00491010
0.00514070
0.00620140
0.00555880
0.00522210
0.00452770
0.00439250
0.00443050
0.00440740
0.00443040
0.00480890
0.00502510
0.00638700
0.00484840
0.00508440
0.00561720
0.00440960
0.00506340
0.00436790
0.00750780
0.00548140
0.00518900
0.00571680
0.00449510
0.00607730
0.00555050
0.00546630
0.00430170
0.00412190
0.00458830
0.00400320
0.00607460
0.00620620
0.00489010
0.00514720
0.00627310
0.00465850
0.00507500
0.00621530
0.00536120
0.00462900
0.00453460
0.00570340
0.00471780
0.00508230
0.00602890
0.00454870
0.00538910
0.00591590
0.00536090
0.00458550
0.00446790
0.00524330
0.00453640
0.00459070
0.00619800
0.00478270
0.00599940
0.00762810
0.00513080
0.00450540
0.00457200
0.00464120
0.00446870
0.00513040
0.00606650
0.00470600
0.00509660
0.00603320
0.00517410
0.00482580
0.00601220
0.00484930
0.00466150
0.00468790
0.00461790
0.00464400
0.00497060
0.00610680
0.00504410
0.00577560
0.00611240
0.00496910
0.00533640
0.00498260
0.00535590
0.00490080
0.00679780
0.00649310
0.00692040
0.00721770
0.00689210
0.00484410
0.00564140
0.00489670
0.00544020
0.00450320
0.00484610
0.00668130
0.00466190
0.00576460
0.00644070
0.00556060
0.00606700
0.00686000
0.00561090
0.00705620
0.00571400
0.00805960
0.00589290
0.00685850
0.00810690
0.01888930
0.01045320
0.00574380
0.00539360
0.00451340
0.00469690
0.00474270
0.00453480
0.00492220
0.00560000
0.00482280
0.00499090
0.00567590
0.00528420
0.00489850
0.00592540
0.00473090
0.00450550
0.00482430
0.00477490
0.00458990
0.00516990
0.00568370
0.00487110
0.00567680
0.00616870
0.00461360
0.00492020
0.00504610
0.00529190
0.00472240
0.00826690
0.01586810
0.00904690
0.00595390
0.00588570
0.00520340
0.00441950
0.00447440
0.00435210
0.00438040
0.00502580
0.00576280
0.00444670
0.00652920
0.00551730
0.00533890
0.00456640
0.00553070
0.00445070
0.00417840
0.00461640
0.00416150
0.00424120
0.00474690
0.00531270
0.00432560
0.00468640
0.00543440
0.00426110
0.00404970
0.00424070
0.00399290
0.00417070
0.00478080
0.00566310
0.00460090
0.00452170
0.00560750
0.00439550
0.00443960
0.00565350
0.00442550
0.00442760
0.00428960
0.00417120
0.00434600
0.00484200
0.00533130
0.00483190
0.00456680
0.00615700
0.00443710
0.00412130
0.00471700
0.00431200
0.00411330
0.00500660
0.00635010
0.00485610
0.00529880
0.00594430
0.00477030
0.00424300
0.00453400
0.00420990
0.00440200
0.00463790
0.00539490
0.00424870
0.00471280
0.00574930
0.00428080
0.00445960
0.00567620
0.00463970
0.00421570
0.00428330
0.00446350
0.00428790
0.00439980
0.00619140
0.00440810
0.00478030
0.00547620
0.00424930
0.00443060
0.00423790
0.00425610
0.00453380
0.00441130
0.00591720
0.00496670
0.00540070
0.00767190
0.00450680
0.00526980
0.00572660
0.00438330
0.00483750
0.00432840
0.00435860
0.00413460
0.00471760
0.00591740
0.00437570
0.00458280
0.00647020
0.00475100
0.00448370
0.00448640
0.00420320
0.00447400
0.00447220
0.00541560
0.00489070
0.00453850
0.00553550
0.00450930
0.00419030
0.00448580
0.00424460
0.00424550
0.00468480
0.00415320
0.00429780
0.00495790
0.00535650
0.00459800
0.00450610
0.00547390
0.00465250
0.00416650
0.00443670
0.00453700
0.00426500
0.00457930
0.00581310
0.00452480
0.00541800
0.00562380
0.00440710
0.00457250
0.00429280
0.00415220
0.00454880
0.00631720
0.00580360
0.00430920
0.00439100
0.00588270
0.00533050
0.00534270
0.00562600
0.00433310
0.00435440
0.00413220
0.00429400
0.00432830
0.00447190
0.00591360
0.00427320
0.00485960
0.00573490
0.00432740
0.00430010
0.00414870
0.00413960
0.00455420
0.00442710
0.00548470
0.00473750
0.00457160
0.00800700
0.00454090
0.00426360
0.00503240
0.00438780
0.00416060
0.00507400
0.00567090
0.00457490
0.00459080
0.00543940
0.00467330
0.00504560
0.00598380
0.00455740
0.00422910
0.00444060
0.00427000
0.00416600
0.00508380
0.00567320
0.00466020
0.00461680
0.00547000
0.00475130
0.00413180
0.00401630
0.00436880
0.00408270
0.00566660
0.00540750
0.00421380
0.00568780
0.00563010
0.00443890
0.00414820
0.00423890
0.00412480
0.00426310
0.00466870
0.00575330
0.00457700
0.00449890
0.00582790
0.00430910
0.00461220
0.00561190
0.00438050
0.00436700
0.00432680
0.00414420
0.00451660
0.00443070
0.00561040
0.00439290
0.00432420
0.00569390
0.00445180
0.00414960
0.00514920
0.00435000
0.00414030
0.00474750
0.00535490
0.00481430
0.00446470
0.00533470
0.00460760
0.00457040
0.00581360
0.00425680
0.00406140
0.00434100
0.00410170
0.00414830
0.00472610
0.00520260
0.00462200
0.00559290
0.00708990
0.00492900
0.00438440
0.00425240
0.00424180
0.00435090
0.00606790
0.00567230
0.00444740
0.00569470
0.00548060
0.00463620
0.00401220
0.00399290
0.00487080
0.00460310
0.00473760
0.00544540
0.00428020
0.00529420
0.00750460
0.00555140
0.00489680
0.00637590
0.00456400
0.00419300
0.00456420
0.00434430
0.00449970
0.00486930
0.00533120
0.00472740
0.00464270
0.00580800
0.00466570
0.00427100
0.00416630
0.00437070
0.00422580
0.00456830
0.00552420
0.00430920
0.00482320
0.00548850
0.00430350
0.00457930
0.00536510
0.00452660
0.00433700
0.00413490
0.00460350
0.00416520
0.00445920
0.00583810
0.00437510
0.00490610
0.00545870
0.00429010
0.00509060
0.00462540
0.00497800
0.00477380
0.00555360
0.00622620
0.00436360
0.00569980
0.00557380
0.00437340
0.00456130
0.00417870
0.00429150
0.00417440
0.00459390
0.00582440
0.00417380
0.00465190
0.00580120
0.00445040
0.00487440
0.00618450
0.00571990
0.00431230
0.00437220
0.00470090
0.00451710
0.00444090
0.00565330
0.00442530
0.00444410
0.00550040
0.00445980
0.00460130
0.00416620
0.00428120
0.00449470
0.00454340
0.00530300
0.00435500
0.00455620
0.00582630
0.00484030
0.00497830
0.00835120
0.00602760
0.00574090
0.00463400
0.00549610
0.00545280
0.00635240
0.00679240
0.00470050
0.00525750
0.00623190
0.00491120
0.00483240
0.00606370
0.00838550
0.00623250
0.00631550
0.00693270
0.00595930
0.00606930
0.00731240
0.00574460
0.00607910
0.00745030
0.00640510
0.00567620
0.00568440
0.00477880
0.00581080
0.00713730
0.00697590
0.00506610
0.00796510
0.01153450
0.00634820
0.00726170
0.00531030
0.00668980
0.01002620
0.00804530
0.00989600
0.00878790
0.01428930
0.00723060
0.00548050
0.00518580
0.00539050
0.00676070
0.00575540
0.00754580
0.00798780
0.00494030
0.00477250
0.00597060
0.00479100
0.00557380
0.00650150
0.00474140
0.00481030
0.00458910
0.00460600
0.00467970
0.00500370
0.00596770
0.00488710
0.00481230
0.00579810
0.00594980
0.00426340
0.00450610
0.00421080
0.00449320
0.00450560
0.00559530
0.00437980
0.00427820
0.00586410
0.00426920
0.00415140
0.00515090
0.00425820
0.00442700
0.00444910
0.00532310
0.00454210
0.00439070
0.00587740
0.00432600
0.00460600
0.00580680
0.00442450
0.00424300
0.00416100
0.00428260
0.00458910
0.00457250
0.00575490
0.00474280
0.00456110
0.00726460
0.00431130
0.00572320
0.00471550
0.00477710
0.00509610
0.00603550
0.00618290
0.00459040
0.00555450
0.00586540
0.00490730
0.00563260
0.00448650
0.00400240
0.00491390
0.00456620
0.00559340
0.00486830
0.00523540
0.00598480
0.00425260
0.00509360
0.00530740
0.00415030
0.00482600
0.00414690
0.00422510
0.00419310
0.00459720
0.00602370
0.00433400
0.00467570
0.00577100
0.00427800
0.00428540
0.00415960
0.00542540
0.00470550
0.00484660
0.00546400
0.00443520
0.00454560
0.00569820
0.00447970
0.00444050
0.00563220
0.00446220
0.00446560
0.00434440
0.00425990
0.00443880
0.00473000
0.00531410
0.00445470
0.00517690
0.00594650
0.00447870
0.00437640
0.00450290
0.00434180
0.00409960
0.00575610
0.00569220
0.00491400
0.00533040
0.00615410
0.00445020
0.00424430
0.00456750
0.00414170
0.00431700
0.00484890
0.00546070
0.00466230
0.00433340
0.00452830
0.00581010
0.00424880
0.00420320
0.00490420
0.00549180
0.00457560
0.00436350
0.00456310
0.00597380
0.00438330
0.00463720
0.00517720
0.00448530
0.00489850
0.00451400
0.00424820
0.00436450
0.00417900
0.00462150
0.00431320
0.00413060
0.00449550
0.00460790
0.00552250
0.00433320
0.00424280
0.00491090
0.00609230
0.00452510
0.00445680
0.00537220
0.00575170
0.00432670
0.00434650
0.00505080
0.00567910
0.00437890
0.00406580
0.00443740
0.00553450
0.00423060
0.00414000
0.00464290
0.00553470
0.00440450
0.00404120
0.00485770
0.00455440
0.00421020
0.00417240
0.00434300
0.00433320
0.00400640
0.00427580
0.00417830
0.00406880
0.00452680
0.00435050
0.00519180
0.00476550
0.00425120
0.00506840
0.00562070
0.00432570
0.00460080
0.00461350
0.00574760
0.00435480
0.00410560
0.00469080
0.00535740
0.00447120
0.00438400
0.00451360
0.00576490
0.00416010
0.00421610
0.00505530
0.00556800
0.00429580
0.00402520
0.00428460
0.00398680
0.00432740
0.00414450
