0.00783860 0
0.02299590 1
0.01875240 1
0.01044720 1
0.01806870 1
0.00803870 1
0.00555980 1
0.01262650 1
0.01197210 1
0.00496680 1
0.00541160 1
0.00544260 1
0.00643600 1
0.00491010 1
0.00514070 1
0.00620140 1
0.00555880 1
0.00522210 1
0.00452770 1
0.00439250 1
0.00443050 1
0.00440740 1
0.00443040 1
0.00480890 1
0.00502510 1
0.00638700 1
0.00484840 1
0.00508440 1
0.00561720 1
0.00440960 1
0.00506340 1
0.00436790 1
0.00750780 1
0.00548140 1
0.00518900 1
0.00571680 1
0.00449510 1
0.00607730 1
0.00555050 1
0.00546630 1
0.00430170 1
0.00412190 1
0.00458830 1
0.00400320 1
0.00607460 1
0.00620620 1
0.00489010 1
0.00514720 1
0.00627310 1
0.00465850 1
0.00507500 1
0.00621530 1
0.00536120 1
0.00462900 1
0.00453460 1
0.00570340 1
0.00471780 1
0.00508230 1
0.00602890 1
0.00454870 1
0.00538910 1
0.00591590 1
0.00536090 1
0.00458550 1
0.00446790 1
0.00524330 1
0.00453640 1
0.00459070 1
0.00619800 1
0.00478270 1
0.00599940 1
0.00762810 1
0.00513080 1
0.00450540 1
0.00457200 1
0.00464120 1
0.00446870 1
0.00513040 1
0.00606650 1
0.00470600 1
0.00509660 1
0.00603320 1
0.00517410 1
0.00482580 1
0.00601220 1
0.00484930 1
0.00466150 1
0.00468790 1
0.00461790 1
0.00464400 1
0.00497060 1
0.00610680 1
0.00504410 1
0.00577560 1
0.00611240 1
0.00496910 1
0.00533640 1
0.00498260 1
0.00535590 1
0.00490080 1
0.00679780 1
0.00649310 1
0.00692040 1
0.00721770 1
0.00689210 1
0.00484410 1
0.00564140 1
0.00489670 1
0.00544020 1
0.00450320 1
0.00484610 1
0.00668130 1
0.00466190 1
0.00576460 1
0.00644070 1
0.00556060 1
0.00606700 1
0.00686000 1
0.00561090 1
0.00705620 1
0.00571400 1
0.00805960 1
0.00589290 1
0.00685850 1
0.00810690 1
0.01888930 1
0.01045320 1
0.00574380 1
0.00539360 1
0.00451340 1
0.00469690 1
0.00474270 1
0.00453480 1
0.00492220 1
0.00560000 1
0.00482280 1
0.00499090 1
0.00567590 1
0.00528420 1
0.00489850 1
0.00592540 1
0.00473090 1
0.00450550 1
0.00482430 1
0.00477490 1
0.00458990 1
0.00516990 1
0.00568370 1
0.00487110 1
0.00567680 1
0.00616870 1
0.00461360 1
0.00492020 1
0.00504610 1
0.00529190 1
0.00472240 1
0.00826690 1
0.01586810 1
0.00904690 1
0.00595390 1
0.00588570 1
0.00520340 1
0.00441950 1
0.00447440 1
0.00435210 1
0.00438040 1
0.00502580 1
0.00576280 1
0.00444670 1
0.00652920 1
0.00551730 1
0.00533890 1
0.00456640 1
0.00553070 1
0.00445070 1
0.00417840 1
0.00461640 1
0.00416150 1
0.00424120 1
0.00474690 1
0.00531270 1
0.00432560 1
0.00468640 1
0.00543440 1
0.00426110 1
0.00404970 1
0.00424070 1
0.00399290 1
0.00417070 1
0.00478080 1
0.00566310 1
0.00460090 1
0.00452170 1
0.00560750 1
0.00439550 1
0.00443960 1
0.00565350 1
0.00442550 1
0.00442760 1
0.00428960 1
0.00417120 1
0.00434600 1
0.00484200 1
0.00533130 1
0.00483190 1
0.00456680 1
0.00615700 1
0.00443710 1
0.00412130 1
0.00471700 1
0.00431200 1
0.00411330 1
0.00500660 1
0.00635010 1
0.00485610 1
0.00529880 1
0.00594430 1
0.00477030 1
0.00424300 1
0.00453400 1
0.00420990 1
0.00440200 1
0.00463790 1
0.00539490 1
0.00424870 1
0.00471280 1
0.00574930 1
0.00428080 1
0.00445960 1
0.00567620 1
0.00463970 1
0.00421570 1
0.00428330 1
0.00446350 1
0.00428790 1
0.00439980 1
0.00619140 1
0.00440810 1
0.00478030 1
0.00547620 1
0.00424930 1
0.00443060 1
0.00423790 1
0.00425610 1
0.00453380 1
0.00441130 1
0.00591720 1
0.00496670 1
0.00540070 1
0.00767190 1
0.00450680 1
0.00526980 1
0.00572660 1
0.00438330 1
0.00483750 1
0.00432840 1
0.00435860 1
0.00413460 1
0.00471760 1
0.00591740 1
0.00437570 1
0.00458280 1
0.00647020 1
0.00475100 1
0.00448370 1
0.00448640 1
0.00420320 1
0.00447400 1
0.00447220 1
0.00541560 1
0.00489070 1
0.00453850 1
0.00553550 1
0.00450930 1
0.00419030 1
0.00448580 1
0.00424460 1
0.00424550 1
0.00468480 1
0.00415320 1
0.00429780 1
0.00495790 1
0.00535650 1
0.00459800 1
0.00450610 1
0.00547390 1
0.00465250 1
0.00416650 1
0.00443670 1
0.00453700 1
0.00426500 1
0.00457930 1
0.00581310 1
0.00452480 1
0.00541800 1
0.00562380 1
0.00440710 1
0.00457250 1
0.00429280 1
0.00415220 1
0.00454880 1
0.00631720 1
0.00580360 1
0.00430920 1
0.00439100 1
0.00588270 1
0.00533050 1
0.00534270 1
0.00562600 1
0.00433310 1
0.00435440 1
0.00413220 1
0.00429400 1
0.00432830 1
0.00447190 1
0.00591360 1
0.00427320 1
0.00485960 1
0.00573490 1
0.00432740 1
0.00430010 1
0.00414870 1
0.00413960 1
0.00455420 1
0.00442710 1
0.00548470 1
0.00473750 1
0.00457160 1
0.00800700 1
0.00454090 1
0.00426360 1
0.00503240 1
0.00438780 1
0.00416060 1
0.00507400 1
0.00567090 1
0.00457490 1
0.00459080 1
0.00543940 1
0.00467330 1
0.00504560 1
0.00598380 1
0.00455740 1
0.00422910 1
0.00444060 1
0.00427000 1
0.00416600 1
0.00508380 1
0.00567320 1
0.00466020 1
0.00461680 1
0.00547000 1
0.00475130 1
0.00413180 1
0.00401630 1
0.00436880 1
0.00408270 1
0.00566660 1
0.00540750 1
0.00421380 1
0.00568780 1
0.00563010 1
0.00443890 1
0.00414820 1
0.00423890 1
0.00412480 1
0.00426310 1
0.00466870 1
0.00575330 1
0.00457700 1
0.00449890 1
0.00582790 1
0.00430910 1
0.00461220 1
0.00561190 1
0.00438050 1
0.00436700 1
0.00432680 1
0.00414420 1
0.00451660 1
0.00443070 1
0.00561040 1
0.00439290 1
0.00432420 1
0.00569390 1
0.00445180 1
0.00414960 1
0.00514920 1
0.00435000 1
0.00414030 1
0.00474750 1
0.00535490 1
0.00481430 1
0.00446470 1
0.00533470 1
0.00460760 1
0.00457040 1
0.00581360 1
0.00425680 1
0.00406140 1
0.00434100 1
0.00410170 1
0.00414830 1
0.00472610 1
0.00520260 1
0.00462200 1
0.00559290 1
0.00708990 1
0.00492900 1
0.00438440 1
0.00425240 1
0.00424180 1
0.00435090 1
0.00606790 1
0.00567230 1
0.00444740 1
0.00569470 1
0.00548060 1
0.00463620 1
0.00401220 1
0.00399290 1
0.00487080 1
0.00460310 1
0.00473760 1
0.00544540 1
0.00428020 1
0.00529420 1
0.00750460 1
0.00555140 1
0.00489680 1
0.00637590 1
0.00456400 1
0.00419300 1
0.00456420 1
0.00434430 1
0.00449970 1
0.00486930 1
0.00533120 1
0.00472740 1
0.00464270 1
0.00580800 1
0.00466570 1
0.00427100 1
0.00416630 1
0.00437070 1
0.00422580 1
0.00456830 1
0.00552420 1
0.00430920 1
0.00482320 1
0.00548850 1
0.00430350 1
0.00457930 1
0.00536510 1
0.00452660 1
0.00433700 1
0.00413490 1
0.00460350 1
0.00416520 1
0.00445920 1
0.00583810 1
0.00437510 1
0.00490610 1
0.00545870 1
0.00429010 1
0.00509060 1
0.00462540 1
0.00497800 1
0.00477380 1
0.00555360 1
0.00622620 1
0.00436360 1
0.00569980 1
0.00557380 1
0.00437340 1
0.00456130 1
0.00417870 1
0.00429150 1
0.00417440 1
0.00459390 1
0.00582440 1
0.00417380 1
0.00465190 1
0.00580120 1
0.00445040 1
0.00487440 1
0.00618450 1
0.00571990 1
0.00431230 1
0.00437220 1
0.00470090 1
0.00451710 1
0.00444090 1
0.00565330 1
0.00442530 1
0.00444410 1
0.00550040 1
0.00445980 1
0.00460130 1
0.00416620 1
0.00428120 1
0.00449470 1
0.00454340 1
0.00530300 1
0.00435500 1
0.00455620 1
0.00582630 1
0.00484030 1
0.00497830 1
0.00835120 1
0.00602760 1
0.00574090 1
0.00463400 1
0.00549610 1
0.00545280 1
0.00635240 1
0.00679240 1
0.00470050 1
0.00525750 1
0.00623190 1
0.00491120 1
0.00483240 1
0.00606370 1
0.00838550 1
0.00623250 1
0.00631550 1
0.00693270 1
0.00595930 1
0.00606930 1
0.00731240 1
0.00574460 1
0.00607910 1
0.00745030 1
0.00640510 1
0.00567620 1
0.00568440 1
0.00477880 1
0.00581080 1
0.00713730 1
0.00697590 1
0.00506610 1
0.00796510 1
0.01153450 1
0.00634820 1
0.00726170 1
0.00531030 1
0.00668980 1
0.01002620 1
0.00804530 1
0.00989600 1
0.00878790 1
0.01428930 1
0.00723060 1
0.00548050 1
0.00518580 1
0.00539050 1
0.00676070 1
0.00575540 1
0.00754580 1
0.00798780 1
0.00494030 1
0.00477250 1
0.00597060 1
0.00479100 1
0.00557380 1
0.00650150 1
0.00474140 1
0.00481030 1
0.00458910 1
0.00460600 1
0.00467970 1
0.00500370 1
0.00596770 1
0.00488710 1
0.00481230 1
0.00579810 1
0.00594980 1
0.00426340 1
0.00450610 1
0.00421080 1
0.00449320 1
0.00450560 1
0.00559530 1
0.00437980 1
0.00427820 1
0.00586410 1
0.00426920 1
0.00415140 1
0.00515090 1
0.00425820 1
0.00442700 1
0.00444910 1
0.00532310 1
0.00454210 1
0.00439070 1
0.00587740 1
0.00432600 1
0.00460600 1
0.00580680 1
0.00442450 1
0.00424300 1
0.00416100 1
0.00428260 1
0.00458910 1
0.00457250 1
0.00575490 1
0.00474280 1
0.00456110 1
0.00726460 1
0.00431130 1
0.00572320 1
0.00471550 1
0.00477710 1
0.00509610 1
0.00603550 1
0.00618290 1
0.00459040 1
0.00555450 1
0.00586540 1
0.00490730 1
0.00563260 1
0.00448650 1
0.00400240 1
0.00491390 1
0.00456620 1
0.00559340 1
0.00486830 1
0.00523540 1
0.00598480 1
0.00425260 1
0.00509360 1
0.00530740 1
0.00415030 1
0.00482600 1
0.00414690 1
0.00422510 1
0.00419310 1
0.00459720 1
0.00602370 1
0.00433400 1
0.00467570 1
0.00577100 1
0.00427800 1
0.00428540 1
0.00415960 1
0.00542540 1
0.00470550 1
0.00484660 1
0.00546400 1
0.00443520 1
0.00454560 1
0.00569820 1
0.00447970 1
0.00444050 1
0.00563220 1
0.00446220 1
0.00446560 1
0.00434440 1
0.00425990 1
0.00443880 1
0.00473000 1
0.00531410 1
0.00445470 1
0.00517690 1
0.00594650 1
0.00447870 1
0.00437640 1
0.00450290 1
0.00434180 1
0.00409960 1
0.00575610 1
0.00569220 1
0.00491400 1
0.00533040 1
0.00615410 1
0.00445020 1
0.00424430 1
0.00456750 1
0.00414170 1
0.00431700 1
0.00484890 1
0.00546070 1
0.00466230 1
0.00433340 1
0.00452830 1
0.00581010 1
0.00424880 1
0.00420320 1
0.00490420 1
0.00549180 1
0.00457560 1
0.00436350 1
0.00456310 1
0.00597380 1
0.00438330 1
0.00463720 1
0.00517720 1
0.00448530 1
0.00489850 1
0.00451400 1
0.00424820 1
0.00436450 1
0.00417900 1
0.00462150 1
0.00431320 1
0.00413060 1
0.00449550 1
0.00460790 1
0.00552250 1
0.00433320 1
0.00424280 1
0.00491090 1
0.00609230 1
0.00452510 1
0.00445680 1
0.00537220 1
0.00575170 1
0.00432670 1
0.00434650 1
0.00505080 1
0.00567910 1
0.00437890 1
0.00406580 1
0.00443740 1
0.00553450 1
0.00423060 1
0.00414000 1
0.00464290 1
0.00553470 1
0.00440450 1
0.00404120 1
0.00485770 1
0.00455440 1
0.00421020 1
0.00417240 1
0.00434300 1
0.00433320 1
0.00400640 1
0.00427580 1
0.00417830 1
0.00406880 1
0.00452680 1
0.00435050 1
0.00519180 1
0.00476550 1
0.00425120 1
0.00506840 1
0.00562070 1
0.00432570 1
0.00460080 1
0.00461350 1
0.00574760 1
0.00435480 1
0.00410560 1
0.00469080 1
0.00535740 1
0.00447120 1
0.00438400 1
0.00451360 1
0.00576490 1
0.00416010 1
0.00421610 1
0.00505530 1
0.00556800 1
0.00429580 1
0.00402520 1
0.00428460 1
0.00398680 1
0.00432740 1
0.00414450 1
