0.00277450
0.00335610
0.00207750
0.00197180
0.00381500
0.00187370
0.00200070
0.00399130
0.00172220
0.00170010
0.00246700
0.00178840
0.00180610
0.00175160
0.00183400
0.00174470
0.00177590
0.00256170
0.00186370
0.00176790
0.00174820
0.00181120
0.00188170
0.00178790
0.00195240
0.00180560
0.00174480
0.00182900
0.00209070
0.00190000
0.00168020
0.00166240
0.00182270
0.00161900
0.00164570
0.00258740
0.00180790
0.00171770
0.00172420
0.00259140
0.00175990
0.00205990
0.00182310
0.00171660
0.00175080
0.00172360
0.00170170
0.00173760
0.00172200
0.00186410
0.00172170
0.00173230
0.00184100
0.00171470
0.00172450
0.00173070
0.00178760
0.00174680
0.00214280
0.00218410
0.00178210
0.00172340
0.00182940
0.00175920
0.00172410
0.00171860
0.00180570
0.00173760
0.00172000
0.00171630
0.00185850
0.00173550
0.00171610
0.00171440
0.00254540
0.00214140
0.00173900
0.00184840
0.00234480
0.00307070
0.00172450
0.00188120
0.00232480
0.00173950
0.00177590
0.00258970
0.00176310
0.00172130
0.00196430
0.00177590
0.00175210
0.00173690
0.00176820
0.00176940
0.00172290
0.00192820
0.00185480
0.00191170
0.00178560
0.00181750
0.00179730
0.00200130
0.00194620
0.00180790
0.00204490
0.00180380
0.00181960
0.00185120
0.00201400
0.00179550
0.00177230
0.00176470
0.00183340
0.00266900
0.00187670
0.00186110
0.00214500
0.00178770
0.00177350
0.00195270
0.00181370
0.00185220
0.00185770
0.00202220
0.00178600
0.00180910
0.00201200
0.00203370
0.02716030
0.00207390
0.00184780
0.00176250
0.00211430
0.00245430
0.00186750
0.00184800
0.00173000
0.00175140
0.00176220
0.00177390
0.00179300
0.00177340
0.00173000
0.00178440
0.00182000
0.00186620
0.00173540
0.00181460
0.00193690
0.00180500
0.00176270
0.00173930
0.00181870
0.00193100
0.00176750
0.00173530
0.00176210
0.00186240
0.00176960
0.00176360
0.00175680
0.00276830
0.00192450
0.00196410
0.00236970
0.00173630
0.00277300
0.00217090
0.00181030
0.00180460
0.00192530
0.00181540
0.00182500
0.00190620
0.00180410
0.00179690
0.00183140
0.00188860
0.00230190
0.00180350
0.00363810
0.00182510
0.00192910
0.00198570
0.00182930
0.00173820
0.00168470
0.00187650
0.00176090
0.00172530
0.00178200
0.00191640
0.00175670
0.00176500
0.00182230
0.00173270
0.00293960
0.00265130
0.00195110
0.00187360
0.00191270
0.00197470
0.00199910
0.00245520
0.00256210
0.00202100
0.00395630
0.00185080
0.00211760
0.00254820
0.00206920
0.00194680
0.00230940
0.01206910
0.00399500
0.00187970
0.00170800
0.00164590
0.00161420
0.00161260
0.00174570
0.00162060
0.00160920
0.00160890
0.00163190
0.00161240
0.00168020
0.00172490
0.00177300
0.00171670
0.00173110
0.00173220
0.00175420
0.00177120
0.00170640
0.00178560
0.00173810
0.00198540
0.00175330
0.00173470
0.00182430
0.00172390
0.00171020
0.00196170
0.00173350
0.00174090
0.00181650
0.00189820
0.00172580
0.00171570
0.00176470
0.00189070
0.00187540
0.00171200
0.00173200
0.00178970
0.00176900
0.00171730
0.00172000
0.00178120
0.00171940
0.00176730
0.00171260
0.00175260
0.00183250
0.00173070
0.00173790
0.00177690
0.00172560
0.00172440
0.00171330
0.00188290
0.00172020
0.00181120
0.00188990
0.00199410
0.00181410
0.00177710
0.00181070
0.00180560
0.00178140
0.00175170
0.00177800
0.00184850
0.00179080
0.00182090
0.00177250
0.00182800
0.00176860
0.00177090
0.00188290
0.00179860
0.00177620
0.00176080
0.00189540
0.00183610
0.00174500
0.00174920
0.00186210
0.00180490
0.00176620
0.00184340
0.00182960
0.00177840
0.00174780
0.00175240
0.00183340
0.00178190
0.00181190
0.00191620
0.00241040
0.00223670
0.00171910
0.00181580
0.00177140
0.00178320
0.00178920
0.00181720
0.00209290
0.00181450
0.00209340
0.00210310
0.00183350
0.00178510
0.00203370
0.00224290
0.00177890
0.00256770
0.00176490
0.00182670
0.00174310
0.00187520
0.00171840
0.00170280
0.00178800
0.00186740
0.00175980
0.00172670
0.00171640
0.00175730
0.00172450
0.00173240
0.00173200
0.00178750
0.00173330
0.00171220
0.00246530
0.00218470
0.00172730
0.00170300
0.00181590
0.00171990
0.00174110
0.00173510
0.00172080
0.00174850
0.00178130
0.00178080
0.00174540
0.00184050
0.00172810
0.00209500
0.00198290
0.00224480
0.00172400
0.00195840
0.00174700
0.00174070
0.00179430
0.00174460
0.00183030
