1
438.67,108.67,50.66,72.32
438.67,108.67,50.66,72.32
438.67,108.67,50.66,72.32
438.67,107.67,50.66,72.32
437.67,107.67,50.66,72.32
437.67,107.67,50.66,72.32
437.67,108.67,50.66,72.32
437.67,107.67,50.66,72.32
436.67,107.67,50.66,72.32
436.67,106.67,50.66,72.32
436.67,106.67,50.66,72.32
435.67,106.67,50.66,72.32
435.67,106.67,50.66,72.32
435.67,106.67,50.66,72.32
435.67,107.67,50.66,72.32
436.67,108.67,50.66,72.32
436.67,108.67,50.66,72.32
437.67,109.67,50.66,72.32
437.67,109.67,50.66,72.32
438.67,108.67,50.66,72.32
439.67,107.67,50.66,72.32
439.67,107.67,50.66,72.32
439.67,107.67,50.66,72.32
439.67,108.67,50.66,72.32
439.67,109.67,50.66,72.32
439.67,109.67,50.66,72.32
439.67,110.67,50.66,72.32
438.67,111.67,50.66,72.32
438.67,112.67,50.66,72.32
437.67,113.67,50.66,72.32
437.67,114.67,50.66,72.32
436.67,115.67,50.66,72.32
436.67,116.67,50.66,72.32
436.67,118.67,50.66,72.32
435.67,119.67,50.66,72.32
434.67,120.67,50.66,72.32
433.67,120.67,50.66,72.32
432.67,121.67,50.66,72.32
430.67,120.67,50.66,72.32
429.67,120.67,50.66,72.32
427.67,119.67,50.66,72.32
426.67,118.67,50.66,72.32
425.67,117.67,50.66,72.32
423.67,116.67,50.66,72.32
423.67,115.67,50.66,72.32
422.67,114.67,50.66,72.32
421.67,114.67,50.66,72.32
421.67,114.67,50.66,72.32
420.67,114.67,50.66,72.32
420.67,114.67,50.66,72.32
419.67,114.67,50.66,72.32
419.67,115.67,50.66,72.32
419.67,117.67,50.66,72.32
419.67,118.67,50.66,72.32
419.67,120.67,50.66,72.32
418.67,121.67,50.66,72.32
418.67,123.67,50.66,72.32
418.67,124.67,50.66,72.32
419.67,125.67,50.66,72.32
420.67,126.67,50.66,72.32
421.67,127.67,50.66,72.32
423.67,127.67,50.66,72.32
424.67,128.67,50.66,72.32
424.67,128.67,50.66,72.32
425.67,129.67,50.66,72.32
426.67,129.67,50.66,72.32
427.67,130.67,50.66,72.32
427.67,130.67,50.66,72.32
428.67,129.67,50.66,72.32
428.67,129.67,50.66,72.32
429.67,129.67,50.66,72.32
429.67,130.67,50.66,72.32
430.67,131.67,50.66,72.32
431.67,132.67,50.66,72.32
431.67,133.67,50.66,72.32
431.67,134.67,50.66,72.32
431.67,134.67,50.66,72.32
431.67,135.67,50.66,72.32
430.67,135.67,50.66,72.32
430.67,135.67,50.66,72.32
429.67,136.67,50.66,72.32
428.67,136.67,50.66,72.32
426.67,135.67,50.66,72.32
425.67,134.67,50.66,72.32
424.67,134.67,50.66,72.32
423.67,134.67,50.66,72.32
423.67,134.67,50.66,72.32
423.67,134.67,50.66,72.32
423.67,135.67,50.66,72.32
423.67,136.67,50.66,72.32
424.67,137.67,50.66,72.32
425.67,137.67,50.66,72.32
425.67,137.67,50.66,72.32
426.67,137.67,50.66,72.32
427.67,137.67,50.66,72.32
428.67,137.67,50.66,72.32
428.67,137.67,50.66,72.32
429.67,137.67,50.66,72.32
430.67,137.67,50.66,72.32
431.67,137.67,50.66,72.32
431.67,138.67,50.66,72.32
432.67,137.67,50.66,72.32
432.67,137.67,50.66,72.32
432.67,136.67,50.66,72.32
431.67,135.67,50.66,72.32
429.67,134.67,50.66,72.32
426.67,134.67,50.66,72.32
425.67,133.67,50.66,72.32
424.67,131.67,50.66,72.32
424.67,129.67,50.66,72.32
425.67,127.67,50.66,72.32
426.67,125.67,50.66,72.32
427.67,123.67,50.66,72.32
428.67,122.67,50.66,72.32
430.67,122.67,50.66,72.32
432.67,122.67,50.66,72.32
434.67,123.67,50.66,72.32
436.67,124.67,50.66,72.32
438.67,125.67,50.66,72.32
439.67,126.67,50.66,72.32
441.67,126.67,50.66,72.32
442.67,126.67,50.66,72.32
442.67,126.67,50.66,72.32
441.67,125.67,50.66,72.32
441.67,125.67,50.66,72.32
441.67,125.67,50.66,72.32
441.67,125.67,50.66,72.32
442.67,125.67,50.66,72.32
442.67,126.67,50.66,72.32
443.67,127.67,50.66,72.32
444.67,129.67,50.66,72.32
446.67,130.67,50.66,72.32
447.67,131.67,50.66,72.32
450.67,131.67,50.66,72.32
452.67,131.67,50.66,72.32
453.67,131.67,50.66,72.32
454.67,131.67,50.66,72.32
455.67,131.67,50.66,72.32
457.67,131.67,50.66,72.32
458.67,132.67,50.66,72.32
459.67,133.67,50.66,72.32
460.67,134.67,50.66,72.32
461.67,135.67,50.66,72.32
463.67,136.67,50.66,72.32
463.67,136.67,50.66,72.32
465.67,135.67,50.66,72.32
466.67,134.67,50.66,72.32
467.67,133.67,50.66,72.32
468.67,131.67,50.66,72.32
470.67,129.67,50.66,72.32
471.67,127.67,50.66,72.32
472.67,125.67,50.66,72.32
473.67,123.67,50.66,72.32
475.67,121.67,50.66,72.32
476.67,119.67,50.66,72.32
477.67,118.67,50.66,72.32
479.67,117.67,50.66,72.32
479.67,116.67,50.66,72.32
479.67,115.67,50.66,72.32
479.67,114.67,50.66,72.32
478.67,114.67,50.66,72.32
477.67,114.67,50.66,72.32
477.67,115.67,50.66,72.32
476.67,115.67,50.66,72.32
474.67,116.67,50.66,72.32
473.67,116.67,50.66,72.32
472.67,116.67,50.66,72.32
471.67,115.67,50.66,72.32
471.67,115.67,50.66,72.32
471.67,114.67,50.66,72.32
471.67,114.67,50.66,72.32
470.67,114.67,50.66,72.32
470.67,114.67,50.66,72.32
470.67,114.67,50.66,72.32
469.67,114.67,50.66,72.32
469.67,114.67,50.66,72.32
469.67,114.67,50.66,72.32
468.67,114.67,50.66,72.32
467.67,115.67,50.66,72.32
467.67,115.67,50.66,72.32
467.67,116.67,50.66,72.32
467.67,116.67,50.66,72.32
467.67,117.67,50.66,72.32
467.67,117.67,50.66,72.32
467.67,119.67,50.66,72.32
468.67,120.67,50.66,72.32
469.67,121.67,50.66,72.32
470.67,122.67,50.66,72.32
470.67,122.67,50.66,72.32
472.67,123.67,50.66,72.32
473.67,124.67,50.66,72.32
473.67,125.67,50.66,72.32
473.67,126.67,50.66,72.32
474.67,126.67,50.66,72.32
473.67,126.67,50.66,72.32
472.67,126.67,50.66,72.32
471.67,126.67,50.66,72.32
470.67,126.67,50.66,72.32
469.67,126.67,50.66,72.32
469.67,126.67,50.66,72.32
469.67,127.67,50.66,72.32
468.67,127.67,50.66,72.32
467.67,128.67,50.66,72.32
468.67,129.67,50.66,72.32
469.67,130.67,50.66,72.32
469.67,131.67,50.66,72.32
469.67,131.67,50.66,72.32
470.67,132.67,50.66,72.32
469.67,132.67,50.66,72.32
468.67,132.67,50.66,72.32
468.67,132.67,50.66,72.32
468.67,132.67,50.66,72.32
467.67,132.67,50.66,72.32
466.67,131.67,50.66,72.32
465.67,130.67,50.66,72.32
464.67,129.67,50.66,72.32
462.67,128.67,50.66,72.32
461.67,128.67,50.66,72.32
459.67,127.67,50.66,72.32
458.67,127.67,50.66,72.32
457.67,126.67,50.66,72.32
456.67,126.67,50.66,72.32
455.67,126.67,50.66,72.32
454.67,126.67,50.66,72.32
453.67,127.67,50.66,72.32
452.67,129.67,50.66,72.32
452.67,130.67,50.66,72.32
453.67,131.67,50.66,72.32
453.67,133.67,50.66,72.32
454.67,133.67,50.66,72.32
456.67,134.67,50.66,72.32
458.67,134.67,50.66,72.32
459.67,134.67,50.66,72.32
460.67,133.67,50.66,72.32
461.67,132.67,50.66,72.32
462.67,132.67,50.66,72.32
463.67,132.67,50.66,72.32
463.67,132.67,50.66,72.32
462.67,131.67,50.66,72.32
462.67,131.67,50.66,72.32
461.67,130.67,50.66,72.32
460.67,129.67,50.66,72.32
459.67,129.67,50.66,72.32
458.67,129.67,50.66,72.32
457.67,129.67,50.66,72.32
456.67,130.67,50.66,72.32
455.67,130.67,50.66,72.32
454.67,131.67,50.66,72.32
453.67,131.67,50.66,72.32
452.67,132.67,50.66,72.32
450.67,132.67,50.66,72.32
448.67,131.67,50.66,72.32
446.67,131.67,50.66,72.32
444.67,130.67,50.66,72.32
442.67,130.67,50.66,72.32
440.67,129.67,50.66,72.32
438.67,128.67,50.66,72.32
437.67,128.67,50.66,72.32
436.67,128.67,50.66,72.32
435.67,128.67,50.66,72.32
435.67,128.67,50.66,72.32
434.67,128.67,50.66,72.32
433.67,128.67,50.66,72.32
433.67,128.67,50.66,72.32
432.67,128.67,50.66,72.32
431.67,128.67,50.66,72.32
430.67,127.67,50.66,72.32
430.67,127.67,50.66,72.32
429.67,128.67,50.66,72.32
427.67,128.67,50.66,72.32
426.67,129.67,50.66,72.32
425.67,129.67,50.66,72.32
424.67,130.67,50.66,72.32
424.67,131.67,50.66,72.32
425.67,132.67,50.66,72.32
425.67,134.67,50.66,72.32
427.67,135.67,50.66,72.32
429.67,135.67,50.66,72.32
430.67,135.67,50.66,72.32
431.67,134.67,50.66,72.32
433.67,133.67,50.66,72.32
434.67,132.67,50.66,72.32
434.67,131.67,50.66,72.32
435.67,131.67,50.66,72.32
435.67,131.67,50.66,72.32
434.67,131.67,50.66,72.32
433.67,131.67,50.66,72.32
432.67,131.67,50.66,72.32
431.67,131.67,50.66,72.32
429.67,130.67,50.66,72.32
427.67,131.67,50.66,72.32
426.67,131.67,50.66,72.32
425.67,132.67,50.66,72.32
424.67,133.67,50.66,72.32
422.67,135.67,50.66,72.32
421.67,137.67,50.66,72.32
419.67,139.67,50.66,72.32
417.67,140.67,50.66,72.32
415.67,140.67,50.66,72.32
411.67,140.67,50.66,72.32
408.67,139.67,50.66,72.32
406.67,138.67,50.66,72.32
404.67,138.67,50.66,72.32
401.67,137.67,50.66,72.32
399.67,136.67,50.66,72.32
396.67,135.67,50.66,72.32
393.67,133.67,50.66,72.32
391.67,130.67,50.66,72.32
389.67,128.67,50.66,72.32
387.67,126.67,50.66,72.32
386.67,125.67,50.66,72.32
384.67,124.67,50.66,72.32
384.67,124.67,50.66,72.32
384.67,124.67,50.66,72.32
384.67,125.67,50.66,72.32
383.67,126.67,50.66,72.32
383.67,127.67,50.66,72.32
384.67,129.67,50.66,72.32
384.67,131.67,50.66,72.32
385.67,132.67,50.66,72.32
386.67,133.67,50.66,72.32
387.67,135.67,50.66,72.32
388.67,136.67,50.66,72.32
390.67,137.67,50.66,72.32
390.67,137.67,50.66,72.32
390.67,137.67,50.66,72.32
390.67,137.67,50.66,72.32
390.67,136.67,50.66,72.32
390.67,136.67,50.66,72.32
391.67,136.67,50.66,72.32
392.67,136.67,50.66,72.32
392.67,136.67,50.66,72.32
391.67,135.67,50.66,72.32
390.67,135.67,50.66,72.32
389.67,134.67,50.66,72.32
389.67,133.67,50.66,72.32
387.67,133.67,50.66,72.32
385.67,133.67,50.66,72.32
385.67,133.67,50.66,72.32
384.67,133.67,50.66,72.32
383.67,134.67,50.66,72.32
382.67,135.67,50.66,72.32
382.67,135.67,50.66,72.32
382.67,135.67,50.66,72.32
382.67,136.67,50.66,72.32
380.67,136.67,50.66,72.32
379.67,136.67,50.66,72.32
378.67,137.67,50.66,72.32
376.67,137.67,50.66,72.32
375.67,137.67,50.66,72.32
374.67,137.67,50.66,72.32
373.67,137.67,50.66,72.32
371.67,137.67,50.66,72.32
370.67,136.67,50.66,72.32
369.67,136.67,50.66,72.32
368.67,136.67,50.66,72.32
367.67,136.67,50.66,72.32
366.67,134.67,50.66,72.32
364.67,132.67,50.66,72.32
363.67,128.67,50.66,72.32
362.67,124.67,50.66,72.32
361.67,121.67,50.66,72.32
360.67,119.67,50.66,72.32
359.67,117.67,50.66,72.32
359.67,116.67,50.66,72.32
358.67,115.67,50.66,72.32
358.67,115.67,50.66,72.32
358.67,115.67,50.66,72.32
358.67,114.67,50.66,72.32
358.67,114.67,50.66,72.32
