0.00277450 0
0.00335610 1
0.00207750 1
0.00197180 1
0.00381500 1
0.00187370 1
0.00200070 1
0.00399130 1
0.00172220 1
0.00170010 1
0.00246700 1
0.00178840 1
0.00180610 1
0.00175160 1
0.00183400 1
0.00174470 1
0.00177590 1
0.00256170 1
0.00186370 1
0.00176790 1
0.00174820 1
0.00181120 1
0.00188170 1
0.00178790 1
0.00195240 1
0.00180560 1
0.00174480 1
0.00182900 1
0.00209070 1
0.00190000 1
0.00168020 1
0.00166240 1
0.00182270 1
0.00161900 1
0.00164570 1
0.00258740 1
0.00180790 1
0.00171770 1
0.00172420 1
0.00259140 1
0.00175990 1
0.00205990 1
0.00182310 1
0.00171660 1
0.00175080 1
0.00172360 1
0.00170170 1
0.00173760 1
0.00172200 1
0.00186410 1
0.00172170 1
0.00173230 1
0.00184100 1
0.00171470 1
0.00172450 1
0.00173070 1
0.00178760 1
0.00174680 1
0.00214280 1
0.00218410 1
0.00178210 1
0.00172340 1
0.00182940 1
0.00175920 1
0.00172410 1
0.00171860 1
0.00180570 1
0.00173760 1
0.00172000 1
0.00171630 1
0.00185850 1
0.00173550 1
0.00171610 1
0.00171440 1
0.00254540 1
0.00214140 1
0.00173900 1
0.00184840 1
0.00234480 1
0.00307070 1
0.00172450 1
0.00188120 1
0.00232480 1
0.00173950 1
0.00177590 1
0.00258970 1
0.00176310 1
0.00172130 1
0.00196430 1
0.00177590 1
0.00175210 1
0.00173690 1
0.00176820 1
0.00176940 1
0.00172290 1
0.00192820 1
0.00185480 1
0.00191170 1
0.00178560 1
0.00181750 1
0.00179730 1
0.00200130 1
0.00194620 1
0.00180790 1
0.00204490 1
0.00180380 1
0.00181960 1
0.00185120 1
0.00201400 1
0.00179550 1
0.00177230 1
0.00176470 1
0.00183340 1
0.00266900 1
0.00187670 1
0.00186110 1
0.00214500 1
0.00178770 1
0.00177350 1
0.00195270 1
0.00181370 1
0.00185220 1
0.00185770 1
0.00202220 1
0.00178600 1
0.00180910 1
0.00201200 1
0.00203370 1
0.02716030 1
0.00207390 1
0.00184780 1
0.00176250 1
0.00211430 1
0.00245430 1
0.00186750 1
0.00184800 1
0.00173000 1
0.00175140 1
0.00176220 1
0.00177390 1
0.00179300 1
0.00177340 1
0.00173000 1
0.00178440 1
0.00182000 1
0.00186620 1
0.00173540 1
0.00181460 1
0.00193690 1
0.00180500 1
0.00176270 1
0.00173930 1
0.00181870 1
0.00193100 1
0.00176750 1
0.00173530 1
0.00176210 1
0.00186240 1
0.00176960 1
0.00176360 1
0.00175680 1
0.00276830 1
0.00192450 1
0.00196410 1
0.00236970 1
0.00173630 1
0.00277300 1
0.00217090 1
0.00181030 1
0.00180460 1
0.00192530 1
0.00181540 1
0.00182500 1
0.00190620 1
0.00180410 1
0.00179690 1
0.00183140 1
0.00188860 1
0.00230190 1
0.00180350 1
0.00363810 1
0.00182510 1
0.00192910 1
0.00198570 1
0.00182930 1
0.00173820 1
0.00168470 1
0.00187650 1
0.00176090 1
0.00172530 1
0.00178200 1
0.00191640 1
0.00175670 1
0.00176500 1
0.00182230 1
0.00173270 1
0.00293960 1
0.00265130 1
0.00195110 1
0.00187360 1
0.00191270 1
0.00197470 1
0.00199910 1
0.00245520 1
0.00256210 1
0.00202100 1
0.00395630 1
0.00185080 1
0.00211760 1
0.00254820 1
0.00206920 1
0.00194680 1
0.00230940 1
0.01206910 1
0.00399500 1
0.00187970 1
0.00170800 1
0.00164590 1
0.00161420 1
0.00161260 1
0.00174570 1
0.00162060 1
0.00160920 1
0.00160890 1
0.00163190 1
0.00161240 1
0.00168020 1
0.00172490 1
0.00177300 1
0.00171670 1
0.00173110 1
0.00173220 1
0.00175420 1
0.00177120 1
0.00170640 1
0.00178560 1
0.00173810 1
0.00198540 1
0.00175330 1
0.00173470 1
0.00182430 1
0.00172390 1
0.00171020 1
0.00196170 1
0.00173350 1
0.00174090 1
0.00181650 1
0.00189820 1
0.00172580 1
0.00171570 1
0.00176470 1
0.00189070 1
0.00187540 1
0.00171200 1
0.00173200 1
0.00178970 1
0.00176900 1
0.00171730 1
0.00172000 1
0.00178120 1
0.00171940 1
0.00176730 1
0.00171260 1
0.00175260 1
0.00183250 1
0.00173070 1
0.00173790 1
0.00177690 1
0.00172560 1
0.00172440 1
0.00171330 1
0.00188290 1
0.00172020 1
0.00181120 1
0.00188990 1
0.00199410 1
0.00181410 1
0.00177710 1
0.00181070 1
0.00180560 1
0.00178140 1
0.00175170 1
0.00177800 1
0.00184850 1
0.00179080 1
0.00182090 1
0.00177250 1
0.00182800 1
0.00176860 1
0.00177090 1
0.00188290 1
0.00179860 1
0.00177620 1
0.00176080 1
0.00189540 1
0.00183610 1
0.00174500 1
0.00174920 1
0.00186210 1
0.00180490 1
0.00176620 1
0.00184340 1
0.00182960 1
0.00177840 1
0.00174780 1
0.00175240 1
0.00183340 1
0.00178190 1
0.00181190 1
0.00191620 1
0.00241040 1
0.00223670 1
0.00171910 1
0.00181580 1
0.00177140 1
0.00178320 1
0.00178920 1
0.00181720 1
0.00209290 1
0.00181450 1
0.00209340 1
0.00210310 1
0.00183350 1
0.00178510 1
0.00203370 1
0.00224290 1
0.00177890 1
0.00256770 1
0.00176490 1
0.00182670 1
0.00174310 1
0.00187520 1
0.00171840 1
0.00170280 1
0.00178800 1
0.00186740 1
0.00175980 1
0.00172670 1
0.00171640 1
0.00175730 1
0.00172450 1
0.00173240 1
0.00173200 1
0.00178750 1
0.00173330 1
0.00171220 1
0.00246530 1
0.00218470 1
0.00172730 1
0.00170300 1
0.00181590 1
0.00171990 1
0.00174110 1
0.00173510 1
0.00172080 1
0.00174850 1
0.00178130 1
0.00178080 1
0.00174540 1
0.00184050 1
0.00172810 1
0.00209500 1
0.00198290 1
0.00224480 1
0.00172400 1
0.00195840 1
0.00174700 1
0.00174070 1
0.00179430 1
0.00174460 1
0.00183030 1
