0.06286590
0.01779350
0.01738090
0.01529190
0.01391990
0.01468760
0.01473280
0.01615970
0.01436490
0.01694500
0.01698530
0.01558680
0.01497950
0.01520110
0.01378430
0.01640520
0.01496430
0.01463540
0.01606350
0.01518030
0.01682820
0.01697290
0.01422150
0.01598120
0.01391140
0.01410110
0.01745270
0.01626110
0.01626620
0.01663810
0.01591970
0.01514090
0.01575510
0.01819440
0.01710710
0.01545420
0.01647520
0.01648800
0.01514990
0.03781940
0.01660060
0.02174840
0.01890210
0.01427020
0.01488860
0.01342270
0.01561070
0.02131650
0.01628250
0.01875130
0.01657570
0.01445040
0.01494360
0.01852220
0.01942270
0.01616190
0.01733070
0.02060090
0.01963690
0.01982050
0.02192940
0.02168850
0.02226820
0.02272210
0.01934170
0.01594490
0.01834970
0.01780790
0.01468520
0.01575420
0.01560200
0.01563740
0.01468250
0.02081350
0.01485280
0.01354890
0.01347570
0.01245340
0.01396580
0.01569220
0.01592170
0.01447300
0.01845640
0.01485580
0.01443120
0.01554840
0.01427030
0.01570380
0.01316480
0.01439130
0.01539380
0.01394680
0.01497550
0.01436660
0.01354820
0.01362080
0.01472260
0.01342710
0.01274020
0.01549430
0.01358270
0.01538760
0.01341840
0.01332200
0.01314170
0.01310870
0.01564170
0.01609880
0.01350150
0.01522600
0.01542040
0.01415510
0.01484220
0.01406730
0.01331450
0.01307540
0.01356460
0.01455970
0.01314160
0.01456390
0.01296070
0.01398270
0.01537720
0.01352940
0.01295230
0.01295360
0.01382220
0.01538060
0.01511020
0.01338130
0.01451270
0.01357430
0.01455520
0.01506890
0.01368130
0.01336090
0.01366070
0.01267610
0.01571140
0.01425900
0.01314660
0.01411310
0.01532860
0.01564190
0.01448930
0.01278900
0.01502720
0.01609000
0.01458400
0.01434240
0.01458190
0.01341590
0.01436280
0.01403160
0.01484500
0.01323630
0.01315390
0.01244240
0.01294370
0.01613540
0.01530060
0.01397070
0.01350870
0.01324710
0.01447830
0.01550020
0.01418210
0.01514010
0.01323640
0.01339320
0.01562990
0.01366730
0.01348990
0.01376200
0.01345130
0.01533010
0.01474420
0.01230420
0.01261390
0.01439700
0.01376150
0.01514520
0.01390750
0.01350830
0.01308180
0.01286450
0.01431750
0.01851360
0.01460560
0.01381840
0.01545020
0.01608700
0.01537000
0.01533330
0.01440610
0.01307320
0.01465930
0.01435490
0.01293120
0.01477540
0.00000000
0.00000000
0.00000000
0.00000000
0.02998180
0.00989000
0.00961470
0.00856480
0.00853320
0.00849370
0.00935790
0.00996400
0.00865460
0.00824880
0.00849440
0.00970660
0.00953010
0.00874220
0.00822130
0.00832530
0.00839480
0.00860790
0.00850370
0.00897990
0.00866910
0.00970060
0.00830940
0.00902410
0.00922350
0.00906350
0.00950920
0.00930780
0.00835310
0.00874040
0.00962660
0.00949550
0.00911930
0.00857270
0.00932760
0.00840690
0.00821610
0.00824060
0.00819340
0.00900170
0.00967420
0.00841130
0.00826100
0.00827850
0.00883350
0.00971770
0.00857950
0.00853990
0.00843680
0.00959480
0.00942840
0.00851420
0.00859190
0.00834400
0.00839960
0.00837100
0.00826230
0.00851350
0.00881240
0.00946390
0.00844810
0.00837280
0.00875680
0.00892500
0.00947540
0.00860790
0.00849690
0.00818200
0.00971170
0.00974800
0.00833210
0.00846450
0.00861180
0.00848040
0.00824390
0.00836300
0.00897220
0.00880060
0.00962570
0.00838730
0.00827660
0.00825130
0.00935540
0.00935740
0.00835840
0.00831010
0.00819600
0.00969270
