0.06286590 0
0.01779350 1
0.01738090 1
0.01529190 1
0.01391990 1
0.01468760 1
0.01473280 1
0.01615970 1
0.01436490 1
0.01694500 1
0.01698530 1
0.01558680 1
0.01497950 1
0.01520110 1
0.01378430 1
0.01640520 1
0.01496430 1
0.01463540 1
0.01606350 1
0.01518030 1
0.01682820 1
0.01697290 1
0.01422150 1
0.01598120 1
0.01391140 1
0.01410110 1
0.01745270 1
0.01626110 1
0.01626620 1
0.01663810 1
0.01591970 1
0.01514090 1
0.01575510 1
0.01819440 1
0.01710710 1
0.01545420 1
0.01647520 1
0.01648800 1
0.01514990 1
0.03781940 1
0.01660060 1
0.02174840 1
0.01890210 1
0.01427020 1
0.01488860 1
0.01342270 1
0.01561070 1
0.02131650 1
0.01628250 1
0.01875130 1
0.01657570 1
0.01445040 1
0.01494360 1
0.01852220 1
0.01942270 1
0.01616190 1
0.01733070 1
0.02060090 1
0.01963690 1
0.01982050 1
0.02192940 1
0.02168850 1
0.02226820 1
0.02272210 1
0.01934170 1
0.01594490 1
0.01834970 1
0.01780790 1
0.01468520 1
0.01575420 1
0.01560200 1
0.01563740 1
0.01468250 1
0.02081350 1
0.01485280 1
0.01354890 1
0.01347570 1
0.01245340 1
0.01396580 1
0.01569220 1
0.01592170 1
0.01447300 1
0.01845640 1
0.01485580 1
0.01443120 1
0.01554840 1
0.01427030 1
0.01570380 1
0.01316480 1
0.01439130 1
0.01539380 1
0.01394680 1
0.01497550 1
0.01436660 1
0.01354820 1
0.01362080 1
0.01472260 1
0.01342710 1
0.01274020 1
0.01549430 1
0.01358270 1
0.01538760 1
0.01341840 1
0.01332200 1
0.01314170 1
0.01310870 1
0.01564170 1
0.01609880 1
0.01350150 1
0.01522600 1
0.01542040 1
0.01415510 1
0.01484220 1
0.01406730 1
0.01331450 1
0.01307540 1
0.01356460 1
0.01455970 1
0.01314160 1
0.01456390 1
0.01296070 1
0.01398270 1
0.01537720 1
0.01352940 1
0.01295230 1
0.01295360 1
0.01382220 1
0.01538060 1
0.01511020 1
0.01338130 1
0.01451270 1
0.01357430 1
0.01455520 1
0.01506890 1
0.01368130 1
0.01336090 1
0.01366070 1
0.01267610 1
0.01571140 1
0.01425900 1
0.01314660 1
0.01411310 1
0.01532860 1
0.01564190 1
0.01448930 1
0.01278900 1
0.01502720 1
0.01609000 1
0.01458400 1
0.01434240 1
0.01458190 1
0.01341590 1
0.01436280 1
0.01403160 1
0.01484500 1
0.01323630 1
0.01315390 1
0.01244240 1
0.01294370 1
0.01613540 1
0.01530060 1
0.01397070 1
0.01350870 1
0.01324710 1
0.01447830 1
0.01550020 1
0.01418210 1
0.01514010 1
0.01323640 1
0.01339320 1
0.01562990 1
0.01366730 1
0.01348990 1
0.01376200 1
0.01345130 1
0.01533010 1
0.01474420 1
0.01230420 1
0.01261390 1
0.01439700 1
0.01376150 1
0.01514520 1
0.01390750 1
0.01350830 1
0.01308180 1
0.01286450 1
0.01431750 1
0.01851360 1
0.01460560 1
0.01381840 1
0.01545020 1
0.01608700 1
0.01537000 1
0.01533330 1
0.01440610 1
0.01307320 1
0.01465930 1
0.01435490 1
0.01293120 1
0.01477540 1
-
-
-
-
0.02998180 0
0.00989000 1
0.00961470 1
0.00856480 1
0.00853320 1
0.00849370 1
0.00935790 1
0.00996400 1
0.00865460 1
0.00824880 1
0.00849440 1
0.00970660 1
0.00953010 1
0.00874220 1
0.00822130 1
0.00832530 1
0.00839480 1
0.00860790 1
0.00850370 1
0.00897990 1
0.00866910 1
0.00970060 1
0.00830940 1
0.00902410 1
0.00922350 1
0.00906350 1
0.00950920 1
0.00930780 1
0.00835310 1
0.00874040 1
0.00962660 1
0.00949550 1
0.00911930 1
0.00857270 1
0.00932760 1
0.00840690 1
0.00821610 1
0.00824060 1
0.00819340 1
0.00900170 1
0.00967420 1
0.00841130 1
0.00826100 1
0.00827850 1
0.00883350 1
0.00971770 1
0.00857950 1
0.00853990 1
0.00843680 1
0.00959480 1
0.00942840 1
0.00851420 1
0.00859190 1
0.00834400 1
0.00839960 1
0.00837100 1
0.00826230 1
0.00851350 1
0.00881240 1
0.00946390 1
0.00844810 1
0.00837280 1
0.00875680 1
0.00892500 1
0.00947540 1
0.00860790 1
0.00849690 1
0.00818200 1
0.00971170 1
0.00974800 1
0.00833210 1
0.00846450 1
0.00861180 1
0.00848040 1
0.00824390 1
0.00836300 1
0.00897220 1
0.00880060 1
0.00962570 1
0.00838730 1
0.00827660 1
0.00825130 1
0.00935540 1
0.00935740 1
0.00835840 1
0.00831010 1
0.00819600 1
0.00969270 1
