0.00344420
0.00590030
0.00369860
0.00443670
0.00363770
0.00691920
0.00349690
0.00302920
0.00471200
0.00400770
0.00340660
0.00440550
0.00340730
0.00321720
0.00439970
0.00340690
0.00408610
0.00329250
0.00289930
0.00320510
0.00359510
0.00330320
0.00288330
0.00292530
0.00294380
0.00308660
0.00424690
0.00378550
0.00328130
0.00316560
0.00345370
0.00345740
0.01367950
0.00345540
0.00357240
0.00300290
0.00298090
0.00349210
0.00536940
0.00354610
0.00460830
0.01785110
0.00359170
0.00299440
0.00281140
0.00302220
0.00289370
0.00273910
0.00298330
0.00365780
0.00292070
0.00278810
0.00298710
0.00382030
0.00272300
0.00268380
0.00259870
0.00315330
0.00265960
0.00291460
0.00345420
0.00365090
0.00278310
0.00285120
0.00351260
0.00312730
0.00272650
0.00263660
0.00294350
0.00309730
0.00305830
0.00369030
0.00326150
0.00297420
0.00300050
0.00381220
0.00303760
0.00276060
0.00291590
0.00310630
0.00407010
0.00448060
0.00410830
0.00383060
0.00374740
0.00329720
0.00446190
0.00427590
0.00407130
0.00366340
0.00364350
0.00359520
0.00343870
0.00383570
0.00296570
0.00313590
0.00381640
0.00457440
0.00299590
0.00324730
0.00309500
0.00300580
0.00304420
0.00509250
0.00610020
0.00480320
0.00354020
0.00334420
0.00401960
0.00362530
0.00323140
0.00351080
0.00334660
0.00326560
0.00459140
0.00445380
0.00334840
0.00345910
0.00465630
0.00571010
0.00427110
0.00395600
0.00377380
0.00410290
0.00381720
0.00357000
0.00458460
0.00367590
0.00495410
0.00413390
0.00340610
0.00347070
0.00361700
0.00411710
0.00621530
0.00443040
0.01554530
0.00503040
0.00332010
0.00413990
0.00382490
0.00373980
0.00522120
0.00405240
0.00477460
0.00388450
0.00540600
0.00522370
0.02008670
0.00815530
0.00525840
0.00729830
0.00421810
0.00370000
0.00315710
0.00415960
0.00358080
0.00558870
0.00437390
0.00441980
0.00367620
0.00402220
0.00443980
0.00415160
0.00309830
0.00331120
0.00316300
0.00352410
0.00335890
0.00373520
0.00384330
0.00363710
0.00372410
0.00333320
0.00353480
0.00364190
0.01714130
0.00314020
0.00451190
0.00344630
0.00808500
0.00510030
0.00549150
0.00902590
0.00349160
0.00315180
0.01252600
0.00330890
0.00340960
0.00291320
0.00289500
0.00323530
0.00293150
0.00291520
0.00290300
0.00325600
0.00372260
0.00311200
0.00309900
0.00301560
0.00295600
0.00294850
0.00314690
0.00297570
0.00284760
0.00288560
0.00334810
0.00404930
0.00297570
0.00286220
0.00310120
0.00381000
0.00291980
0.00352510
0.00290570
0.00291450
0.00290920
0.00365490
0.00351200
0.00307550
0.00343100
0.00313130
0.00366520
0.00310520
0.00307040
0.00296730
0.00283690
0.00283900
0.00304270
0.00377590
0.00318510
0.00316350
0.00327080
0.00355830
0.00272490
0.00287230
0.00352880
0.00271800
0.00264360
0.00328050
0.00498920
0.00353200
0.00319260
0.00301100
0.00318660
0.00330790
0.00294630
0.00280440
0.00263950
0.00263700
0.00281400
0.00265350
0.00322960
0.00321990
0.00312990
0.00368430
0.00273730
0.00306450
0.00255920
0.00265180
0.00253740
0.00336410
0.00347390
0.00288540
0.00279270
0.00289500
0.00273680
0.00263950
0.00279840
0.00294970
0.00264950
0.00271700
0.00295620
0.00382440
0.00265200
0.00274870
0.00297090
0.00384740
0.00275140
0.00279710
0.00264310
0.00293240
0.00265490
0.00294390
0.00313270
0.00314760
0.00257210
0.00322630
0.00387760
0.00322670
0.00289160
0.00263510
0.00265730
0.00307860
0.00306410
0.00369180
0.00263180
0.00304270
0.00288930
0.00372470
0.00267150
0.00283590
0.00265600
0.00265380
0.00274380
0.00329520
0.00328720
0.00282950
0.00267710
0.00340920
0.00376130
0.00294360
0.00298030
0.00269260
0.00255150
0.00259120
0.00346420
0.00338260
0.00266560
0.00254760
0.00352100
0.00340270
0.00260790
0.00268250
0.00292150
0.00280820
0.00260250
0.00295660
0.00331450
0.00286790
0.00281100
0.00289640
0.00353080
0.00280860
0.00269710
0.00272120
0.00291350
0.00278510
0.00304130
0.00341880
0.00296410
0.00269620
0.00315710
0.00329320
0.00293310
0.00257100
0.00279680
0.00270150
0.00279220
0.00287980
0.00315730
0.00281380
0.00281000
0.00297780
0.00334080
0.00276570
0.00289240
0.00267510
0.00255030
0.00264900
0.00302960
0.00360660
0.00255730
0.00254440
0.00265510
0.00274780
0.00265770
0.00254770
0.00255370
0.00384430
0.00265990
0.00299810
0.00341370
0.00282550
0.00260500
0.00264740
0.00276690
0.00262870
0.00263470
0.00263920
0.00309050
0.00297040
0.00292220
0.00361380
0.00289500
0.00280460
0.00264980
0.00277600
0.00276370
0.00271090
0.00261260
0.00274600
0.00261610
0.00322310
0.00311240
0.00300020
0.00265850
0.00291170
0.00260490
0.00259120
0.00265940
0.00285800
0.00255470
0.00274860
0.00285500
0.00376630
0.00272520
0.00362570
0.00287810
0.00340490
0.00289110
0.00276410
0.00317780
0.00284790
0.00267340
0.00288330
0.00390750
0.00277880
0.00256150
0.00276190
0.00369180
0.00284060
0.00254600
0.00253890
0.00291670
0.00271630
0.00292360
0.00341150
0.00302750
0.00265310
0.00267380
0.00278750
0.00294490
0.00275670
0.00264230
0.00275080
0.00298020
0.00277340
0.00334260
0.00289350
0.00281700
0.00257220
0.00254600
0.00267620
0.00259020
0.00256870
0.00260360
0.00267590
0.00265920
0.00261860
0.00254560
0.00270840
0.00276900
0.00375800
0.00269930
0.00258600
0.00259000
0.00279430
0.00265580
0.00256680
0.00254690
0.00280100
0.00261160
0.00289830
0.00313150
0.00308070
0.00278120
0.00280230
0.00334660
0.00311690
0.00297440
0.00260340
0.00254890
0.00281380
0.00293320
0.00350770
0.00258180
0.00303170
0.00276890
0.00336580
0.00255040
0.00288990
0.00266440
0.00254150
0.00263300
0.00315670
0.00323070
0.00283500
0.00257850
0.00326100
0.00313840
0.00276230
0.00266130
0.00288770
0.00265780
0.00254370
0.00294390
0.00384220
0.00261550
0.00259250
0.00290990
0.00372480
0.00259550
0.00263340
0.00344160
0.00313030
0.00284620
0.00280240
0.00276010
0.00271750
0.00263870
0.00283810
0.00327580
0.00301240
0.00267590
0.00274910
0.00267990
0.00263010
0.00307320
0.00350970
0.00265920
0.00260700
0.00260850
0.00254910
0.00254090
0.00298540
0.00263550
0.00333680
0.00312070
0.00313860
0.00334560
0.00290900
0.00318700
0.00301020
0.00352240
0.00287410
0.00301880
0.00265860
0.00263420
0.00274550
0.00334970
0.00351060
0.00303390
0.00262690
0.00288820
0.00256270
0.00270030
0.00255010
0.00300680
0.00293990
0.00277180
0.00294510
0.00349110
0.00283440
0.00255200
0.00306260
0.00358010
0.00276750
0.00270140
0.00269130
0.00255190
0.00261300
0.00277650
0.00356800
0.00264470
0.00265450
0.00000000
0.00000000
0.00000000
