0.00344420 0
0.00590030 1
0.00369860 1
0.00443670 1
0.00363770 1
0.00691920 1
0.00349690 1
0.00302920 1
0.00471200 1
0.00400770 1
0.00340660 1
0.00440550 1
0.00340730 1
0.00321720 1
0.00439970 1
0.00340690 1
0.00408610 1
0.00329250 1
0.00289930 1
0.00320510 1
0.00359510 1
0.00330320 1
0.00288330 1
0.00292530 1
0.00294380 1
0.00308660 1
0.00424690 1
0.00378550 1
0.00328130 1
0.00316560 1
0.00345370 1
0.00345740 1
0.01367950 1
0.00345540 1
0.00357240 1
0.00300290 1
0.00298090 1
0.00349210 1
0.00536940 1
0.00354610 1
0.00460830 1
0.01785110 1
0.00359170 1
0.00299440 1
0.00281140 1
0.00302220 1
0.00289370 1
0.00273910 1
0.00298330 1
0.00365780 1
0.00292070 1
0.00278810 1
0.00298710 1
0.00382030 1
0.00272300 1
0.00268380 1
0.00259870 1
0.00315330 1
0.00265960 1
0.00291460 1
0.00345420 1
0.00365090 1
0.00278310 1
0.00285120 1
0.00351260 1
0.00312730 1
0.00272650 1
0.00263660 1
0.00294350 1
0.00309730 1
0.00305830 1
0.00369030 1
0.00326150 1
0.00297420 1
0.00300050 1
0.00381220 1
0.00303760 1
0.00276060 1
0.00291590 1
0.00310630 1
0.00407010 1
0.00448060 1
0.00410830 1
0.00383060 1
0.00374740 1
0.00329720 1
0.00446190 1
0.00427590 1
0.00407130 1
0.00366340 1
0.00364350 1
0.00359520 1
0.00343870 1
0.00383570 1
0.00296570 1
0.00313590 1
0.00381640 1
0.00457440 1
0.00299590 1
0.00324730 1
0.00309500 1
0.00300580 1
0.00304420 1
0.00509250 1
0.00610020 1
0.00480320 1
0.00354020 1
0.00334420 1
0.00401960 1
0.00362530 1
0.00323140 1
0.00351080 1
0.00334660 1
0.00326560 1
0.00459140 1
0.00445380 1
0.00334840 1
0.00345910 1
0.00465630 1
0.00571010 1
0.00427110 1
0.00395600 1
0.00377380 1
0.00410290 1
0.00381720 1
0.00357000 1
0.00458460 1
0.00367590 1
0.00495410 1
0.00413390 1
0.00340610 1
0.00347070 1
0.00361700 1
0.00411710 1
0.00621530 1
0.00443040 1
0.01554530 1
0.00503040 1
0.00332010 1
0.00413990 1
0.00382490 1
0.00373980 1
0.00522120 1
0.00405240 1
0.00477460 1
0.00388450 1
0.00540600 1
0.00522370 1
0.02008670 1
0.00815530 1
0.00525840 1
0.00729830 1
0.00421810 1
0.00370000 1
0.00315710 1
0.00415960 1
0.00358080 1
0.00558870 1
0.00437390 1
0.00441980 1
0.00367620 1
0.00402220 1
0.00443980 1
0.00415160 1
0.00309830 1
0.00331120 1
0.00316300 1
0.00352410 1
0.00335890 1
0.00373520 1
0.00384330 1
0.00363710 1
0.00372410 1
0.00333320 1
0.00353480 1
0.00364190 1
0.01714130 1
0.00314020 1
0.00451190 1
0.00344630 1
0.00808500 1
0.00510030 1
0.00549150 1
0.00902590 1
0.00349160 1
0.00315180 1
0.01252600 1
0.00330890 1
0.00340960 1
0.00291320 1
0.00289500 1
0.00323530 1
0.00293150 1
0.00291520 1
0.00290300 1
0.00325600 1
0.00372260 1
0.00311200 1
0.00309900 1
0.00301560 1
0.00295600 1
0.00294850 1
0.00314690 1
0.00297570 1
0.00284760 1
0.00288560 1
0.00334810 1
0.00404930 1
0.00297570 1
0.00286220 1
0.00310120 1
0.00381000 1
0.00291980 1
0.00352510 1
0.00290570 1
0.00291450 1
0.00290920 1
0.00365490 1
0.00351200 1
0.00307550 1
0.00343100 1
0.00313130 1
0.00366520 1
0.00310520 1
0.00307040 1
0.00296730 1
0.00283690 1
0.00283900 1
0.00304270 1
0.00377590 1
0.00318510 1
0.00316350 1
0.00327080 1
0.00355830 1
0.00272490 1
0.00287230 1
0.00352880 1
0.00271800 1
0.00264360 1
0.00328050 1
0.00498920 1
0.00353200 1
0.00319260 1
0.00301100 1
0.00318660 1
0.00330790 1
0.00294630 1
0.00280440 1
0.00263950 1
0.00263700 1
0.00281400 1
0.00265350 1
0.00322960 1
0.00321990 1
0.00312990 1
0.00368430 1
0.00273730 1
0.00306450 1
0.00255920 1
0.00265180 1
0.00253740 1
0.00336410 1
0.00347390 1
0.00288540 1
0.00279270 1
0.00289500 1
0.00273680 1
0.00263950 1
0.00279840 1
0.00294970 1
0.00264950 1
0.00271700 1
0.00295620 1
0.00382440 1
0.00265200 1
0.00274870 1
0.00297090 1
0.00384740 1
0.00275140 1
0.00279710 1
0.00264310 1
0.00293240 1
0.00265490 1
0.00294390 1
0.00313270 1
0.00314760 1
0.00257210 1
0.00322630 1
0.00387760 1
0.00322670 1
0.00289160 1
0.00263510 1
0.00265730 1
0.00307860 1
0.00306410 1
0.00369180 1
0.00263180 1
0.00304270 1
0.00288930 1
0.00372470 1
0.00267150 1
0.00283590 1
0.00265600 1
0.00265380 1
0.00274380 1
0.00329520 1
0.00328720 1
0.00282950 1
0.00267710 1
0.00340920 1
0.00376130 1
0.00294360 1
0.00298030 1
0.00269260 1
0.00255150 1
0.00259120 1
0.00346420 1
0.00338260 1
0.00266560 1
0.00254760 1
0.00352100 1
0.00340270 1
0.00260790 1
0.00268250 1
0.00292150 1
0.00280820 1
0.00260250 1
0.00295660 1
0.00331450 1
0.00286790 1
0.00281100 1
0.00289640 1
0.00353080 1
0.00280860 1
0.00269710 1
0.00272120 1
0.00291350 1
0.00278510 1
0.00304130 1
0.00341880 1
0.00296410 1
0.00269620 1
0.00315710 1
0.00329320 1
0.00293310 1
0.00257100 1
0.00279680 1
0.00270150 1
0.00279220 1
0.00287980 1
0.00315730 1
0.00281380 1
0.00281000 1
0.00297780 1
0.00334080 1
0.00276570 1
0.00289240 1
0.00267510 1
0.00255030 1
0.00264900 1
0.00302960 1
0.00360660 1
0.00255730 1
0.00254440 1
0.00265510 1
0.00274780 1
0.00265770 1
0.00254770 1
0.00255370 1
0.00384430 1
0.00265990 1
0.00299810 1
0.00341370 1
0.00282550 1
0.00260500 1
0.00264740 1
0.00276690 1
0.00262870 1
0.00263470 1
0.00263920 1
0.00309050 1
0.00297040 1
0.00292220 1
0.00361380 1
0.00289500 1
0.00280460 1
0.00264980 1
0.00277600 1
0.00276370 1
0.00271090 1
0.00261260 1
0.00274600 1
0.00261610 1
0.00322310 1
0.00311240 1
0.00300020 1
0.00265850 1
0.00291170 1
0.00260490 1
0.00259120 1
0.00265940 1
0.00285800 1
0.00255470 1
0.00274860 1
0.00285500 1
0.00376630 1
0.00272520 1
0.00362570 1
0.00287810 1
0.00340490 1
0.00289110 1
0.00276410 1
0.00317780 1
0.00284790 1
0.00267340 1
0.00288330 1
0.00390750 1
0.00277880 1
0.00256150 1
0.00276190 1
0.00369180 1
0.00284060 1
0.00254600 1
0.00253890 1
0.00291670 1
0.00271630 1
0.00292360 1
0.00341150 1
0.00302750 1
0.00265310 1
0.00267380 1
0.00278750 1
0.00294490 1
0.00275670 1
0.00264230 1
0.00275080 1
0.00298020 1
0.00277340 1
0.00334260 1
0.00289350 1
0.00281700 1
0.00257220 1
0.00254600 1
0.00267620 1
0.00259020 1
0.00256870 1
0.00260360 1
0.00267590 1
0.00265920 1
0.00261860 1
0.00254560 1
0.00270840 1
0.00276900 1
0.00375800 1
0.00269930 1
0.00258600 1
0.00259000 1
0.00279430 1
0.00265580 1
0.00256680 1
0.00254690 1
0.00280100 1
0.00261160 1
0.00289830 1
0.00313150 1
0.00308070 1
0.00278120 1
0.00280230 1
0.00334660 1
0.00311690 1
0.00297440 1
0.00260340 1
0.00254890 1
0.00281380 1
0.00293320 1
0.00350770 1
0.00258180 1
0.00303170 1
0.00276890 1
0.00336580 1
0.00255040 1
0.00288990 1
0.00266440 1
0.00254150 1
0.00263300 1
0.00315670 1
0.00323070 1
0.00283500 1
0.00257850 1
0.00326100 1
0.00313840 1
0.00276230 1
0.00266130 1
0.00288770 1
0.00265780 1
0.00254370 1
0.00294390 1
0.00384220 1
0.00261550 1
0.00259250 1
0.00290990 1
0.00372480 1
0.00259550 1
0.00263340 1
0.00344160 1
0.00313030 1
0.00284620 1
0.00280240 1
0.00276010 1
0.00271750 1
0.00263870 1
0.00283810 1
0.00327580 1
0.00301240 1
0.00267590 1
0.00274910 1
0.00267990 1
0.00263010 1
0.00307320 1
0.00350970 1
0.00265920 1
0.00260700 1
0.00260850 1
0.00254910 1
0.00254090 1
0.00298540 1
0.00263550 1
0.00333680 1
0.00312070 1
0.00313860 1
0.00334560 1
0.00290900 1
0.00318700 1
0.00301020 1
0.00352240 1
0.00287410 1
0.00301880 1
0.00265860 1
0.00263420 1
0.00274550 1
0.00334970 1
0.00351060 1
0.00303390 1
0.00262690 1
0.00288820 1
0.00256270 1
0.00270030 1
0.00255010 1
0.00300680 1
0.00293990 1
0.00277180 1
0.00294510 1
0.00349110 1
0.00283440 1
0.00255200 1
0.00306260 1
0.00358010 1
0.00276750 1
0.00270140 1
0.00269130 1
0.00255190 1
0.00261300 1
0.00277650 1
0.00356800 1
0.00264470 1
0.00265450 1
-
-
-
