0.02953370 0
0.03190540 1
0.02814060 1
0.02809080 1
0.02791520 1
0.02848930 1
0.02720790 1
0.02701400 1
0.03229840 1
0.02820720 1
0.02842070 1
0.02887700 1
0.02875170 1
0.02819580 1
0.02811720 1
0.02795670 1
0.02729090 1
0.02730940 1
0.02794380 1
0.02908610 1
0.02779650 1
0.02854560 1
0.02941310 1
0.03200100 1
0.03032820 1
0.03015810 1
0.03523200 1
0.03418650 1
0.05035720 1
0.02749960 1
0.02723780 1
0.02779470 1
0.02911110 1
0.02860900 1
0.02738410 1
0.02629970 1
0.02809700 1
0.03041150 1
0.02863160 1
0.02759320 1
0.03100400 1
0.02896470 1
0.02816290 1
0.02859570 1
0.02643060 1
0.02592710 1
0.02606630 1
0.02698150 1
0.02669400 1
-
-
-
-
0.00433140 0
0.00316400 1
0.00400570 1
0.00284600 1
0.00319440 1
0.00407960 1
0.00291130 1
0.00317720 1
0.00415600 1
0.00290300 1
0.00290500 1
0.00435220 1
0.00298990 1
0.00282360 1
0.00471580 1
0.00308320 1
0.00284070 1
0.00285580 1
0.00293710 1
0.00277820 1
0.00309780 1
0.00378480 1
0.00293880 1
0.00305180 1
0.00407310 1
0.00286690 1
0.00324080 1
-
-
-
-
0.01828740 0
0.02177380 1
0.02126330 1
0.02302690 1
0.02129690 1
0.02071950 1
0.02042610 1
0.02383010 1
0.02707170 1
0.02541070 1
0.02455490 1
0.02299530 1
0.02330540 1
0.02392150 1
0.02376920 1
0.02339590 1
0.02285250 1
0.02306550 1
0.02364800 1
0.02755990 1
0.02429810 1
0.02221350 1
0.02160520 1
0.02093810 1
0.01928410 1
0.01995610 1
0.01967200 1
0.02037730 1
0.01985070 1
0.02017360 1
0.02091730 1
0.02032620 1
0.01976190 1
0.01970930 1
0.01978160 1
0.01957520 1
0.01984390 1
0.01980500 1
0.02028510 1
0.01955120 1
-
-
-
-
0.01466710 0
0.01441370 1
0.01446170 1
0.01841940 1
0.01500110 1
0.01731620 1
0.01433250 1
0.01399200 1
0.01244010 1
0.01591030 1
0.01664360 1
0.01393220 1
0.01510920 1
0.01808850 1
0.01538130 1
0.01334610 1
0.01553940 1
0.01517510 1
0.01927060 1
0.01541520 1
0.01838510 1
0.01798410 1
0.01911100 1
0.01372150 1
0.01639900 1
0.01467100 1
0.01276770 1
0.01177090 1
0.01210040 1
0.01495870 1
0.01189480 1
0.01301790 1
0.01451030 1
0.01202570 1
0.01166340 1
0.01203210 1
