0.02953370
0.03190540
0.02814060
0.02809080
0.02791520
0.02848930
0.02720790
0.02701400
0.03229840
0.02820720
0.02842070
0.02887700
0.02875170
0.02819580
0.02811720
0.02795670
0.02729090
0.02730940
0.02794380
0.02908610
0.02779650
0.02854560
0.02941310
0.03200100
0.03032820
0.03015810
0.03523200
0.03418650
0.05035720
0.02749960
0.02723780
0.02779470
0.02911110
0.02860900
0.02738410
0.02629970
0.02809700
0.03041150
0.02863160
0.02759320
0.03100400
0.02896470
0.02816290
0.02859570
0.02643060
0.02592710
0.02606630
0.02698150
0.02669400
0.00000000
0.00000000
0.00000000
0.00000000
0.00433140
0.00316400
0.00400570
0.00284600
0.00319440
0.00407960
0.00291130
0.00317720
0.00415600
0.00290300
0.00290500
0.00435220
0.00298990
0.00282360
0.00471580
0.00308320
0.00284070
0.00285580
0.00293710
0.00277820
0.00309780
0.00378480
0.00293880
0.00305180
0.00407310
0.00286690
0.00324080
0.00000000
0.00000000
0.00000000
0.00000000
0.01828740
0.02177380
0.02126330
0.02302690
0.02129690
0.02071950
0.02042610
0.02383010
0.02707170
0.02541070
0.02455490
0.02299530
0.02330540
0.02392150
0.02376920
0.02339590
0.02285250
0.02306550
0.02364800
0.02755990
0.02429810
0.02221350
0.02160520
0.02093810
0.01928410
0.01995610
0.01967200
0.02037730
0.01985070
0.02017360
0.02091730
0.02032620
0.01976190
0.01970930
0.01978160
0.01957520
0.01984390
0.01980500
0.02028510
0.01955120
0.00000000
0.00000000
0.00000000
0.00000000
0.01466710
0.01441370
0.01446170
0.01841940
0.01500110
0.01731620
0.01433250
0.01399200
0.01244010
0.01591030
0.01664360
0.01393220
0.01510920
0.01808850
0.01538130
0.01334610
0.01553940
0.01517510
0.01927060
0.01541520
0.01838510
0.01798410
0.01911100
0.01372150
0.01639900
0.01467100
0.01276770
0.01177090
0.01210040
0.01495870
0.01189480
0.01301790
0.01451030
0.01202570
0.01166340
0.01203210
