1
95.63,59.16,150.74,146.68
93.63,60.16,150.74,146.68
93.63,60.16,150.74,146.68
94.63,59.16,150.74,146.68
94.63,59.16,150.74,146.68
98.63,58.16,150.74,146.68
102.63,57.16,150.74,146.68
106.63,57.16,150.74,146.68
112.63,56.16,150.74,146.68
118.63,56.16,150.74,146.68
122.63,55.16,150.74,146.68
127.63,56.16,150.74,146.68
133.63,58.16,150.74,146.68
138.63,60.16,150.74,146.68
140.63,61.16,150.74,146.68
143.63,63.16,150.74,146.68
147.63,65.16,150.74,146.68
150.63,66.16,150.74,146.68
152.63,66.16,150.74,146.68
155.63,65.16,150.74,146.68
155.63,64.16,150.74,146.68
157.63,61.16,150.74,146.68
158.63,57.16,150.74,146.68
157.63,53.16,150.74,146.68
156.63,49.16,150.74,146.68
153.63,43.16,150.74,146.68
149.63,37.16,150.74,146.68
146.63,30.16,150.74,146.68
143.63,22.16,150.74,146.68
139.63,11.16,150.74,146.68
137.63,2.16,150.74,146.68
135.63,0.00,150.74,146.68
131.63,0.00,150.74,146.68
128.63,0.00,150.74,146.68
126.63,0.00,150.74,146.68
124.63,0.00,150.74,146.68
122.63,0.00,150.74,146.68
119.63,0.00,150.74,146.68
116.63,0.00,150.74,146.68
113.63,0.00,150.74,146.68
111.63,0.00,150.74,146.68
109.63,0.00,150.74,146.68
106.63,0.00,150.74,146.68
104.63,0.00,150.74,146.68
101.63,0.00,150.74,146.68
99.63,0.00,150.74,146.68
96.63,0.00,150.74,146.68
2
0
0
0
0
1
212.32,208.92,77.23,75.57
217.32,214.92,77.23,75.57
222.32,221.92,77.23,75.57
227.32,227.92,77.23,75.57
233.32,232.92,77.23,75.57
240.32,235.92,77.23,75.57
248.32,237.92,77.23,75.57
257.32,238.92,77.23,75.57
267.32,238.92,77.23,75.57
279.32,236.92,77.23,75.57
289.32,230.92,77.23,75.57
296.32,221.92,77.23,75.57
301.32,211.92,77.23,75.57
306.32,199.92,77.23,75.57
314.32,180.92,77.23,75.57
320.32,161.92,77.23,75.57
325.32,146.92,77.23,75.57
318.32,148.92,77.23,75.57
327.32,136.92,77.23,75.57
328.32,111.92,77.23,75.57
327.32,119.92,77.23,75.57
325.32,127.92,77.23,75.57
323.32,135.92,77.23,75.57
321.32,146.92,77.23,75.57
318.32,156.92,77.23,75.57
2
0
0
0
0
1
350.87,0.00,145.40,146.67
344.87,0.00,145.40,146.67
336.87,0.00,145.40,146.67
321.87,0.00,145.40,146.67
312.87,0.07,145.40,146.67
302.87,4.07,145.40,146.67
290.87,9.07,145.40,146.67
276.87,15.07,145.40,146.67
261.87,22.07,145.40,146.67
250.87,26.07,145.40,146.67
240.87,28.07,145.40,146.67
230.87,28.07,145.40,146.67
220.87,27.07,145.40,146.67
211.87,28.07,145.40,146.67
206.87,32.07,145.40,146.67
202.87,33.07,145.40,146.67
197.87,35.07,145.40,146.67
185.87,29.07,145.40,146.67
180.87,29.07,145.40,146.67
175.87,32.07,145.40,146.67
167.87,33.07,145.40,146.67
160.87,32.07,145.40,146.67
152.87,34.07,145.40,146.67
143.87,35.07,145.40,146.67
136.87,37.07,145.40,146.67
131.87,49.07,145.40,146.67
123.87,54.07,145.40,146.67
113.87,58.07,145.40,146.67
110.87,55.07,145.40,146.67
107.87,48.07,145.40,146.67
105.87,41.07,145.40,146.67
103.87,33.07,145.40,146.67
102.87,26.07,145.40,146.67
100.87,17.07,145.40,146.67
99.87,8.07,145.40,146.67
99.87,0.07,145.40,146.67
100.87,0.00,145.40,146.67
102.87,0.00,145.40,146.67
2
0
0
0
0
1
88.22,101.26,121.00,115.64
100.22,93.26,121.00,115.64
113.22,85.26,121.00,115.64
124.22,77.26,121.00,115.64
135.22,71.26,121.00,115.64
146.22,68.26,121.00,115.64
156.22,66.26,121.00,115.64
166.22,67.26,121.00,115.64
172.22,69.26,121.00,115.64
175.22,73.26,121.00,115.64
176.22,79.26,121.00,115.64
178.22,86.26,121.00,115.64
180.22,94.26,121.00,115.64
183.22,102.26,121.00,115.64
185.22,108.26,121.00,115.64
185.22,112.26,121.00,115.64
183.22,114.26,121.00,115.64
181.22,116.26,121.00,115.64
180.22,120.26,121.00,115.64
181.22,126.26,121.00,115.64
183.22,132.26,121.00,115.64
185.22,137.26,121.00,115.64
186.22,141.26,121.00,115.64
187.22,145.26,121.00,115.64
186.22,147.26,121.00,115.64
185.22,149.26,121.00,115.64
186.22,152.26,121.00,115.64
189.22,154.26,121.00,115.64
193.22,157.26,121.00,115.64
197.22,159.26,121.00,115.64
198.22,159.26,121.00,115.64
197.22,157.26,121.00,115.64
197.22,156.26,121.00,115.64
199.22,155.26,121.00,115.64
203.22,154.26,121.00,115.64
