0.00096620 0
0.00112570 1
0.00150320 1
0.00180950 1
0.00115020 1
0.00105410 1
0.00107500 1
0.00095280 1
0.00095460 1
0.00178070 1
0.00123230 1
0.00098710 1
0.00102710 1
0.00097340 1
0.00222400 1
0.00107150 1
0.00106760 1
0.00097690 1
0.00097670 1
0.00096600 1
0.00154760 1
0.00107750 1
0.00105330 1
0.00102820 1
0.00098550 1
0.00097000 1
0.00133770 1
0.00103700 1
0.00101350 1
0.00096320 1
0.00096570 1
0.00094450 1
0.00095010 1
0.00096040 1
0.00101710 1
0.00098940 1
0.00100910 1
0.00099150 1
0.00135070 1
0.00116050 1
0.00102960 1
0.00096290 1
0.00096120 1
0.00097090 1
0.00092190 1
0.00094720 1
0.00113420 1
0.00099050 1
0.00100900 1
0.00103610 1
0.00096330 1
0.00102400 1
0.00117790 1
0.00102090 1
0.00100600 1
0.00099230 1
0.00095620 1
0.00099340 1
0.00116500 1
0.00103890 1
0.00113290 1
0.00114650 1
0.00112190 1
0.00102350 1
0.00137460 1
0.00110590 1
0.00104800 1
0.00111800 1
0.00102240 1
0.00105070 1
0.00103160 1
0.00108630 1
0.00097800 1
0.00096180 1
0.00097520 1
0.00097520 1
0.00095550 1
0.00102350 1
0.00095750 1
0.00096160 1
0.00104600 1
0.00097080 1
0.00095290 1
0.00101290 1
0.00103630 1
0.00096790 1
0.00096320 1
-
-
-
-
0.00070630 0
0.00084430 1
0.00080420 1
0.00086030 1
0.00084260 1
0.00084520 1
0.00086660 1
0.00085230 1
0.00080460 1
0.00084520 1
0.00086510 1
0.00086000 1
0.00086970 1
0.00092770 1
0.00084180 1
0.00087250 1
0.00083870 1
0.00093390 1
0.00097080 1
0.00097410 1
0.00089140 1
0.00089300 1
0.00090120 1
0.00110780 1
0.00091970 1
0.00106000 1
0.00097000 1
0.00093850 1
0.00095690 1
0.00087280 1
0.00091170 1
0.00101840 1
0.00088280 1
0.00103070 1
0.00377040 1
0.00089110 1
0.00127000 1
0.00115290 1
0.00085330 1
0.00082740 1
0.00082260 1
0.00084130 1
0.00082390 1
0.00083810 1
0.00091330 1
0.00085540 1
0.00078850 1
0.00078870 1
0.00078430 1
0.00076700 1
0.00076090 1
0.00081640 1
0.00080610 1
0.00074610 1
0.00074730 1
0.00075650 1
0.00074830 1
0.00074780 1
0.00076870 1
0.00087890 1
0.00081500 1
0.00079300 1
0.00074840 1
0.00076720 1
0.00077270 1
0.00078310 1
0.00104630 1
0.00076200 1
0.00074640 1
0.00074630 1
0.00073840 1
0.00074920 1
0.00083240 1
0.00079360 1
0.00088440 1
0.00083530 1
0.00081920 1
0.00080060 1
0.00083580 1
0.00081020 1
0.00077260 1
0.00076620 1
0.00074680 1
0.00083560 1
0.00080570 1
0.00086760 1
0.00074070 1
0.00076530 1
0.00077540 1
0.00075240 1
0.00074790 1
0.00074700 1
0.00079640 1
0.00075770 1
0.00074000 1
0.00084930 1
0.00083060 1
0.00080060 1
-
-
-
-
0.00086630 0
0.00107430 1
0.00104730 1
0.00106240 1
0.00123880 1
0.00122120 1
0.00102300 1
0.00110010 1
0.00115420 1
0.00102370 1
0.00103740 1
0.00110090 1
0.00106940 1
0.00115620 1
0.00105700 1
0.00101430 1
0.00105120 1
0.00205330 1
0.00104490 1
0.00123020 1
0.00122730 1
0.00123440 1
0.00108380 1
0.00124040 1
0.00106170 1
0.00132310 1
0.00108500 1
0.00104080 1
0.00101920 1
0.00121330 1
0.00110730 1
0.00106450 1
0.00105450 1
0.00105270 1
0.00104110 1
0.00108700 1
0.00106500 1
0.00114280 1
0.00114750 1
0.00110120 1
0.00110360 1
0.00109710 1
0.00128130 1
0.00108570 1
0.00106880 1
0.00106760 1
0.00106880 1
0.00106880 1
0.00110940 1
0.00111580 1
0.00114270 1
0.00121240 1
0.00114600 1
0.00115260 1
0.00112270 1
0.00117690 1
0.00110820 1
0.00110600 1
0.00110870 1
0.00109940 1
0.00110060 1
0.00115290 1
0.00111210 1
0.00110800 1
0.00110030 1
0.00110510 1
0.00110120 1
0.00116400 1
0.00112370 1
0.00121060 1
0.00115380 1
0.00123050 1
0.00113470 1
0.00112490 1
0.00109240 1
0.00107440 1
0.00116600 1
0.00106630 1
0.00110580 1
0.00107900 1
0.00147350 1
0.00107770 1
0.00106850 1
0.00106730 1
0.00116220 1
0.00112420 1
0.00110890 1
0.00116170 1
0.00108010 1
0.00106660 1
0.00106350 1
0.00108430 1
0.00107070 1
0.00126250 1
0.00106550 1
0.00106830 1
0.00107610 1
0.00110210 1
0.00110770 1
0.00115490 1
0.00119790 1
0.00113050 1
0.00113730 1
0.00122850 1
0.00121040 1
0.00117300 1
0.00112850 1
0.00107970 1
0.00118050 1
0.00107830 1
0.00107100 1
0.00108340 1
0.00109360 1
0.00107410 1
