0.00096620
0.00112570
0.00150320
0.00180950
0.00115020
0.00105410
0.00107500
0.00095280
0.00095460
0.00178070
0.00123230
0.00098710
0.00102710
0.00097340
0.00222400
0.00107150
0.00106760
0.00097690
0.00097670
0.00096600
0.00154760
0.00107750
0.00105330
0.00102820
0.00098550
0.00097000
0.00133770
0.00103700
0.00101350
0.00096320
0.00096570
0.00094450
0.00095010
0.00096040
0.00101710
0.00098940
0.00100910
0.00099150
0.00135070
0.00116050
0.00102960
0.00096290
0.00096120
0.00097090
0.00092190
0.00094720
0.00113420
0.00099050
0.00100900
0.00103610
0.00096330
0.00102400
0.00117790
0.00102090
0.00100600
0.00099230
0.00095620
0.00099340
0.00116500
0.00103890
0.00113290
0.00114650
0.00112190
0.00102350
0.00137460
0.00110590
0.00104800
0.00111800
0.00102240
0.00105070
0.00103160
0.00108630
0.00097800
0.00096180
0.00097520
0.00097520
0.00095550
0.00102350
0.00095750
0.00096160
0.00104600
0.00097080
0.00095290
0.00101290
0.00103630
0.00096790
0.00096320
0.00000000
0.00000000
0.00000000
0.00000000
0.00070630
0.00084430
0.00080420
0.00086030
0.00084260
0.00084520
0.00086660
0.00085230
0.00080460
0.00084520
0.00086510
0.00086000
0.00086970
0.00092770
0.00084180
0.00087250
0.00083870
0.00093390
0.00097080
0.00097410
0.00089140
0.00089300
0.00090120
0.00110780
0.00091970
0.00106000
0.00097000
0.00093850
0.00095690
0.00087280
0.00091170
0.00101840
0.00088280
0.00103070
0.00377040
0.00089110
0.00127000
0.00115290
0.00085330
0.00082740
0.00082260
0.00084130
0.00082390
0.00083810
0.00091330
0.00085540
0.00078850
0.00078870
0.00078430
0.00076700
0.00076090
0.00081640
0.00080610
0.00074610
0.00074730
0.00075650
0.00074830
0.00074780
0.00076870
0.00087890
0.00081500
0.00079300
0.00074840
0.00076720
0.00077270
0.00078310
0.00104630
0.00076200
0.00074640
0.00074630
0.00073840
0.00074920
0.00083240
0.00079360
0.00088440
0.00083530
0.00081920
0.00080060
0.00083580
0.00081020
0.00077260
0.00076620
0.00074680
0.00083560
0.00080570
0.00086760
0.00074070
0.00076530
0.00077540
0.00075240
0.00074790
0.00074700
0.00079640
0.00075770
0.00074000
0.00084930
0.00083060
0.00080060
0.00000000
0.00000000
0.00000000
0.00000000
0.00086630
0.00107430
0.00104730
0.00106240
0.00123880
0.00122120
0.00102300
0.00110010
0.00115420
0.00102370
0.00103740
0.00110090
0.00106940
0.00115620
0.00105700
0.00101430
0.00105120
0.00205330
0.00104490
0.00123020
0.00122730
0.00123440
0.00108380
0.00124040
0.00106170
0.00132310
0.00108500
0.00104080
0.00101920
0.00121330
0.00110730
0.00106450
0.00105450
0.00105270
0.00104110
0.00108700
0.00106500
0.00114280
0.00114750
0.00110120
0.00110360
0.00109710
0.00128130
0.00108570
0.00106880
0.00106760
0.00106880
0.00106880
0.00110940
0.00111580
0.00114270
0.00121240
0.00114600
0.00115260
0.00112270
0.00117690
0.00110820
0.00110600
0.00110870
0.00109940
0.00110060
0.00115290
0.00111210
0.00110800
0.00110030
0.00110510
0.00110120
0.00116400
0.00112370
0.00121060
0.00115380
0.00123050
0.00113470
0.00112490
0.00109240
0.00107440
0.00116600
0.00106630
0.00110580
0.00107900
0.00147350
0.00107770
0.00106850
0.00106730
0.00116220
0.00112420
0.00110890
0.00116170
0.00108010
0.00106660
0.00106350
0.00108430
0.00107070
0.00126250
0.00106550
0.00106830
0.00107610
0.00110210
0.00110770
0.00115490
0.00119790
0.00113050
0.00113730
0.00122850
0.00121040
0.00117300
0.00112850
0.00107970
0.00118050
0.00107830
0.00107100
0.00108340
0.00109360
0.00107410
