0.02733720 0
0.00916190 1
0.00750700 1
0.00838530 1
0.00736250 1
0.00756360 1
0.00796810 1
0.00789010 1
0.00658720 1
0.00604600 1
0.00653040 1
0.00685810 1
0.00642430 1
0.00624420 1
0.00609890 1
0.00642210 1
0.00620440 1
0.00657860 1
0.00617520 1
0.00635520 1
0.00632960 1
0.00612600 1
0.00598480 1
0.00646050 1
0.00687740 1
0.00624400 1
0.00603300 1
0.00611370 1
0.00670030 1
0.00638740 1
0.00597990 1
0.00627770 1
0.00608680 1
0.00627780 1
0.00600610 1
0.00680620 1
0.00641120 1
0.00769090 1
0.00612370 1
0.00629400 1
0.00607920 1
0.00665010 1
0.00668420 1
0.00691250 1
0.00719510 1
0.00673800 1
0.00672810 1
0.00668900 1
0.00639810 1
0.00662680 1
0.00683830 1
0.00683780 1
0.00685440 1
0.00666600 1
0.00671990 1
0.00708280 1
0.00754340 1
0.00734020 1
0.00676540 1
0.00641320 1
0.00654370 1
0.00652750 1
0.00687260 1
0.00657680 1
0.00649090 1
0.00671190 1
0.00692600 1
0.00682340 1
0.00675690 1
0.00705080 1
0.00719440 1
0.00661240 1
0.00664980 1
0.00654320 1
0.00664400 1
0.00654820 1
0.00688810 1
0.00724210 1
0.00668940 1
0.00712070 1
0.00681460 1
0.00668200 1
0.00718900 1
0.00763990 1
0.00700780 1
0.00684690 1
0.00684390 1
0.00680280 1
0.00745830 1
0.00815860 1
0.00826960 1
0.00670070 1
0.00699490 1
0.00685660 1
0.00722570 1
-
-
-
-
0.01951070 0
0.00668500 1
0.00648570 1
0.00800650 1
0.00734920 1
0.00732150 1
0.00657580 1
0.00710680 1
0.00773000 1
0.00790110 1
0.02534250 1
0.00711270 1
0.00599460 1
0.00576090 1
0.00558500 1
0.00556850 1
0.00565910 1
0.00554650 1
0.00562710 1
0.00589990 1
0.00740200 1
0.00550750 1
0.00563110 1
0.00548100 1
0.00539080 1
0.00591460 1
0.00671060 1
0.00539420 1
0.00538000 1
0.00556090 1
0.00529390 1
0.00543440 1
0.00541870 1
0.00630750 1
0.00601070 1
0.00596600 1
0.00605100 1
0.00653340 1
0.00549170 1
0.00538500 1
0.00544310 1
0.00533800 1
0.00570680 1
0.00648270 1
0.00536280 1
0.00545170 1
0.00534440 1
0.00542270 1
0.00572600 1
0.00732960 1
0.00592760 1
0.00562630 1
0.00789790 1
0.00633810 1
0.00686560 1
0.00560780 1
-
-
-
-
0.03531120 0
0.01087570 1
0.01119310 1
0.01052100 1
0.01050410 1
0.01020330 1
0.01012680 1
0.01037730 1
0.01095630 1
0.00980020 1
0.00953640 1
0.02592050 1
0.01138860 1
0.01010520 1
0.01045010 1
0.00980260 1
0.01088570 1
0.00987570 1
0.00992150 1
0.01078530 1
0.00987550 1
0.00972830 1
0.00956330 1
0.01042250 1
0.01118820 1
0.00982110 1
0.00958420 1
0.00976760 1
0.00972530 1
0.01004560 1
0.01044970 1
0.00992130 1
0.00968150 1
0.00964810 1
0.01084660 1
0.01115280 1
-
-
-
-
0.00768640 0
0.00239690 1
0.00252720 1
0.00215350 1
0.00205840 1
0.00249410 1
0.00217550 1
0.00223440 1
