0.02733720
0.00916190
0.00750700
0.00838530
0.00736250
0.00756360
0.00796810
0.00789010
0.00658720
0.00604600
0.00653040
0.00685810
0.00642430
0.00624420
0.00609890
0.00642210
0.00620440
0.00657860
0.00617520
0.00635520
0.00632960
0.00612600
0.00598480
0.00646050
0.00687740
0.00624400
0.00603300
0.00611370
0.00670030
0.00638740
0.00597990
0.00627770
0.00608680
0.00627780
0.00600610
0.00680620
0.00641120
0.00769090
0.00612370
0.00629400
0.00607920
0.00665010
0.00668420
0.00691250
0.00719510
0.00673800
0.00672810
0.00668900
0.00639810
0.00662680
0.00683830
0.00683780
0.00685440
0.00666600
0.00671990
0.00708280
0.00754340
0.00734020
0.00676540
0.00641320
0.00654370
0.00652750
0.00687260
0.00657680
0.00649090
0.00671190
0.00692600
0.00682340
0.00675690
0.00705080
0.00719440
0.00661240
0.00664980
0.00654320
0.00664400
0.00654820
0.00688810
0.00724210
0.00668940
0.00712070
0.00681460
0.00668200
0.00718900
0.00763990
0.00700780
0.00684690
0.00684390
0.00680280
0.00745830
0.00815860
0.00826960
0.00670070
0.00699490
0.00685660
0.00722570
0.00000000
0.00000000
0.00000000
0.00000000
0.01951070
0.00668500
0.00648570
0.00800650
0.00734920
0.00732150
0.00657580
0.00710680
0.00773000
0.00790110
0.02534250
0.00711270
0.00599460
0.00576090
0.00558500
0.00556850
0.00565910
0.00554650
0.00562710
0.00589990
0.00740200
0.00550750
0.00563110
0.00548100
0.00539080
0.00591460
0.00671060
0.00539420
0.00538000
0.00556090
0.00529390
0.00543440
0.00541870
0.00630750
0.00601070
0.00596600
0.00605100
0.00653340
0.00549170
0.00538500
0.00544310
0.00533800
0.00570680
0.00648270
0.00536280
0.00545170
0.00534440
0.00542270
0.00572600
0.00732960
0.00592760
0.00562630
0.00789790
0.00633810
0.00686560
0.00560780
0.00000000
0.00000000
0.00000000
0.00000000
0.03531120
0.01087570
0.01119310
0.01052100
0.01050410
0.01020330
0.01012680
0.01037730
0.01095630
0.00980020
0.00953640
0.02592050
0.01138860
0.01010520
0.01045010
0.00980260
0.01088570
0.00987570
0.00992150
0.01078530
0.00987550
0.00972830
0.00956330
0.01042250
0.01118820
0.00982110
0.00958420
0.00976760
0.00972530
0.01004560
0.01044970
0.00992130
0.00968150
0.00964810
0.01084660
0.01115280
0.00000000
0.00000000
0.00000000
0.00000000
0.00768640
0.00239690
0.00252720
0.00215350
0.00205840
0.00249410
0.00217550
0.00223440
