0.00002820
0.00368120
0.00512940
0.00307060
0.00273360
0.00489840
0.00267610
0.00410150
0.00362340
0.00320620
0.00308150
0.00304980
0.00270550
0.00290860
0.00279710
0.00287630
0.00263690
0.00325260
0.00317540
0.00313080
0.00270700
0.00287240
0.00253110
0.00294700
0.00300200
0.00304150
0.00254520
0.00327280
0.00263850
0.00299980
0.00278820
0.00288220
0.00261150
0.00302360
0.00296740
0.00301090
0.00291220
0.00311820
0.00265240
0.00306190
0.00261510
0.00291750
0.00261120
0.00306570
0.00273770
0.00307790
0.00277620
0.00309640
0.00271150
0.00293470
0.00288870
0.00281910
0.00245070
0.00264610
0.00279010
0.00299960
0.00287540
0.00320020
0.00265800
0.00324760
0.00263130
0.00288610
0.00273460
0.00287920
0.00264890
0.00299160
0.00000000
0.00000000
0.00000000
0.00000000
0.00018790
0.00300130
0.00283520
0.00312540
0.00253730
0.00264460
0.00263230
0.00303670
0.00251410
0.00290160
0.00244010
0.00000000
0.00000000
0.00000000
0.00000000
0.00002050
0.00366410
0.00356740
0.00320940
0.00325710
0.00339370
0.00348510
0.00326310
0.00326720
0.00319990
0.00315960
0.00328070
0.00337130
0.00398020
0.00395360
0.00350210
0.00306640
0.00337020
0.00362230
0.00345130
0.00308070
0.00322670
0.00321530
0.00305130
0.00321230
0.00319840
0.00335910
0.00400140
0.00447910
0.00414430
0.00341610
0.00387120
0.00378510
0.00325170
0.00370940
0.00346400
0.00346590
0.00321350
0.00331640
0.00313570
0.00435920
0.00428890
0.00494490
0.00410560
0.00363380
0.00385710
0.00376230
0.00401240
0.00361860
0.00359160
0.00346840
0.00409220
0.00316120
0.00320720
0.00313160
0.00313300
0.00310680
0.00307460
0.00329940
0.00321730
0.00345690
0.00311330
0.00330160
0.00322790
0.00337270
0.00381010
0.00424380
0.00426880
0.00320360
0.00420350
0.00336490
0.00320800
0.00361960
0.00350730
0.00329900
0.00335310
0.00377320
0.00326250
0.00338620
0.00312200
0.00312750
0.00316180
0.00316780
0.00316350
0.00321150
0.00331440
0.00359330
0.00397750
0.00369600
0.00421860
0.00520160
0.00316120
0.00345860
0.00366200
0.00329110
0.00357060
0.00333160
0.00309340
0.00337130
0.00383700
0.00317830
0.00321920
0.00347440
0.00361180
0.00349940
0.00343840
0.00490390
0.00319130
0.00442980
0.00316010
0.00331680
0.00347360
0.00347040
0.00313700
0.00365020
0.00322230
0.00318850
0.00351870
0.00359220
0.00310690
0.00325040
0.00313360
0.00304650
0.00338070
0.00312400
0.00307000
0.00312070
0.00325080
0.00305500
0.00326380
0.00320670
0.00353460
0.00294470
0.00286850
0.00285740
0.00295640
0.00271070
0.00285520
0.00000000
0.00000000
0.00000000
0.00000000
0.00004170
0.00369690
0.00349020
0.00521480
0.00341950
0.00378190
0.00383070
0.00383810
0.00390780
0.00384120
0.00423240
0.00363300
0.00380150
0.00428750
0.00376060
0.00396660
0.00368440
0.00483150
0.00454370
0.00590000
0.00393940
0.00481090
0.00370900
0.00398070
0.00509190
0.00342580
0.00345040
0.00333580
0.00409020
0.00424480
0.00482720
0.00412200
0.00594540
0.00361200
0.00370170
0.00343990
0.00333400
0.00338650
0.00321540
0.00326810
0.00296800
0.00329660
0.00376700
0.00331630
0.00331090
0.00330140
0.00332020
0.00374640
0.00329500
0.00320180
0.00346330
0.00328070
0.00346730
0.00338580
0.00395330
0.00367730
0.00426840
0.00360980
0.00668110
0.00466440
0.00000000
0.00000000
0.00000000
0.00000000
0.00003280
0.00447880
0.00423720
0.00471250
0.00420160
0.00367360
0.00381130
0.00385860
0.00379080
0.00388470
0.00320090
0.00341460
0.00333770
0.00329030
0.00347100
0.00383480
