0.00667570 0
0.00845150 1
0.00666700 1
0.00652110 1
0.00663630 1
0.00685200 1
0.00795030 1
0.00699160 1
0.00695910 1
0.00650370 1
0.00553090 1
0.00572250 1
0.00585770 1
0.00566920 1
0.00672010 1
0.00636150 1
0.00635530 1
0.00636600 1
0.00668730 1
0.00604750 1
0.00628510 1
0.00618400 1
0.00696030 1
0.00608740 1
0.00625780 1
0.00642900 1
0.00661970 1
0.00619510 1
0.00672050 1
0.00634270 1
0.00597550 1
0.00614530 1
0.00597430 1
0.00584540 1
0.00642360 1
0.00705130 1
0.00734550 1
0.00697170 1
0.00640530 1
0.00680260 1
0.00683700 1
0.00729290 1
0.00628650 1
0.00675510 1
0.00636180 1
0.00708050 1
0.00625330 1
0.00684240 1
0.00644580 1
0.00591920 1
0.00696040 1
0.00649340 1
0.00809570 1
0.00696910 1
0.00691590 1
0.00673080 1
0.00698260 1
0.00649470 1
0.00702510 1
0.00649770 1
0.00711520 1
0.00681220 1
0.00775210 1
0.00798410 1
0.00703040 1
0.00678200 1
0.00636420 1
0.00640780 1
0.00606240 1
0.00692570 1
0.00676960 1
0.00758660 1
0.00698090 1
0.02106240 1
0.00706470 1
0.00855630 1
0.00639880 1
0.00758610 1
0.00736180 1
0.00685130 1
0.00696550 1
0.00667180 1
0.00641110 1
0.00683710 1
0.00577810 1
0.00588970 1
0.00577050 1
0.00580660 1
0.00582650 1
0.00631780 1
0.00608860 1
0.00591110 1
0.00669800 1
0.00574270 1
0.00549770 1
0.00605270 1
0.00664870 1
0.00574560 1
0.00572550 1
0.00638240 1
0.00645500 1
0.00576330 1
0.00691190 1
0.00555660 1
0.00586330 1
0.00611560 1
0.00614280 1
0.00671860 1
0.00626940 1
0.00643540 1
0.00609470 1
0.00687190 1
0.00598720 1
0.00595740 1
0.00647680 1
0.00676800 1
0.00653630 1
0.00595650 1
0.00593000 1
0.00586570 1
0.00633940 1
0.00597850 1
0.00595850 1
0.00659010 1
0.00620210 1
0.00607910 1
0.00646110 1
0.00632900 1
0.00561330 1
0.00597110 1
0.00754980 1
0.00583760 1
0.00563980 1
0.00581750 1
0.00652430 1
0.00589850 1
0.00552400 1
0.00566260 1
0.00580480 1
0.00553210 1
0.00589120 1
0.00652420 1
0.00590470 1
0.00568820 1
0.00575170 1
0.00650070 1
0.00593390 1
0.00579200 1
0.00577610 1
0.00666410 1
0.00599020 1
0.00553680 1
0.00562300 1
0.00577070 1
0.00581660 1
0.00579070 1
0.00845800 1
0.00589620 1
0.00587130 1
0.00596030 1
0.00659670 1
0.00591170 1
0.00566570 1
0.00630400 1
0.00758320 1
0.00588120 1
0.00717380 1
0.00663960 1
0.00662340 1
0.00563830 1
0.00585700 1
0.00627840 1
0.00544840 1
0.00581330 1
0.00593740 1
0.00651480 1
0.00568600 1
0.00562940 1
0.00593660 1
0.00684140 1
0.00592310 1
0.00578460 1
0.00592030 1
0.00686440 1
0.00576310 1
0.00545400 1
0.00536000 1
0.00573820 1
0.00556130 1
0.00560670 1
0.00681240 1
0.00571160 1
0.00573540 1
0.00623140 1
0.00629610 1
0.00588660 1
0.00566550 1
0.00593180 1
0.00652110 1
0.00579710 1
0.00553760 1
0.00600680 1
0.00629200 1
0.00594530 1
0.00571200 1
0.00623160 1
-
-
-
-
0.00226820 0
0.00247210 1
0.00301790 1
0.00283620 1
0.00253000 1
0.00248010 1
0.00251080 1
0.00275230 1
0.00251160 1
0.00251400 1
0.00254340 1
0.00250300 1
0.00251430 1
0.00247500 1
0.00263440 1
0.00251810 1
0.00268210 1
0.00246880 1
0.00246770 1
0.00260070 1
0.00248700 1
0.00252730 1
0.00252230 1
0.00253210 1
0.00258490 1
0.00250960 1
0.00249830 1
0.00249240 1
0.00248450 1
0.00258820 1
0.00249670 1
0.00259860 1
0.00249310 1
0.00276750 1
0.00260400 1
0.00249230 1
0.00289700 1
0.00281520 1
0.00268010 1
0.00249140 1
0.00248280 1
0.00248650 1
0.00245450 1
0.00248990 1
0.00249500 1
0.00246700 1
0.00250690 1
0.00249430 1
0.00257480 1
0.00248670 1
0.00247690 1
0.00249390 1
0.00252500 1
0.00260620 1
0.00249710 1
0.00271450 1
0.00282420 1
0.00272490 1
0.00252810 1
0.00257410 1
0.00265240 1
0.00249580 1
0.00248470 1
0.00253450 1
0.00258110 1
0.00257490 1
0.00258390 1
0.00252830 1
0.00257100 1
0.00247410 1
0.00283110 1
0.00270240 1
0.00259210 1
0.00250240 1
0.00249340 1
-
-
-
-
0.02338650 0
0.02444920 1
0.02243460 1
