0.00667570
0.00845150
0.00666700
0.00652110
0.00663630
0.00685200
0.00795030
0.00699160
0.00695910
0.00650370
0.00553090
0.00572250
0.00585770
0.00566920
0.00672010
0.00636150
0.00635530
0.00636600
0.00668730
0.00604750
0.00628510
0.00618400
0.00696030
0.00608740
0.00625780
0.00642900
0.00661970
0.00619510
0.00672050
0.00634270
0.00597550
0.00614530
0.00597430
0.00584540
0.00642360
0.00705130
0.00734550
0.00697170
0.00640530
0.00680260
0.00683700
0.00729290
0.00628650
0.00675510
0.00636180
0.00708050
0.00625330
0.00684240
0.00644580
0.00591920
0.00696040
0.00649340
0.00809570
0.00696910
0.00691590
0.00673080
0.00698260
0.00649470
0.00702510
0.00649770
0.00711520
0.00681220
0.00775210
0.00798410
0.00703040
0.00678200
0.00636420
0.00640780
0.00606240
0.00692570
0.00676960
0.00758660
0.00698090
0.02106240
0.00706470
0.00855630
0.00639880
0.00758610
0.00736180
0.00685130
0.00696550
0.00667180
0.00641110
0.00683710
0.00577810
0.00588970
0.00577050
0.00580660
0.00582650
0.00631780
0.00608860
0.00591110
0.00669800
0.00574270
0.00549770
0.00605270
0.00664870
0.00574560
0.00572550
0.00638240
0.00645500
0.00576330
0.00691190
0.00555660
0.00586330
0.00611560
0.00614280
0.00671860
0.00626940
0.00643540
0.00609470
0.00687190
0.00598720
0.00595740
0.00647680
0.00676800
0.00653630
0.00595650
0.00593000
0.00586570
0.00633940
0.00597850
0.00595850
0.00659010
0.00620210
0.00607910
0.00646110
0.00632900
0.00561330
0.00597110
0.00754980
0.00583760
0.00563980
0.00581750
0.00652430
0.00589850
0.00552400
0.00566260
0.00580480
0.00553210
0.00589120
0.00652420
0.00590470
0.00568820
0.00575170
0.00650070
0.00593390
0.00579200
0.00577610
0.00666410
0.00599020
0.00553680
0.00562300
0.00577070
0.00581660
0.00579070
0.00845800
0.00589620
0.00587130
0.00596030
0.00659670
0.00591170
0.00566570
0.00630400
0.00758320
0.00588120
0.00717380
0.00663960
0.00662340
0.00563830
0.00585700
0.00627840
0.00544840
0.00581330
0.00593740
0.00651480
0.00568600
0.00562940
0.00593660
0.00684140
0.00592310
0.00578460
0.00592030
0.00686440
0.00576310
0.00545400
0.00536000
0.00573820
0.00556130
0.00560670
0.00681240
0.00571160
0.00573540
0.00623140
0.00629610
0.00588660
0.00566550
0.00593180
0.00652110
0.00579710
0.00553760
0.00600680
0.00629200
0.00594530
0.00571200
0.00623160
0.00000000
0.00000000
0.00000000
0.00000000
0.00226820
0.00247210
0.00301790
0.00283620
0.00253000
0.00248010
0.00251080
0.00275230
0.00251160
0.00251400
0.00254340
0.00250300
0.00251430
0.00247500
0.00263440
0.00251810
0.00268210
0.00246880
0.00246770
0.00260070
0.00248700
0.00252730
0.00252230
0.00253210
0.00258490
0.00250960
0.00249830
0.00249240
0.00248450
0.00258820
0.00249670
0.00259860
0.00249310
0.00276750
0.00260400
0.00249230
0.00289700
0.00281520
0.00268010
0.00249140
0.00248280
0.00248650
0.00245450
0.00248990
0.00249500
0.00246700
0.00250690
0.00249430
0.00257480
0.00248670
0.00247690
0.00249390
0.00252500
0.00260620
0.00249710
0.00271450
0.00282420
0.00272490
0.00252810
0.00257410
0.00265240
0.00249580
0.00248470
0.00253450
0.00258110
0.00257490
0.00258390
0.00252830
0.00257100
0.00247410
0.00283110
0.00270240
0.00259210
0.00250240
0.00249340
0.00000000
0.00000000
0.00000000
0.00000000
0.02338650
0.02444920
0.02243460
