0.00149060 0
0.00301330 1
0.00160520 1
0.00150190 1
0.00163750 1
0.00150910 1
0.00151130 1
0.00165250 1
0.00155300 1
0.00151130 1
0.00169010 1
0.00159780 1
0.00177410 1
0.00167900 1
0.00162650 1
0.00181560 1
0.00156700 1
0.00163150 1
0.00154030 1
0.00154640 1
0.00151070 1
0.00149780 1
0.00154840 1
0.00152510 1
0.00151630 1
0.00163330 1
0.00159420 1
0.00152020 1
0.00155780 1
0.00152660 1
0.00155120 1
0.00150880 1
0.00150420 1
0.00176550 1
0.00151220 1
0.00149550 1
0.00151960 1
0.00205440 1
0.00156450 1
0.00151320 1
0.00164530 1
0.00150790 1
0.00157620 1
0.00150180 1
0.00153740 1
0.00155370 1
0.00150740 1
0.00170320 1
0.00163560 1
0.00150450 1
0.00151410 1
0.00153920 1
0.00174000 1
0.00152930 1
0.00162530 1
0.00154820 1
0.00150020 1
0.00159680 1
0.00176290 1
0.00158340 1
0.00151070 1
0.00195020 1
0.00152490 1
0.00149710 1
0.00150750 1
0.00169940 1
0.00175690 1
0.00173660 1
0.00159290 1
0.00150440 1
0.00152010 1
0.00155790 1
0.00156060 1
0.00154170 1
0.00153580 1
0.00167720 1
0.00150040 1
0.00152030 1
0.00149170 1
0.00159770 1
0.00151770 1
0.00154230 1
0.00173680 1
0.00152300 1
0.00150240 1
0.00152330 1
0.00157110 1
0.00154910 1
0.00148210 1
0.00212340 1
0.00154440 1
0.00148530 1
0.00150420 1
0.00151400 1
0.00153800 1
0.00162420 1
0.00159610 1
0.00160640 1
0.00162180 1
0.00161830 1
0.00149310 1
0.00156930 1
0.00156620 1
0.00151260 1
0.00147150 1
0.00159230 1
0.00156730 1
0.00146070 1
0.00149770 1
0.00153990 1
0.00151030 1
0.00149590 1
0.00168160 1
0.00188870 1
0.00203900 1
0.00154550 1
0.00174230 1
0.00163510 1
0.00170120 1
0.00149540 1
0.00144430 1
0.00151310 1
0.00151340 1
0.00151990 1
0.00155090 1
0.00145750 1
0.00157340 1
0.00154680 1
0.00164130 1
0.00148390 1
0.00150580 1
0.00146610 1
0.00148650 1
0.00154200 1
0.00151460 1
0.00144140 1
0.00144640 1
0.00149630 1
0.00168690 1
0.00146990 1
0.00150540 1
0.00203520 1
0.00157160 1
0.00147890 1
0.00268830 1
0.00180010 1
0.00158380 1
0.00163730 1
0.00230120 1
0.00179230 1
0.00183040 1
0.00173840 1
0.00175300 1
0.00173060 1
0.00156110 1
0.00146840 1
0.00249610 1
0.00154930 1
0.00151700 1
0.00169690 1
0.00156840 1
0.00149620 1
0.00171140 1
0.00161840 1
0.00154230 1
0.00199280 1
0.00222980 1
0.00147260 1
0.00150820 1
0.00269700 1
0.00152830 1
0.00155600 1
0.00182140 1
0.00158950 1
0.00188740 1
0.00218360 1
0.00182830 1
0.00157720 1
0.00192800 1
0.00398670 1
0.00185450 1
0.00413650 1
0.02759620 1
0.00171820 1
0.00169430 1
0.00248280 1
0.00155260 1
0.00160890 1
0.00146940 1
0.00156670 1
0.00151240 1
0.00143650 1
0.00147210 1
0.00195910 1
0.00152490 1
0.00149520 1
0.00250960 1
0.00153340 1
0.00168720 1
0.00157120 1
0.00156000 1
0.00151300 1
0.00154440 1
0.00161300 1
0.00152050 1
0.00151030 1
0.00164860 1
0.00153190 1
0.00159440 1
0.00151350 1
0.00154560 1
0.00149950 1
0.00151120 1
0.00152050 1
0.00155720 1
0.00151850 1
0.00152800 1
0.00192090 1
0.00198870 1
0.00149900 1
0.00165940 1
0.00149540 1
0.00152240 1
0.00150620 1
0.00151850 1
0.00155970 1
0.00173310 1
0.00150970 1
0.00155530 1
0.00151110 1
0.00152230 1
0.00170320 1
0.00166720 1
0.00154500 1
0.00150720 1
0.00156420 1
0.00152040 1
0.00145460 1
0.00173630 1
0.00151060 1
0.00146420 1
0.00146630 1
0.00226460 1
0.00158000 1
0.00151240 1
0.00155210 1
0.00150620 1
0.00152720 1
0.00266060 1
0.00153200 1
0.00155640 1
0.00149400 1
0.00150640 1
0.00147110 1
0.00154760 1
0.00160510 1
0.00146720 1
0.00155240 1
0.00146170 1
0.00154140 1
0.00175730 1
0.00162170 1
0.00186980 1
0.00148000 1
0.00154660 1
0.00149610 1
0.00152310 1
0.00160390 1
0.00151040 1
0.00164830 1
0.00165230 1
0.00152290 1
0.00149230 1
0.00232680 1
0.00150610 1
0.00148690 1
0.00154330 1
0.00166190 1
0.00146800 1
0.00174270 1
0.00160090 1
0.00147430 1
0.00148900 1
0.00162040 1
0.00148810 1
0.00149850 1
0.00147940 1
0.00157840 1
0.00228740 1
0.00155630 1
0.00156150 1
0.00152410 1
0.00149310 1
0.00152460 1
0.00153670 1
0.00150090 1
0.00148180 1
0.00160580 1
0.00151780 1
0.00152630 1
0.00151730 1
0.00153790 1
0.00152050 1
0.00150190 1
0.00154050 1
0.00156370 1
0.00150590 1
0.00206620 1
0.00155440 1
0.00151140 1
0.00153940 1
0.00151140 1
0.00153230 1
0.00157580 1
0.00150750 1
0.00177930 1
0.00150500 1
0.00154940 1
0.00151530 1
0.00152310 1
0.00156690 1
0.00152720 1
0.00150940 1
0.00151260 1
0.00154010 1
0.00152710 1
0.00180580 1
0.00153370 1
0.00157680 1
0.00149690 1
0.00154690 1
0.00155570 1
0.00151000 1
0.00150690 1
0.00152290 1
0.00151570 1
0.00150870 1
0.00161680 1
0.00151880 1
0.00154720 1
0.00153270 1
0.00208070 1
0.00151980 1
0.00156270 1
0.00162100 1
0.00161230 1
0.00152030 1
0.00152570 1
0.00154360 1
0.00150840 1
0.00149270 1
0.00172590 1
0.00153010 1
0.00150870 1
0.00162140 1
0.00151850 1
0.00153900 1
0.00162950 1
0.00150170 1
0.00151470 1
0.00149350 1
0.00150280 1
0.00175920 1
0.00154460 1
0.00152390 1
0.00150290 1
0.00154010 1
0.00160940 1
0.00152050 1
0.00160310 1
0.00152460 1
0.00154230 1
0.00162620 1
0.00175140 1
0.00158420 1
0.00223630 1
0.00160630 1
0.00157530 1
0.00150280 1
0.00183500 1
0.00154800 1
0.00153490 1
0.00149910 1
0.00164870 1
0.00156490 1
0.00161630 1
0.00178710 1
0.00151060 1
0.00151660 1
0.00150080 1
0.00153200 1
0.00154200 1
0.00150280 1
0.00180010 1
0.00154230 1
0.00151290 1
0.00153660 1
0.00152300 1
0.00150460 1
0.00153430 1
