0.00149060
0.00301330
0.00160520
0.00150190
0.00163750
0.00150910
0.00151130
0.00165250
0.00155300
0.00151130
0.00169010
0.00159780
0.00177410
0.00167900
0.00162650
0.00181560
0.00156700
0.00163150
0.00154030
0.00154640
0.00151070
0.00149780
0.00154840
0.00152510
0.00151630
0.00163330
0.00159420
0.00152020
0.00155780
0.00152660
0.00155120
0.00150880
0.00150420
0.00176550
0.00151220
0.00149550
0.00151960
0.00205440
0.00156450
0.00151320
0.00164530
0.00150790
0.00157620
0.00150180
0.00153740
0.00155370
0.00150740
0.00170320
0.00163560
0.00150450
0.00151410
0.00153920
0.00174000
0.00152930
0.00162530
0.00154820
0.00150020
0.00159680
0.00176290
0.00158340
0.00151070
0.00195020
0.00152490
0.00149710
0.00150750
0.00169940
0.00175690
0.00173660
0.00159290
0.00150440
0.00152010
0.00155790
0.00156060
0.00154170
0.00153580
0.00167720
0.00150040
0.00152030
0.00149170
0.00159770
0.00151770
0.00154230
0.00173680
0.00152300
0.00150240
0.00152330
0.00157110
0.00154910
0.00148210
0.00212340
0.00154440
0.00148530
0.00150420
0.00151400
0.00153800
0.00162420
0.00159610
0.00160640
0.00162180
0.00161830
0.00149310
0.00156930
0.00156620
0.00151260
0.00147150
0.00159230
0.00156730
0.00146070
0.00149770
0.00153990
0.00151030
0.00149590
0.00168160
0.00188870
0.00203900
0.00154550
0.00174230
0.00163510
0.00170120
0.00149540
0.00144430
0.00151310
0.00151340
0.00151990
0.00155090
0.00145750
0.00157340
0.00154680
0.00164130
0.00148390
0.00150580
0.00146610
0.00148650
0.00154200
0.00151460
0.00144140
0.00144640
0.00149630
0.00168690
0.00146990
0.00150540
0.00203520
0.00157160
0.00147890
0.00268830
0.00180010
0.00158380
0.00163730
0.00230120
0.00179230
0.00183040
0.00173840
0.00175300
0.00173060
0.00156110
0.00146840
0.00249610
0.00154930
0.00151700
0.00169690
0.00156840
0.00149620
0.00171140
0.00161840
0.00154230
0.00199280
0.00222980
0.00147260
0.00150820
0.00269700
0.00152830
0.00155600
0.00182140
0.00158950
0.00188740
0.00218360
0.00182830
0.00157720
0.00192800
0.00398670
0.00185450
0.00413650
0.02759620
0.00171820
0.00169430
0.00248280
0.00155260
0.00160890
0.00146940
0.00156670
0.00151240
0.00143650
0.00147210
0.00195910
0.00152490
0.00149520
0.00250960
0.00153340
0.00168720
0.00157120
0.00156000
0.00151300
0.00154440
0.00161300
0.00152050
0.00151030
0.00164860
0.00153190
0.00159440
0.00151350
0.00154560
0.00149950
0.00151120
0.00152050
0.00155720
0.00151850
0.00152800
0.00192090
0.00198870
0.00149900
0.00165940
0.00149540
0.00152240
0.00150620
0.00151850
0.00155970
0.00173310
0.00150970
0.00155530
0.00151110
0.00152230
0.00170320
0.00166720
0.00154500
0.00150720
0.00156420
0.00152040
0.00145460
0.00173630
0.00151060
0.00146420
0.00146630
0.00226460
0.00158000
0.00151240
0.00155210
0.00150620
0.00152720
0.00266060
0.00153200
0.00155640
0.00149400
0.00150640
0.00147110
0.00154760
0.00160510
0.00146720
0.00155240
0.00146170
0.00154140
0.00175730
0.00162170
0.00186980
0.00148000
0.00154660
0.00149610
0.00152310
0.00160390
0.00151040
0.00164830
0.00165230
0.00152290
0.00149230
0.00232680
0.00150610
0.00148690
0.00154330
0.00166190
0.00146800
0.00174270
0.00160090
0.00147430
0.00148900
0.00162040
0.00148810
0.00149850
0.00147940
0.00157840
0.00228740
0.00155630
0.00156150
0.00152410
0.00149310
0.00152460
0.00153670
0.00150090
0.00148180
0.00160580
0.00151780
0.00152630
0.00151730
0.00153790
0.00152050
0.00150190
0.00154050
0.00156370
0.00150590
0.00206620
0.00155440
0.00151140
0.00153940
0.00151140
0.00153230
0.00157580
0.00150750
0.00177930
0.00150500
0.00154940
0.00151530
0.00152310
0.00156690
0.00152720
0.00150940
0.00151260
0.00154010
0.00152710
0.00180580
0.00153370
0.00157680
0.00149690
0.00154690
0.00155570
0.00151000
0.00150690
0.00152290
0.00151570
0.00150870
0.00161680
0.00151880
0.00154720
0.00153270
0.00208070
0.00151980
0.00156270
0.00162100
0.00161230
0.00152030
0.00152570
0.00154360
0.00150840
0.00149270
0.00172590
0.00153010
0.00150870
0.00162140
0.00151850
0.00153900
0.00162950
0.00150170
0.00151470
0.00149350
0.00150280
0.00175920
0.00154460
0.00152390
0.00150290
0.00154010
0.00160940
0.00152050
0.00160310
0.00152460
0.00154230
0.00162620
0.00175140
0.00158420
0.00223630
0.00160630
0.00157530
0.00150280
0.00183500
0.00154800
0.00153490
0.00149910
0.00164870
0.00156490
0.00161630
0.00178710
0.00151060
0.00151660
0.00150080
0.00153200
0.00154200
0.00150280
0.00180010
0.00154230
0.00151290
0.00153660
0.00152300
0.00150460
0.00153430
