1
205.00,115.00,30.00,104.00
203.00,114.00,30.00,104.00
202.00,113.00,30.00,104.00
201.00,112.00,30.00,104.00
200.00,111.00,30.00,104.00
201.00,109.00,30.00,104.00
202.00,108.00,30.00,104.00
203.00,107.00,30.00,104.00
205.00,106.00,30.00,104.00
206.00,104.00,30.00,104.00
209.00,104.00,30.00,104.00
212.00,104.00,30.00,104.00
213.00,105.00,30.00,104.00
212.00,106.00,30.00,104.00
211.00,106.00,30.00,104.00
210.00,106.00,30.00,104.00
209.00,105.00,30.00,104.00
208.00,103.00,30.00,104.00
207.00,102.00,30.00,104.00
208.00,101.00,30.00,104.00
209.00,100.00,30.00,104.00
210.00,99.00,30.00,104.00
210.00,99.00,30.00,104.00
211.00,99.00,30.00,104.00
212.00,99.00,30.00,104.00
212.00,99.00,30.00,104.00
212.00,98.00,30.00,104.00
212.00,97.00,30.00,104.00
212.00,96.00,30.00,104.00
213.00,94.00,30.00,104.00
214.00,93.00,30.00,104.00
215.00,94.00,30.00,104.00
216.00,94.00,30.00,104.00
217.00,94.00,30.00,104.00
217.00,94.00,30.00,104.00
243.00,94.00,30.00,104.00
2
0
0
0
0
1
219.00,103.00,30.00,104.00
220.00,105.00,30.00,104.00
219.00,106.00,30.00,104.00
218.00,107.00,30.00,104.00
218.00,108.00,30.00,104.00
217.00,109.00,30.00,104.00
2
0
0
0
0
1
197.00,99.00,30.00,104.00
196.00,98.00,30.00,104.00
195.00,98.00,30.00,104.00
196.00,101.00,30.00,104.00
196.00,103.00,30.00,104.00
197.00,103.00,30.00,104.00
199.00,105.00,30.00,104.00
200.00,107.00,30.00,104.00
202.00,107.00,30.00,104.00
202.00,107.00,30.00,104.00
201.00,107.00,30.00,104.00
199.00,106.00,30.00,104.00
200.00,105.00,30.00,104.00
202.00,104.00,30.00,104.00
205.00,103.00,30.00,104.00
211.00,103.00,30.00,104.00
220.00,101.00,30.00,104.00
225.00,94.00,30.00,104.00
225.00,91.00,30.00,104.00
222.00,91.00,30.00,104.00
216.00,90.00,30.00,104.00
208.00,93.00,30.00,104.00
201.00,95.00,30.00,104.00
198.00,91.00,30.00,104.00
199.00,89.00,30.00,104.00
193.00,86.00,30.00,104.00
193.00,79.00,30.00,104.00
196.00,73.00,30.00,104.00
198.00,68.00,30.00,104.00
199.00,66.00,30.00,104.00
200.00,64.00,30.00,104.00
202.00,62.00,30.00,104.00
204.00,64.00,30.00,104.00
205.00,67.00,30.00,104.00
2
0
0
0
0
1
207.00,105.00,30.00,95.00
209.00,109.00,30.00,95.00
209.00,114.00,30.00,95.00
207.00,120.00,30.00,95.00
206.00,124.00,30.00,95.00
206.00,126.00,30.00,95.00
206.00,128.00,30.00,95.00
205.00,130.00,30.00,95.00
205.00,131.00,30.00,95.00
206.00,131.00,30.00,95.00
204.00,130.00,30.00,95.00
203.00,130.00,30.00,95.00
204.00,129.00,30.00,95.00
205.00,127.00,30.00,95.00
206.00,124.00,30.00,95.00
208.00,122.00,30.00,95.00
2
0
0
0
0
1
206.00,118.00,30.00,94.00
210.00,119.00,30.00,94.00
214.00,120.00,30.00,94.00
218.00,122.00,30.00,94.00
222.00,123.00,30.00,94.00
226.00,124.00,30.00,94.00
231.00,126.00,30.00,94.00
236.00,127.00,30.00,94.00
2
0
0
0
0
1
221.00,125.00,30.00,94.00
222.00,126.00,30.00,94.00
223.00,127.00,30.00,94.00
224.00,127.00,30.00,94.00
224.00,128.00,30.00,94.00
225.00,128.00,30.00,94.00
225.00,129.00,30.00,94.00
228.00,128.00,30.00,94.00
230.00,128.00,30.00,94.00
2
0
0
0
0
1
229.00,119.00,30.00,94.00
230.00,121.00,30.00,94.00
239.00,118.00,30.00,94.00
2
0
0
0
0
1
229.00,110.00,30.00,94.00
229.00,110.00,30.00,94.00
229.00,110.00,30.00,94.00
229.00,109.00,30.00,94.00
229.00,109.00,30.00,94.00
230.00,108.00,30.00,94.00
231.00,108.00,30.00,94.00
232.00,111.00,30.00,94.00
2
0
0
0
0
1
229.00,105.00,30.00,94.00
228.00,105.00,30.00,94.00
226.00,106.00,30.00,94.00
224.00,105.00,30.00,94.00
223.00,104.00,30.00,94.00
221.00,104.00,30.00,94.00
219.00,103.00,30.00,94.00
217.00,103.00,30.00,94.00
215.00,103.00,30.00,94.00
214.00,103.00,30.00,94.00
213.00,103.00,30.00,94.00
212.00,102.00,30.00,94.00
211.00,102.00,30.00,94.00
211.00,102.00,30.00,94.00
210.00,102.00,30.00,94.00
210.00,101.00,30.00,94.00
210.00,101.00,30.00,94.00
210.00,100.00,30.00,94.00
210.00,101.00,30.00,94.00
211.00,102.00,30.00,94.00
210.00,103.00,30.00,94.00
210.00,105.00,30.00,94.00
209.00,106.00,30.00,94.00
210.00,107.00,30.00,94.00
209.00,107.00,30.00,94.00
209.00,108.00,30.00,94.00
209.00,107.00,30.00,94.00
188.00,102.00,30.00,94.00
191.00,102.00,30.00,94.00
197.00,103.00,30.00,94.00
197.00,102.00,30.00,94.00
209.00,105.00,30.00,94.00
208.00,105.00,30.00,94.00
207.00,106.00,30.00,94.00
212.00,103.00,30.00,94.00
214.00,102.00,30.00,94.00
213.00,102.00,30.00,94.00
214.00,101.00,30.00,94.00
211.00,98.00,30.00,94.00
213.00,99.00,30.00,94.00
2
0
0
0
0
1
202.00,125.00,30.00,94.00
202.00,128.00,30.00,94.00
202.00,130.00,30.00,94.00
201.00,131.00,30.00,94.00
201.00,132.00,30.00,94.00
201.00,133.00,30.00,94.00
201.00,133.00,30.00,94.00
202.00,133.00,30.00,94.00
201.00,134.00,30.00,94.00
215.00,169.00,30.00,94.00
2
0
0
0
0
1
200.00,134.00,30.00,94.00
197.00,132.00,30.00,94.00
195.00,131.00,30.00,94.00
192.00,131.00,30.00,94.00
190.00,130.00,30.00,94.00
189.00,130.00,30.00,94.00
187.00,131.00,30.00,94.00
186.00,131.00,30.00,94.00
186.00,133.00,30.00,94.00
187.00,132.00,30.00,94.00
187.00,132.00,30.00,94.00
188.00,132.00,30.00,94.00
189.00,132.00,30.00,94.00
2
0
0
0
0
1
204.00,129.00,30.00,94.00
204.00,129.00,30.00,94.00
205.00,128.00,30.00,94.00
205.00,125.00,30.00,94.00
205.00,124.00,30.00,94.00
206.00,121.00,30.00,94.00
206.00,118.00,30.00,94.00
205.00,116.00,30.00,94.00
207.00,115.00,30.00,94.00
205.00,114.00,30.00,94.00
205.00,114.00,30.00,94.00
204.00,114.00,30.00,94.00
202.00,114.00,30.00,94.00
201.00,115.00,30.00,94.00
200.00,115.00,30.00,94.00
199.00,115.00,30.00,94.00
199.00,116.00,30.00,94.00
198.00,116.00,30.00,94.00
197.00,117.00,30.00,94.00
197.00,117.00,30.00,94.00
196.00,117.00,30.00,94.00
196.00,117.00,30.00,94.00
195.00,117.00,30.00,94.00
194.00,117.00,30.00,94.00
192.00,117.00,30.00,94.00
190.00,116.00,30.00,94.00
187.00,116.00,30.00,94.00
185.00,116.00,30.00,94.00
184.00,115.00,30.00,94.00
2
0
0
0
0
1
182.00,109.00,29.67,87.13
182.00,106.00,29.67,87.13
181.00,103.00,29.67,87.13
180.00,102.00,29.67,87.13
175.00,104.00,29.67,87.13
173.00,103.00,29.67,87.13
171.00,101.00,29.67,87.13
2
0
0
0
0
1
162.00,95.00,29.41,82.34
160.00,94.00,29.41,82.34
158.00,93.00,29.41,82.34
156.00,93.00,29.41,82.34
154.00,92.00,29.41,82.34
153.00,91.00,29.41,82.34
152.00,90.00,29.41,82.34
151.00,90.00,29.41,82.34
150.00,90.00,29.41,82.34
149.00,90.00,29.41,82.34
176.00,98.00,29.41,82.34
177.00,99.00,29.41,82.34
2
0
0
0
0
1
140.00,92.00,29.04,75.73
140.00,91.00,29.04,75.73
140.00,91.00,29.04,75.73
139.00,91.00,29.04,75.73
138.00,91.00,29.04,75.73
136.00,92.00,29.04,75.73
135.00,92.00,29.04,75.73
134.00,92.00,29.04,75.73
133.00,92.00,29.04,75.73
133.00,91.00,29.04,75.73
133.00,90.00,29.04,75.73
133.00,90.00,29.04,75.73
133.00,90.00,29.04,75.73
133.00,91.00,29.04,75.73
134.00,91.00,29.04,75.73
135.00,94.00,29.04,75.73
137.00,96.00,29.04,75.73
137.00,99.00,29.04,75.73
138.00,104.00,29.04,75.73
139.00,107.00,29.04,75.73
141.00,108.00,29.04,75.73
144.00,108.00,29.04,75.73
149.00,109.00,29.04,75.73
158.00,106.00,29.04,75.73
168.00,105.00,29.04,75.73
170.00,103.00,29.04,75.73
169.00,103.00,29.04,75.73
169.00,103.00,29.04,75.73
169.00,103.00,29.04,75.73
166.00,103.00,29.04,75.73
163.00,104.00,29.04,75.73
159.00,104.00,29.04,75.73
155.00,105.00,29.04,75.73
153.00,104.00,29.04,75.73
150.00,104.00,29.04,75.73
148.00,103.00,29.04,75.73
147.00,102.00,29.04,75.73
146.00,102.00,29.04,75.73
140.00,103.00,29.04,75.73
141.00,103.00,29.04,75.73
144.00,105.00,29.04,75.73
144.00,104.00,29.04,75.73
143.00,103.00,29.04,75.73
142.00,103.00,29.04,75.73
140.00,103.00,29.04,75.73
138.00,105.00,29.04,75.73
137.00,102.00,29.04,75.73
138.00,94.00,29.04,75.73
140.00,92.00,29.04,75.73
141.00,92.00,29.04,75.73
144.00,92.00,29.04,75.73
152.00,93.00,29.04,75.73
157.00,95.00,29.04,75.73
158.00,98.00,29.04,75.73
161.00,102.00,29.04,75.73
162.00,106.00,29.04,75.73
162.00,110.00,29.04,75.73
162.00,114.00,29.04,75.73
162.00,117.00,29.04,75.73
162.00,119.00,29.04,75.73
162.00,120.00,29.04,75.73
163.00,120.00,29.04,75.73
191.00,87.00,29.04,75.73
2
0
0
0
0
1
151.00,119.00,34.00,97.00
151.00,114.00,34.00,97.00
151.00,109.00,34.00,97.00
152.00,105.00,34.00,97.00
153.00,101.00,34.00,97.00
156.00,95.00,34.00,97.00
160.00,91.00,34.00,97.00
163.00,87.00,34.00,97.00
189.00,90.00,34.00,97.00
193.00,89.00,34.00,97.00
195.00,91.00,34.00,97.00
2
0
0
0
0
1
152.00,106.00,34.00,91.00
147.00,111.00,34.00,91.00
142.00,117.00,34.00,91.00
139.00,121.00,34.00,91.00
136.00,124.00,34.00,91.00
134.00,127.00,34.00,91.00
134.00,129.00,34.00,91.00
2
0
0
0
0
1
148.00,109.00,34.00,91.00
150.00,107.00,34.00,91.00
152.00,104.00,34.00,91.00
153.00,104.00,34.00,91.00
154.00,102.00,34.00,91.00
155.00,99.00,34.00,91.00
156.00,96.00,34.00,91.00
156.00,94.00,34.00,91.00
158.00,92.00,34.00,91.00
158.00,91.00,34.00,91.00
157.00,90.00,34.00,91.00
156.00,90.00,34.00,91.00
155.00,90.00,34.00,91.00
153.00,91.00,34.00,91.00
151.00,91.00,34.00,91.00
150.00,91.00,34.00,91.00
147.00,92.00,34.00,91.00
144.00,92.00,34.00,91.00
142.00,91.00,34.00,91.00
142.00,89.00,34.00,91.00
139.00,89.00,34.00,91.00
138.00,88.00,34.00,91.00
138.00,87.00,34.00,91.00
139.00,86.00,34.00,91.00
140.00,84.00,34.00,91.00
140.00,82.00,34.00,91.00
141.00,79.00,34.00,91.00
142.00,77.00,34.00,91.00
143.00,76.00,34.00,91.00
144.00,75.00,34.00,91.00
145.00,75.00,34.00,91.00
146.00,74.00,34.00,91.00
148.00,73.00,34.00,91.00
152.00,74.00,34.00,91.00
158.00,75.00,34.00,91.00
160.00,77.00,34.00,91.00
160.00,84.00,34.00,91.00
160.00,89.00,34.00,91.00
160.00,93.00,34.00,91.00
160.00,98.00,34.00,91.00
159.00,100.00,34.00,91.00
160.00,101.00,34.00,91.00
161.00,101.00,34.00,91.00
161.00,101.00,34.00,91.00
161.00,101.00,34.00,91.00
161.00,102.00,34.00,91.00
162.00,103.00,34.00,91.00
161.00,104.00,34.00,91.00
159.00,106.00,34.00,91.00
157.00,109.00,34.00,91.00
155.00,112.00,34.00,91.00
152.00,114.00,34.00,91.00
151.00,115.00,34.00,91.00
150.00,116.00,34.00,91.00
149.00,117.00,34.00,91.00
148.00,118.00,34.00,91.00
148.00,118.00,34.00,91.00
148.00,118.00,34.00,91.00
149.00,118.00,34.00,91.00
149.00,118.00,34.00,91.00
149.00,119.00,34.00,91.00
151.00,118.00,34.00,91.00
154.00,117.00,34.00,91.00
155.00,117.00,34.00,91.00
149.00,119.00,34.00,91.00
148.00,117.00,34.00,91.00
148.00,114.00,34.00,91.00
148.00,112.00,34.00,91.00
150.00,109.00,34.00,91.00
149.00,107.00,34.00,91.00
149.00,104.00,34.00,91.00
150.00,102.00,34.00,91.00
152.00,99.00,34.00,91.00
154.00,97.00,34.00,91.00
158.00,94.00,34.00,91.00
159.00,92.00,34.00,91.00
160.00,90.00,34.00,91.00
160.00,89.00,34.00,91.00
160.00,88.00,34.00,91.00
161.00,87.00,34.00,91.00
161.00,87.00,34.00,91.00
161.00,86.00,34.00,91.00
161.00,85.00,34.00,91.00
161.00,86.00,34.00,91.00
163.00,85.00,34.00,91.00
167.00,85.00,34.00,91.00
168.00,85.00,34.00,91.00
169.00,84.00,34.00,91.00
161.00,88.00,34.00,91.00
162.00,87.00,34.00,91.00
162.00,86.00,34.00,91.00
165.00,83.00,34.00,91.00
163.00,83.00,34.00,91.00
162.00,83.00,34.00,91.00
161.00,82.00,34.00,91.00
159.00,81.00,34.00,91.00
157.00,81.00,34.00,91.00
154.00,81.00,34.00,91.00
152.00,82.00,34.00,91.00
150.00,83.00,34.00,91.00
147.00,83.00,34.00,91.00
144.00,84.00,34.00,91.00
141.00,83.00,34.00,91.00
138.00,83.00,34.00,91.00
136.00,82.00,34.00,91.00
134.00,81.00,34.00,91.00
134.00,80.00,34.00,91.00
134.00,79.00,34.00,91.00
135.00,78.00,34.00,91.00
135.00,78.00,34.00,91.00
134.00,79.00,34.00,91.00
126.00,83.00,34.00,91.00
125.00,83.00,34.00,91.00
125.00,83.00,34.00,91.00
125.00,82.00,34.00,91.00
125.00,82.00,34.00,91.00
126.00,82.00,34.00,91.00
128.00,84.00,34.00,91.00
129.00,88.00,34.00,91.00
132.00,92.00,34.00,91.00
134.00,97.00,34.00,91.00
137.00,103.00,34.00,91.00
142.00,108.00,34.00,91.00
149.00,112.00,34.00,91.00
150.00,113.00,34.00,91.00
150.00,114.00,34.00,91.00
150.00,113.00,34.00,91.00
149.00,111.00,34.00,91.00
148.00,106.00,34.00,91.00
147.00,103.00,34.00,91.00
148.00,99.00,34.00,91.00
148.00,94.00,34.00,91.00
148.00,89.00,34.00,91.00
149.00,87.00,34.00,91.00
150.00,84.00,34.00,91.00
142.00,86.00,34.00,91.00
142.00,85.00,34.00,91.00
141.00,85.00,34.00,91.00
139.00,83.00,34.00,91.00
133.00,81.00,34.00,91.00
127.00,77.00,34.00,91.00
122.00,73.00,34.00,91.00
114.00,70.00,34.00,91.00
107.00,65.00,34.00,91.00
112.00,59.00,34.00,91.00
2
0
0
0
0
1
207.00,30.00,48.00,144.00
224.00,32.00,48.00,144.00
238.00,30.00,48.00,144.00
234.00,32.00,48.00,144.00
223.00,37.00,48.00,144.00
216.00,40.00,48.00,144.00
235.00,41.00,48.00,144.00
238.00,55.00,48.00,144.00
215.00,63.00,48.00,144.00
215.00,68.00,48.00,144.00
208.00,83.00,48.00,144.00
198.00,98.00,48.00,144.00
184.00,109.00,48.00,144.00
179.00,110.00,48.00,144.00
175.00,109.00,48.00,144.00
172.00,108.00,48.00,144.00
167.00,108.00,48.00,144.00
162.00,106.00,48.00,144.00
164.00,102.00,48.00,144.00
168.00,95.00,48.00,144.00
169.00,91.00,48.00,144.00
173.00,88.00,48.00,144.00
178.00,87.00,48.00,144.00
183.00,87.00,48.00,144.00
182.00,88.00,48.00,144.00
181.00,88.00,48.00,144.00
180.00,92.00,48.00,144.00
172.00,97.00,48.00,144.00
164.00,100.00,48.00,144.00
163.00,103.00,48.00,144.00
157.00,105.00,48.00,144.00
