0.00003240
0.00350590
0.00365410
0.00274750
0.00294580
0.00307250
0.00276960
0.00277960
0.00371660
0.00280670
0.00270020
0.00341820
0.00303680
0.00295300
0.00314800
0.00301090
0.00287650
0.00268370
0.00256500
0.00253430
0.00265430
0.00286500
0.00261500
0.00269750
0.00265040
0.00263800
0.00268290
0.00276450
0.00273220
0.00273550
0.00257880
0.00264260
0.00260890
0.00257100
0.00279370
0.00249510
0.00263380
0.00273480
0.00000000
0.00000000
0.00000000
0.00000000
0.00001610
0.00268870
0.00275390
0.00267550
0.00256020
0.00255270
0.00250230
0.00250320
0.00000000
0.00000000
0.00000000
0.00000000
0.00001540
0.00257910
0.00260790
0.00271750
0.00263140
0.00291830
0.00258820
0.00279800
0.00260370
0.00292790
0.00325750
0.00271630
0.00270190
0.00263630
0.00277550
0.00293840
0.00294010
0.00294120
0.00292880
0.00287470
0.00294520
0.00262950
0.00267950
0.00292840
0.00283390
0.00279880
0.00270070
0.00258760
0.00289580
0.00285690
0.00268720
0.00258390
0.00317140
0.00285000
0.00283260
0.00285420
0.00000000
0.00000000
0.00000000
0.00000000
0.00002080
0.00205930
0.00274170
0.00241580
0.00215520
0.00205310
0.00261440
0.00211180
0.00216580
0.00209720
0.00258290
0.00213720
0.00195060
0.00209980
0.00260020
0.00205900
0.00197420
0.00204730
0.00000000
0.00000000
0.00000000
0.00000000
0.00024440
0.00292070
0.00294360
0.00277200
0.00241540
0.00240850
0.00235620
0.00250030
0.00236330
0.00236600
0.00000000
0.00000000
0.00000000
0.00000000
0.00014740
0.00239660
0.00174330
0.00188380
0.00247150
0.00202300
0.00190510
0.00182480
0.00245870
0.00192820
0.00206490
0.00000000
0.00000000
0.00000000
0.00000000
0.00001940
0.00189620
0.00241340
0.00200770
0.00197050
0.00000000
0.00000000
0.00000000
0.00000000
0.00001890
0.00197080
0.00271330
0.00196030
0.00179410
0.00182670
0.00251680
0.00192410
0.00178790
0.00186430
0.00000000
0.00000000
0.00000000
0.00000000
0.00002800
0.00250780
0.00241730
0.00243470
0.00243750
0.00243500
0.00241570
0.00235180
0.00245190
0.00237230
0.00247480
0.00243620
0.00242600
0.00234840
0.00231130
0.00255490
0.00237240
0.00246510
0.00235650
0.00241740
0.00232420
0.00258470
0.00258750
0.00301450
0.00280070
0.00256080
0.00397670
0.00241150
0.00240830
0.00241580
0.00261060
0.00284610
0.00292220
0.00236630
0.00254770
0.00237970
0.00236440
0.00235030
0.00244060
0.00241230
0.00272190
0.00249490
0.00000000
0.00000000
0.00000000
0.00000000
0.00001940
0.00210330
0.00187150
0.00199360
0.00269580
0.00196550
0.00173540
0.00188810
0.00233070
0.00194660
0.00177090
0.00168790
0.00000000
0.00000000
0.00000000
0.00000000
0.00001510
0.00274940
0.00277430
0.00360500
0.00247230
0.00250810
0.00408620
0.00277780
0.00238420
0.00259910
0.00253850
0.00236520
0.00245760
0.00252750
0.00331140
0.00000000
0.00000000
0.00000000
0.00000000
0.00003340
0.00248060
0.00234330
0.00355550
0.00248400
0.00194060
0.00243210
0.00198480
0.00259740
0.00262720
0.00198150
0.00193660
0.00251290
0.00186350
0.00180870
0.00193180
0.00272990
0.00265160
0.00196110
0.00195400
0.00248520
0.00203860
0.00181660
0.00242630
0.00277520
0.00246780
0.00313710
0.00193550
0.00236530
0.00308180
0.00194020
0.00000000
0.00000000
0.00000000
0.00000000
0.00001640
0.00167470
0.00238310
0.00183610
0.00162950
0.00165100
0.00217520
0.00173230
0.00204510
0.00000000
0.00000000
0.00000000
0.00000000
0.00003000
0.00171190
0.00271070
0.00237130
0.00151420
0.00163880
0.00203290
0.00206370
0.00151760
0.00162550
0.00164340
0.00183690
0.00159230
0.00160770
0.00000000
0.00000000
0.00000000
0.00000000
0.00001550
0.00115060
0.00142100
0.00151040
0.00104300
0.00104310
0.00109760
0.00107550
0.00100980
0.00104580
0.00100400
0.00099930
0.00101630
0.00111120
0.00101230
0.00103660
0.00104290
0.00111390
0.00106800
0.00107250
0.00103510
0.00104160
0.00109270
0.00106970
0.00102650
0.00104090
0.00100650
0.00102050
0.00106760
0.00110290
0.00111010
0.00119750
0.00124670
0.00126540
0.00132160
0.00312980
0.00119210
0.00112910
0.00149450
0.00117090
0.00146730
0.00141260
0.00117060
0.00109930
0.00109370
0.00112210
0.00106360
0.00108560
0.00107030
0.00104010
0.00124720
0.00104470
0.00146600
0.00158630
0.00105550
0.00104040
0.00108990
0.00104020
0.00102430
0.00100770
0.00100780
0.00100780
0.00101540
0.00101160
0.00100730
0.00000000
0.00000000
0.00000000
0.00000000
0.00011700
0.00272140
0.00291370
0.00288520
0.00256350
0.00211230
0.00420860
0.00211020
0.00230960
0.00435170
0.00245270
0.00228790
0.00388120
0.00000000
0.00000000
0.00000000
0.00000000
0.00002890
0.00235770
0.00229930
0.00431420
0.00259490
0.00209040
0.00278100
0.00206270
0.00256670
0.00000000
0.00000000
0.00000000
0.00000000
0.00002090
0.00239990
0.00203800
0.00209350
0.00256960
0.00243050
0.00178560
0.00180440
0.00254130
0.00198060
0.00175160
0.00180360
0.00230180
0.00185560
0.00174470
0.00186840
0.00237640
0.00186470
0.00175620
0.00186030
0.00223310
0.00177160
0.00169570
0.00173870
0.00261810
0.00194610
0.00170610
0.00184930
0.00223450
0.00188310
0.00168330
0.00225890
0.00237570
0.00187490
0.00169680
0.00173960
0.00264030
0.00189900
0.00170410
0.00175290
0.00239090
0.00182320
0.00170360
0.00187610
0.00256270
0.00193690
0.00171080
0.00191540
0.00252310
0.00195230
0.00192610
0.00220620
0.00264990
0.00209290
0.00355130
0.00194380
0.00392590
0.00190210
0.00174920
0.00188200
0.00270090
0.00191160
0.00177180
0.00206820
0.00235400
0.00234720
0.00213640
0.00180980
0.00239520
0.00193330
0.00182860
0.00177450
0.00282230
0.00225390
0.00213380
0.00372080
0.00238150
0.00192220
0.00174840
0.00180620
0.00268700
0.00187870
0.00201120
0.00203240
0.00247260
0.00191550
0.00174320
0.00185990
0.00234580
0.00201550
0.00248960
0.00204250
0.00316600
0.00211230
0.00195630
0.00248290
0.00232790
0.00186610
0.00175060
0.00185510
0.00314230
0.00182660
0.00179760
0.00198260
0.00256570
0.00229850
0.00177190
0.00207920
0.00308390
0.00199230
0.00184090
0.00184490
0.00231850
0.00185440
0.00173830
0.00191930
0.00224540
0.00178370
0.00177070
0.00179830
0.00231860
0.00178720
0.00167480
0.00198500
0.00275680
0.00216810
0.00259440
0.00264850
0.00252830
0.00198000
0.00179190
0.00340170
0.00236140
0.00195800
0.00174280
0.00212130
0.00225250
0.00183880
0.00174140
0.00185970
0.00240100
0.00192570
0.00171740
0.00225150
0.00259920
0.00208230
0.00332870
0.00000000
0.00000000
0.00000000
0.00000000
0.00050910
0.00510410
0.00420390
0.00420550
0.00348340
0.00333580
0.00668810
0.00470210
0.00407190
0.00395500
0.00477330
0.00443300
0.00490820
0.00582520
0.00543040
0.00560370
0.00587150
0.00666370
0.00791660
0.00537430
0.00635980
0.00681820
0.00644720
0.00674130
0.00750490
0.00708040
0.00633990
0.00620610
0.00609940
0.00652290
0.00617070
0.00575180
