0.00106530
0.00105040
0.00097050
0.00073580
0.00097560
0.00077320
0.00065040
0.00064720
0.00086170
0.00092390
0.00067270
0.00063680
0.00064060
0.00070280
0.00127340
0.00083030
0.00063760
0.00063140
0.00062960
0.00060150
0.00068420
0.00064290
0.00071640
0.00065490
0.00072710
0.00063720
0.00064060
0.00062880
0.00116020
0.00135400
0.00075980
0.00063730
0.00072000
0.00064690
0.00102400
0.00064150
0.00064070
0.00062830
0.00069560
0.00067070
0.00063560
0.00063370
0.00078390
0.00063540
0.00096560
0.00068930
0.00064020
0.00063650
0.00063790
0.00059400
0.00059180
0.00061020
0.00099580
0.00064110
0.00066660
0.00062600
0.00063200
0.00062400
0.00083930
0.00061900
0.00059850
0.00059200
0.00065670
0.00060040
0.00070110
0.00059280
0.00072680
0.00067540
0.00063440
0.00066370
0.00066460
0.00070270
0.00092730
0.00063530
0.00062790
0.00063530
0.00059280
0.00062400
0.00070240
0.00087560
0.00064150
0.00059220
0.00059050
0.00062310
0.00062420
0.00060700
0.00062960
0.00059500
0.00059190
0.00072830
0.00062630
0.00065900
0.00063640
0.00063100
0.00061360
0.00059820
0.00059630
0.00059450
0.00061420
0.00063170
0.00063120
0.00059830
0.00063300
0.00066360
0.00059530
0.00098900
0.00059770
0.00063170
0.00059850
0.00059400
0.00062860
0.00061380
0.00059430
0.00059060
0.00059600
0.00082670
0.00059840
0.00058910
0.00069630
0.00060410
0.00059480
0.00059350
0.00059270
0.00059580
0.00059280
0.00059920
0.00059460
0.00058990
0.00059130
0.00059250
0.00064900
0.00059290
0.00083010
0.00063240
0.00063360
0.00062580
0.00059160
0.00065850
0.00060870
0.00064590
0.00063360
0.00073200
0.00059440
0.00063010
0.00086330
0.00000000
0.00000000
0.00000000
0.00000000
0.00213850
0.00269760
0.00272560
0.00297060
0.00259150
0.00257220
0.00256160
0.00278070
0.00257030
0.00263710
0.00260380
0.00270580
0.00328510
0.00264070
0.00302820
0.00293830
0.00253900
0.00273960
0.00266040
0.00280880
0.00278230
0.00300660
0.00290540
0.00266450
0.00274190
0.00292170
0.00287740
0.00272810
0.00278150
0.00254320
0.00269700
0.00267880
0.00280770
0.00272930
0.00266790
0.00270430
0.00283380
0.00280330
0.00259700
0.00263100
0.00263160
0.00263660
0.00259660
0.00278630
0.00277780
0.00270840
0.00272670
0.00290540
0.00274620
0.00260400
0.00263940
0.00289950
0.00264130
0.00265660
0.00276870
0.00265060
0.00252490
0.00263010
0.00285510
0.00270490
0.00263280
0.00260180
0.00255750
0.00258910
0.00264190
0.00279000
0.00269600
0.00261430
0.00264610
0.00298410
0.00284670
0.00275020
0.00268740
0.00267530
0.00294730
0.00311140
0.00291870
0.00263980
0.00337990
0.00280200
0.00293980
0.00282340
0.00270280
0.00326920
0.00268590
0.00270850
0.00311330
0.00277270
0.00350260
0.00261490
0.00325850
0.00266820
0.00263680
0.00281490
0.00272470
0.00266070
0.00252920
0.00276490
0.00263530
0.00281530
0.00285090
0.00296620
0.00296530
0.00283300
0.00308510
0.00297780
0.00293730
0.00305470
0.00296690
0.00305120
0.00330620
0.02232040
0.00560540
0.00844980
0.00340950
0.00487110
0.00273250
0.00254750
0.00251470
0.00255360
0.00273160
0.00263230
