0.00106530 0
0.00105040 1
0.00097050 1
0.00073580 1
0.00097560 1
0.00077320 1
0.00065040 1
0.00064720 1
0.00086170 1
0.00092390 1
0.00067270 1
0.00063680 1
0.00064060 1
0.00070280 1
0.00127340 1
0.00083030 1
0.00063760 1
0.00063140 1
0.00062960 1
0.00060150 1
0.00068420 1
0.00064290 1
0.00071640 1
0.00065490 1
0.00072710 1
0.00063720 1
0.00064060 1
0.00062880 1
0.00116020 1
0.00135400 1
0.00075980 1
0.00063730 1
0.00072000 1
0.00064690 1
0.00102400 1
0.00064150 1
0.00064070 1
0.00062830 1
0.00069560 1
0.00067070 1
0.00063560 1
0.00063370 1
0.00078390 1
0.00063540 1
0.00096560 1
0.00068930 1
0.00064020 1
0.00063650 1
0.00063790 1
0.00059400 1
0.00059180 1
0.00061020 1
0.00099580 1
0.00064110 1
0.00066660 1
0.00062600 1
0.00063200 1
0.00062400 1
0.00083930 1
0.00061900 1
0.00059850 1
0.00059200 1
0.00065670 1
0.00060040 1
0.00070110 1
0.00059280 1
0.00072680 1
0.00067540 1
0.00063440 1
0.00066370 1
0.00066460 1
0.00070270 1
0.00092730 1
0.00063530 1
0.00062790 1
0.00063530 1
0.00059280 1
0.00062400 1
0.00070240 1
0.00087560 1
0.00064150 1
0.00059220 1
0.00059050 1
0.00062310 1
0.00062420 1
0.00060700 1
0.00062960 1
0.00059500 1
0.00059190 1
0.00072830 1
0.00062630 1
0.00065900 1
0.00063640 1
0.00063100 1
0.00061360 1
0.00059820 1
0.00059630 1
0.00059450 1
0.00061420 1
0.00063170 1
0.00063120 1
0.00059830 1
0.00063300 1
0.00066360 1
0.00059530 1
0.00098900 1
0.00059770 1
0.00063170 1
0.00059850 1
0.00059400 1
0.00062860 1
0.00061380 1
0.00059430 1
0.00059060 1
0.00059600 1
0.00082670 1
0.00059840 1
0.00058910 1
0.00069630 1
0.00060410 1
0.00059480 1
0.00059350 1
0.00059270 1
0.00059580 1
0.00059280 1
0.00059920 1
0.00059460 1
0.00058990 1
0.00059130 1
0.00059250 1
0.00064900 1
0.00059290 1
0.00083010 1
0.00063240 1
0.00063360 1
0.00062580 1
0.00059160 1
0.00065850 1
0.00060870 1
0.00064590 1
0.00063360 1
0.00073200 1
0.00059440 1
0.00063010 1
0.00086330 1
-
-
-
-
0.00213850 0
0.00269760 1
0.00272560 1
0.00297060 1
0.00259150 1
0.00257220 1
0.00256160 1
0.00278070 1
0.00257030 1
0.00263710 1
0.00260380 1
0.00270580 1
0.00328510 1
0.00264070 1
0.00302820 1
0.00293830 1
0.00253900 1
0.00273960 1
0.00266040 1
0.00280880 1
0.00278230 1
0.00300660 1
0.00290540 1
0.00266450 1
0.00274190 1
0.00292170 1
0.00287740 1
0.00272810 1
0.00278150 1
0.00254320 1
0.00269700 1
0.00267880 1
0.00280770 1
0.00272930 1
0.00266790 1
0.00270430 1
0.00283380 1
0.00280330 1
0.00259700 1
0.00263100 1
0.00263160 1
0.00263660 1
0.00259660 1
0.00278630 1
0.00277780 1
0.00270840 1
0.00272670 1
0.00290540 1
0.00274620 1
0.00260400 1
0.00263940 1
0.00289950 1
0.00264130 1
0.00265660 1
0.00276870 1
0.00265060 1
0.00252490 1
0.00263010 1
0.00285510 1
0.00270490 1
0.00263280 1
0.00260180 1
0.00255750 1
0.00258910 1
0.00264190 1
0.00279000 1
0.00269600 1
0.00261430 1
0.00264610 1
0.00298410 1
0.00284670 1
0.00275020 1
0.00268740 1
0.00267530 1
0.00294730 1
0.00311140 1
0.00291870 1
0.00263980 1
0.00337990 1
0.00280200 1
0.00293980 1
0.00282340 1
0.00270280 1
0.00326920 1
0.00268590 1
0.00270850 1
0.00311330 1
0.00277270 1
0.00350260 1
0.00261490 1
0.00325850 1
0.00266820 1
0.00263680 1
0.00281490 1
0.00272470 1
0.00266070 1
0.00252920 1
0.00276490 1
0.00263530 1
0.00281530 1
0.00285090 1
0.00296620 1
0.00296530 1
0.00283300 1
0.00308510 1
0.00297780 1
0.00293730 1
0.00305470 1
0.00296690 1
0.00305120 1
0.00330620 1
0.02232040 1
0.00560540 1
0.00844980 1
0.00340950 1
0.00487110 1
0.00273250 1
0.00254750 1
0.00251470 1
0.00255360 1
0.00273160 1
0.00263230 1
