0.00003380
0.00840910
0.00547290
0.00628280
0.00829310
0.00843680
0.00602500
0.00612330
0.00543440
0.00538460
0.00596090
0.00583520
0.00592610
0.00574170
0.00584350
0.00448480
0.00576240
0.00490040
0.00475160
0.00470450
0.00000000
0.00000000
0.00000000
0.00000000
0.00010780
0.00419320
0.00410800
0.00371090
0.00414510
0.00372710
0.00369350
0.00380320
0.00357910
0.00312000
0.00276010
0.00296190
0.00325220
0.00326360
0.00298380
0.00329650
0.00319230
0.00396410
0.00455470
0.00482890
0.00414230
0.00434380
0.00482760
0.00461340
0.00463520
0.00508900
0.00462150
0.00474620
0.00497210
0.00491700
0.00450440
0.00446240
0.00420730
0.00481040
0.00443920
0.00442770
0.00450350
0.00443250
0.00443640
0.00612940
0.00444770
0.00460060
0.00467110
0.00455710
0.00464230
0.00441080
0.00978140
0.00000000
0.00000000
0.00000000
0.00000000
0.00011840
0.00389570
0.00361810
0.00462160
0.00485290
0.00478450
0.00427030
0.00479660
0.00451630
0.00439240
0.00502520
0.00000000
0.00000000
0.00000000
0.00000000
0.00013690
0.00462390
0.00510420
0.00500810
0.00448620
0.00520050
0.00531190
0.00551620
0.00532920
0.00541290
0.00553790
0.00521100
0.00520770
0.00563350
0.00532730
0.00530710
0.00516810
0.00582630
0.00495210
0.00648050
0.00522520
0.00513740
0.00518360
0.00517700
0.00561500
0.00503630
0.00510410
0.00522220
0.00542080
0.00549300
0.00559610
0.00557700
0.00560070
0.00702110
0.00603850
0.00579500
0.00612240
0.00584490
0.00678710
0.00561150
0.00494410
0.00437710
0.00457950
0.00437740
0.00000000
0.00000000
0.00000000
0.00000000
0.00014060
0.00218290
0.00205180
0.00238050
0.00211070
0.00229210
0.00199020
0.00200000
0.00190000
0.00219650
0.00186980
0.00198470
0.00197300
0.00197800
0.00191670
0.00222560
0.00191750
0.00211190
0.00233220
0.00207540
0.00199170
0.00206810
0.00191510
0.00215150
0.00193310
0.00198680
