1
94.00,58.00,150.74,146.68
93.00,59.00,150.74,146.68
93.00,60.00,150.74,146.68
94.00,59.00,150.74,146.68
95.00,59.00,150.74,146.68
98.00,59.00,150.74,146.68
103.00,58.00,150.74,146.68
107.00,57.00,150.74,146.68
111.00,58.00,150.74,146.68
117.00,57.00,150.74,146.68
122.00,57.00,150.74,146.68
120.00,59.00,150.74,146.68
53.00,62.00,150.74,146.68
8.00,58.00,150.74,146.68
63.00,68.00,150.74,146.68
20.00,61.00,150.74,146.68
30.00,63.00,150.74,146.68
36.00,64.00,150.74,146.68
2
0
0
0
0
1
185.00,62.00,130.82,131.22
182.00,56.00,130.82,131.22
178.00,50.00,130.82,131.22
175.00,43.00,130.82,131.22
156.00,32.00,130.82,131.22
168.00,22.00,130.82,131.22
167.00,13.00,130.82,131.22
164.00,3.00,130.82,131.22
158.00,0.00,130.82,131.22
139.00,0.00,130.82,131.22
83.00,19.00,130.82,131.22
82.00,7.00,130.82,131.22
81.00,0.00,130.82,131.22
140.00,0.00,130.82,131.22
199.00,0.00,130.82,131.22
229.00,42.00,130.82,131.22
259.00,78.00,130.82,131.22
256.00,68.00,130.82,131.22
253.00,58.00,130.82,131.22
249.00,53.00,130.82,131.22
237.00,64.00,130.82,131.22
243.00,62.00,130.82,131.22
243.00,65.00,130.82,131.22
250.00,78.00,130.82,131.22
253.00,84.00,130.82,131.22
255.00,89.00,130.82,131.22
258.00,98.00,130.82,131.22
261.00,105.00,130.82,131.22
263.00,111.00,130.82,131.22
266.00,115.00,130.82,131.22
273.00,120.00,130.82,131.22
279.00,124.00,130.82,131.22
284.00,128.00,130.82,131.22
290.00,132.00,130.82,131.22
297.00,129.00,130.82,131.22
302.00,126.00,130.82,131.22
307.00,123.00,130.82,131.22
310.00,124.00,130.82,131.22
244.00,126.00,130.82,131.22
231.00,127.00,130.82,131.22
176.00,138.00,130.82,131.22
180.00,134.00,130.82,131.22
185.00,133.00,130.82,131.22
192.00,136.00,130.82,131.22
188.00,138.00,130.82,131.22
2
0
0
0
0
1
352.00,29.00,134.49,134.67
338.00,55.00,134.49,134.67
372.00,69.00,134.49,134.67
332.00,75.00,134.49,134.67
328.00,85.00,134.49,134.67
354.00,95.00,134.49,134.67
332.00,102.00,134.49,134.67
301.00,118.00,134.49,134.67
289.00,129.00,134.49,134.67
2
0
0
0
0
1
286.00,15.00,152.96,150.71
271.00,20.00,152.96,150.71
254.00,24.00,152.96,150.71
241.00,30.00,152.96,150.71
231.00,35.00,152.96,150.71
223.00,38.00,152.96,150.71
213.00,36.00,152.96,150.71
196.00,58.00,152.96,150.71
190.00,58.00,152.96,150.71
189.00,55.00,152.96,150.71
178.00,57.00,152.96,150.71
172.00,62.00,152.96,150.71
168.00,61.00,152.96,150.71
165.00,51.00,152.96,150.71
165.00,54.00,152.96,150.71
175.00,49.00,152.96,150.71
164.00,42.00,152.96,150.71
157.00,38.00,152.96,150.71
151.00,40.00,152.96,150.71
153.00,44.00,152.96,150.71
150.00,42.00,152.96,150.71
142.00,45.00,152.96,150.71
202.00,122.00,152.96,150.71
160.00,160.00,152.96,150.71
182.00,165.00,152.96,150.71
177.00,158.00,152.96,150.71
167.00,150.00,152.96,150.71
163.00,140.00,152.96,150.71
159.00,131.00,152.96,150.71
135.00,114.00,152.96,150.71
160.00,112.00,152.96,150.71
142.00,96.00,152.96,150.71
137.00,87.00,152.96,150.71
139.00,75.00,152.96,150.71
156.00,67.00,152.96,150.71
161.00,56.00,152.96,150.71
169.00,45.00,152.96,150.71
177.00,33.00,152.96,150.71
185.00,21.00,152.96,150.71
184.00,7.00,152.96,150.71
202.00,0.00,152.96,150.71
215.00,0.00,152.96,150.71
2
0
0
0
0
1
192.00,99.00,88.32,87.98
193.00,106.00,88.32,87.98
195.00,113.00,88.32,87.98
197.00,120.00,88.32,87.98
199.00,126.00,88.32,87.98
199.00,130.00,88.32,87.98
197.00,132.00,88.32,87.98
196.00,135.00,88.32,87.98
195.00,139.00,88.32,87.98
195.00,144.00,88.32,87.98
197.00,151.00,88.32,87.98
199.00,156.00,88.32,87.98
201.00,161.00,88.32,87.98
201.00,163.00,88.32,87.98
201.00,166.00,88.32,87.98
200.00,168.00,88.32,87.98
201.00,170.00,88.32,87.98
205.00,174.00,88.32,87.98
209.00,177.00,88.32,87.98
213.00,179.00,88.32,87.98
215.00,179.00,88.32,87.98
214.00,177.00,88.32,87.98
214.00,176.00,88.32,87.98
215.00,176.00,88.32,87.98
219.00,175.00,88.32,87.98
