0.00273840
0.00159910
0.00173620
0.00112960
0.00111310
0.00000000
0.00000000
0.00000000
0.00000000
0.00109630
0.00155310
0.00145120
0.00149330
0.00210360
0.00157530
0.00168860
0.00155870
0.00144070
0.00220790
0.00210300
0.00155030
0.00158770
0.00144490
0.00216360
0.00156970
0.00150780
0.00151980
0.00148950
0.00152310
0.00143170
0.00000000
0.00000000
0.00000000
0.00000000
0.00161800
0.00229770
0.00229390
0.00235590
0.00331320
0.00270050
0.00309620
0.00348210
0.00214340
0.00216510
0.00205340
0.00299980
0.00213370
0.00208140
0.00210340
0.00206410
0.00271580
0.00246260
0.00204180
0.00248090
0.00253120
0.00279520
0.00216850
0.00206030
0.00308980
0.00206460
0.00272430
0.00265670
0.00205560
0.00208900
0.00202710
0.00211470
0.00202790
0.00221410
0.00209980
0.00218590
0.00199070
0.00228460
0.00203660
0.00323990
0.00204210
0.00224330
0.00203720
0.00217630
0.00203400
0.00219630
0.00209240
0.00275150
0.00272400
0.00280860
0.00223140
0.00201390
0.00212380
0.00210540
0.00290770
0.00274120
0.00221620
0.00220030
0.00212720
0.00277840
0.00234260
0.00210610
0.00223140
0.00210780
0.00310550
0.00243820
0.00252130
0.00217220
0.00243580
0.00282390
0.00753870
0.00216000
0.00000000
0.00000000
0.00000000
0.00000000
0.00088730
0.00546610
0.00115900
0.00106040
0.00136730
0.00104390
0.00105130
0.00189010
0.00089090
0.00086600
0.00154740
0.00129830
0.00084570
0.00082160
0.00086340
0.00087710
0.00084040
0.00080750
0.00161700
0.00127710
0.00082230
0.00144170
0.00085310
0.00078540
0.00076650
0.00089200
0.00080240
0.00124570
0.00079940
0.00081570
0.00078530
0.00156150
0.00133310
0.00138600
0.00115590
0.00085950
0.00082360
0.00084590
0.00084730
0.00073420
0.00086270
0.00147810
0.00097100
0.00000000
0.00000000
0.00000000
0.00000000
0.00096600
0.00136540
0.00120680
0.00113540
0.00119520
0.00179810
0.00171910
0.00118630
0.00123680
0.00111540
0.00111590
0.00112670
0.00000000
0.00000000
0.00000000
0.00000000
0.00083260
0.00111840
0.00111560
0.00110000
0.00114840
0.00110340
0.00111480
0.00171190
0.00153510
0.00110980
0.00121040
0.00179630
0.00154210
0.00121770
0.00111150
0.00163330
0.00151550
0.00114710
0.00108230
0.00162050
0.00149200
0.00110740
0.00114630
0.00164030
0.00153290
0.00110610
0.00112600
0.00114220
0.00112540
0.00115510
0.00111350
0.00198880
0.00188360
0.00126300
0.00160640
0.00109800
0.00109420
0.00111620
0.00110240
0.00115830
0.00110450
0.00111180
0.00111900
0.00110230
0.00109660
0.00110330
0.00120820
0.00111430
0.00110240
0.00110920
0.00185270
0.00130990
0.00135810
0.00110230
0.00170040
0.00117740
0.00114770
0.00125440
0.00179470
0.00124550
0.00113640
0.00112520
0.00178180
0.00116660
0.00126760
0.00134680
0.00172420
0.00000000
0.00000000
0.00000000
0.00000000
0.00098580
0.00105810
0.00105880
0.00102870
0.00113030
0.00099010
0.00110170
0.00102190
0.00098110
0.00102500
0.00105210
0.00101780
0.00102520
0.00107530
0.00100310
0.00102850
0.00190100
0.00148630
0.00101310
0.00102730
0.00101870
0.00112710
0.00102230
0.00100420
0.00137590
0.00146120
0.00158160
0.00141120
0.00099380
0.00100270
0.00101170
0.00153260
0.00117550
0.00100410
0.00100470
0.00101060
0.00215270
0.00141690
0.00106220
0.00105190
0.00111720
0.00163140
0.00112950
0.00102960
0.00100870
0.00104210
0.00156720
0.00172960
0.00110370
0.00096420
0.00095500
0.00106020
0.00101050
0.00101640
0.00109100
0.00102300
0.00102630
0.00101470
0.00099500
0.00217110
0.00114570
0.00105940
0.00102740
0.00100310
0.00105640
0.00101240
0.00099960
0.00140210
0.00117500
0.00162490
0.00111690
0.00107440
0.00099590
0.00102290
0.00155870
0.00145550
0.00100280
0.00108050
0.00099740
0.00190140
0.00112020
0.00103800
0.00099690
0.00100140
0.00164670
0.00149530
0.00097710
0.00103340
0.00099870
0.00153560
0.00111370
0.00101980
0.00120710
0.00101610
0.00101470
0.00101700
0.00098090
0.00108700
0.00000000
0.00000000
0.00000000
0.00000000
0.00062860
0.00080550
0.00080670
0.00081100
