0.00273840 0
0.00159910 1
0.00173620 1
0.00112960 1
0.00111310 1
-
-
-
-
0.00109630 0
0.00155310 1
0.00145120 1
0.00149330 1
0.00210360 1
0.00157530 1
0.00168860 1
0.00155870 1
0.00144070 1
0.00220790 1
0.00210300 1
0.00155030 1
0.00158770 1
0.00144490 1
0.00216360 1
0.00156970 1
0.00150780 1
0.00151980 1
0.00148950 1
0.00152310 1
0.00143170 1
-
-
-
-
0.00161800 0
0.00229770 1
0.00229390 1
0.00235590 1
0.00331320 1
0.00270050 1
0.00309620 1
0.00348210 1
0.00214340 1
0.00216510 1
0.00205340 1
0.00299980 1
0.00213370 1
0.00208140 1
0.00210340 1
0.00206410 1
0.00271580 1
0.00246260 1
0.00204180 1
0.00248090 1
0.00253120 1
0.00279520 1
0.00216850 1
0.00206030 1
0.00308980 1
0.00206460 1
0.00272430 1
0.00265670 1
0.00205560 1
0.00208900 1
0.00202710 1
0.00211470 1
0.00202790 1
0.00221410 1
0.00209980 1
0.00218590 1
0.00199070 1
0.00228460 1
0.00203660 1
0.00323990 1
0.00204210 1
0.00224330 1
0.00203720 1
0.00217630 1
0.00203400 1
0.00219630 1
0.00209240 1
0.00275150 1
0.00272400 1
0.00280860 1
0.00223140 1
0.00201390 1
0.00212380 1
0.00210540 1
0.00290770 1
0.00274120 1
0.00221620 1
0.00220030 1
0.00212720 1
0.00277840 1
0.00234260 1
0.00210610 1
0.00223140 1
0.00210780 1
0.00310550 1
0.00243820 1
0.00252130 1
0.00217220 1
0.00243580 1
0.00282390 1
0.00753870 1
0.00216000 1
-
-
-
-
0.00088730 0
0.00546610 1
0.00115900 1
0.00106040 1
0.00136730 1
0.00104390 1
0.00105130 1
0.00189010 1
0.00089090 1
0.00086600 1
0.00154740 1
0.00129830 1
0.00084570 1
0.00082160 1
0.00086340 1
0.00087710 1
0.00084040 1
0.00080750 1
0.00161700 1
0.00127710 1
0.00082230 1
0.00144170 1
0.00085310 1
0.00078540 1
0.00076650 1
0.00089200 1
0.00080240 1
0.00124570 1
0.00079940 1
0.00081570 1
0.00078530 1
0.00156150 1
0.00133310 1
0.00138600 1
0.00115590 1
0.00085950 1
0.00082360 1
0.00084590 1
0.00084730 1
0.00073420 1
0.00086270 1
0.00147810 1
0.00097100 1
-
-
-
-
0.00096600 0
0.00136540 1
0.00120680 1
0.00113540 1
0.00119520 1
0.00179810 1
0.00171910 1
0.00118630 1
0.00123680 1
0.00111540 1
0.00111590 1
0.00112670 1
-
-
-
-
0.00083260 0
0.00111840 1
0.00111560 1
0.00110000 1
0.00114840 1
0.00110340 1
0.00111480 1
0.00171190 1
0.00153510 1
0.00110980 1
0.00121040 1
0.00179630 1
0.00154210 1
0.00121770 1
0.00111150 1
0.00163330 1
0.00151550 1
0.00114710 1
0.00108230 1
0.00162050 1
0.00149200 1
0.00110740 1
0.00114630 1
0.00164030 1
0.00153290 1
0.00110610 1
0.00112600 1
0.00114220 1
0.00112540 1
0.00115510 1
0.00111350 1
0.00198880 1
0.00188360 1
0.00126300 1
0.00160640 1
0.00109800 1
0.00109420 1
0.00111620 1
0.00110240 1
0.00115830 1
0.00110450 1
0.00111180 1
0.00111900 1
0.00110230 1
0.00109660 1
0.00110330 1
0.00120820 1
0.00111430 1
0.00110240 1
0.00110920 1
0.00185270 1
0.00130990 1
0.00135810 1
0.00110230 1
0.00170040 1
0.00117740 1
0.00114770 1
0.00125440 1
0.00179470 1
0.00124550 1
0.00113640 1
0.00112520 1
0.00178180 1
0.00116660 1
0.00126760 1
0.00134680 1
0.00172420 1
-
-
-
-
0.00098580 0
0.00105810 1
0.00105880 1
0.00102870 1
0.00113030 1
0.00099010 1
0.00110170 1
0.00102190 1
0.00098110 1
0.00102500 1
0.00105210 1
0.00101780 1
0.00102520 1
0.00107530 1
0.00100310 1
0.00102850 1
0.00190100 1
0.00148630 1
0.00101310 1
0.00102730 1
0.00101870 1
0.00112710 1
0.00102230 1
0.00100420 1
0.00137590 1
0.00146120 1
0.00158160 1
0.00141120 1
0.00099380 1
0.00100270 1
0.00101170 1
0.00153260 1
0.00117550 1
0.00100410 1
0.00100470 1
0.00101060 1
0.00215270 1
0.00141690 1
0.00106220 1
0.00105190 1
0.00111720 1
0.00163140 1
0.00112950 1
0.00102960 1
0.00100870 1
0.00104210 1
0.00156720 1
0.00172960 1
0.00110370 1
0.00096420 1
0.00095500 1
0.00106020 1
0.00101050 1
0.00101640 1
0.00109100 1
0.00102300 1
0.00102630 1
0.00101470 1
0.00099500 1
0.00217110 1
0.00114570 1
0.00105940 1
0.00102740 1
0.00100310 1
0.00105640 1
0.00101240 1
0.00099960 1
0.00140210 1
0.00117500 1
0.00162490 1
0.00111690 1
0.00107440 1
0.00099590 1
0.00102290 1
0.00155870 1
0.00145550 1
0.00100280 1
0.00108050 1
0.00099740 1
0.00190140 1
0.00112020 1
0.00103800 1
0.00099690 1
0.00100140 1
0.00164670 1
0.00149530 1
0.00097710 1
0.00103340 1
0.00099870 1
0.00153560 1
0.00111370 1
0.00101980 1
0.00120710 1
0.00101610 1
0.00101470 1
0.00101700 1
0.00098090 1
0.00108700 1
-
-
-
-
0.00062860 0
0.00080550 1
0.00080670 1
0.00081100 1
