1
324.29,160.22,48.42,68.56
301.29,153.22,48.42,68.56
277.29,169.22,48.42,68.56
2
0
0
0
0
1
321.84,161.56,47.83,69.01
322.84,161.56,47.83,69.01
317.84,160.56,47.83,69.01
316.84,160.56,47.83,69.01
313.84,161.56,47.83,69.01
312.84,162.56,47.83,69.01
315.84,161.56,47.83,69.01
311.84,143.56,47.83,69.01
310.84,142.56,47.83,69.01
306.84,142.56,47.83,69.01
307.84,142.56,47.83,69.01
319.84,133.56,47.83,69.01
319.84,121.56,47.83,69.01
314.84,118.56,47.83,69.01
308.84,116.56,47.83,69.01
301.84,114.56,47.83,69.01
294.84,112.56,47.83,69.01
288.84,110.56,47.83,69.01
275.84,105.56,47.83,69.01
2
0
0
0
0
1
323.07,154.03,46.04,70.23
323.07,157.03,46.04,70.23
323.07,158.03,46.04,70.23
323.07,157.03,46.04,70.23
323.07,162.03,46.04,70.23
323.07,161.03,46.04,70.23
323.07,165.03,46.04,70.23
322.07,169.03,46.04,70.23
323.07,197.03,46.04,70.23
322.07,190.03,46.04,70.23
323.07,191.03,46.04,70.23
322.07,192.03,46.04,70.23
319.07,191.03,46.04,70.23
312.07,189.03,46.04,70.23
304.07,187.03,46.04,70.23
305.07,187.03,46.04,70.23
307.07,187.03,46.04,70.23
308.07,187.03,46.04,70.23
307.07,187.03,46.04,70.23
307.07,187.03,46.04,70.23
307.07,187.03,46.04,70.23
307.07,186.03,46.04,70.23
307.07,186.03,46.04,70.23
307.07,181.03,46.04,70.23
307.07,186.03,46.04,70.23
307.07,186.03,46.04,70.23
306.07,186.03,46.04,70.23
307.07,187.03,46.04,70.23
307.07,187.03,46.04,70.23
308.07,188.03,46.04,70.23
309.07,188.03,46.04,70.23
308.07,188.03,46.04,70.23
307.07,188.03,46.04,70.23
307.07,189.03,46.04,70.23
307.07,183.03,46.04,70.23
306.07,181.03,46.04,70.23
306.07,181.03,46.04,70.23
306.07,182.03,46.04,70.23
307.07,182.03,46.04,70.23
315.07,183.03,46.04,70.23
314.07,204.03,46.04,70.23
314.07,203.03,46.04,70.23
314.07,203.03,46.04,70.23
314.07,203.03,46.04,70.23
313.07,203.03,46.04,70.23
314.07,204.03,46.04,70.23
315.07,204.03,46.04,70.23
315.07,204.03,46.04,70.23
314.07,205.03,46.04,70.23
314.07,204.03,46.04,70.23
314.07,205.03,46.04,70.23
314.07,205.03,46.04,70.23
314.07,204.03,46.04,70.23
314.07,205.03,46.04,70.23
310.07,211.03,46.04,70.23
300.07,210.03,46.04,70.23
290.07,207.03,46.04,70.23
290.07,206.03,46.04,70.23
291.07,206.03,46.04,70.23
291.07,205.03,46.04,70.23
292.07,205.03,46.04,70.23
293.07,205.03,46.04,70.23
293.07,204.03,46.04,70.23
293.07,204.03,46.04,70.23
293.07,204.03,46.04,70.23
293.07,204.03,46.04,70.23
293.07,204.03,46.04,70.23
293.07,203.03,46.04,70.23
293.07,203.03,46.04,70.23
293.07,203.03,46.04,70.23
2
0
0
0
0
1
346.37,152.33,34.17,80.87
346.37,143.33,34.17,80.87
347.37,140.33,34.17,80.87
351.37,141.33,34.17,80.87
347.37,112.33,34.17,80.87
348.37,113.33,34.17,80.87
349.37,112.33,34.17,80.87
349.37,112.33,34.17,80.87
349.37,112.33,34.17,80.87
360.37,107.33,34.17,80.87
361.37,107.33,34.17,80.87
362.37,105.33,34.17,80.87
363.37,104.33,34.17,80.87
364.37,103.33,34.17,80.87
366.37,104.33,34.17,80.87
367.37,105.33,34.17,80.87
366.37,105.33,34.17,80.87
366.37,105.33,34.17,80.87
365.37,106.33,34.17,80.87
367.37,108.33,34.17,80.87
368.37,109.33,34.17,80.87
369.37,110.33,34.17,80.87
372.37,111.33,34.17,80.87
373.37,106.33,34.17,80.87
373.37,103.33,34.17,80.87
371.37,103.33,34.17,80.87
372.37,102.33,34.17,80.87
373.37,96.33,34.17,80.87
371.37,95.33,34.17,80.87
371.37,93.33,34.17,80.87
371.37,94.33,34.17,80.87
371.37,95.33,34.17,80.87
370.37,96.33,34.17,80.87
370.37,97.33,34.17,80.87
373.37,98.33,34.17,80.87
373.37,98.33,34.17,80.87
373.37,98.33,34.17,80.87
374.37,98.33,34.17,80.87
372.37,96.33,34.17,80.87
371.37,94.33,34.17,80.87
371.37,93.33,34.17,80.87
2
0
0
0
0
1
406.41,163.06,33.91,88.06
405.41,152.06,33.91,88.06
405.41,162.06,33.91,88.06
405.41,162.06,33.91,88.06
405.41,162.06,33.91,88.06
405.41,163.06,33.91,88.06
406.41,171.06,33.91,88.06
404.41,170.06,33.91,88.06
403.41,190.06,33.91,88.06
402.41,189.06,33.91,88.06
2
0
0
0
0
1
452.30,157.63,33.16,88.05
453.30,158.63,33.16,88.05
454.30,155.63,33.16,88.05
453.30,158.63,33.16,88.05
453.30,157.63,33.16,88.05
458.30,150.63,33.16,88.05
459.30,149.63,33.16,88.05
460.30,150.63,33.16,88.05
462.30,149.63,33.16,88.05
463.30,150.63,33.16,88.05
463.30,152.63,33.16,88.05
464.30,154.63,33.16,88.05
464.30,156.63,33.16,88.05
463.30,157.63,33.16,88.05
466.30,158.63,33.16,88.05
465.30,157.63,33.16,88.05
462.30,158.63,33.16,88.05
459.30,160.63,33.16,88.05
458.30,160.63,33.16,88.05
457.30,159.63,33.16,88.05
455.30,158.63,33.16,88.05
451.30,159.63,33.16,88.05
450.30,159.63,33.16,88.05
449.30,160.63,33.16,88.05
448.30,159.63,33.16,88.05
449.30,157.63,33.16,88.05
448.30,156.63,33.16,88.05
448.30,156.63,33.16,88.05
449.30,155.63,33.16,88.05
449.30,154.63,33.16,88.05
451.30,153.63,33.16,88.05
451.30,151.63,33.16,88.05
450.30,150.63,33.16,88.05
448.30,149.63,33.16,88.05
448.30,148.63,33.16,88.05
445.30,149.63,33.16,88.05
445.30,148.63,33.16,88.05
445.30,147.63,33.16,88.05
444.30,147.63,33.16,88.05
443.30,147.63,33.16,88.05
442.30,148.63,33.16,88.05
442.30,146.63,33.16,88.05
442.30,144.63,33.16,88.05
442.30,143.63,33.16,88.05
442.30,143.63,33.16,88.05
443.30,144.63,33.16,88.05
444.30,143.63,33.16,88.05
445.30,142.63,33.16,88.05
445.30,141.63,33.16,88.05
445.30,141.63,33.16,88.05
446.30,142.63,33.16,88.05
446.30,143.63,33.16,88.05
446.30,141.63,33.16,88.05
446.30,138.63,33.16,88.05
447.30,136.63,33.16,88.05
447.30,137.63,33.16,88.05
448.30,136.63,33.16,88.05
449.30,136.63,33.16,88.05
450.30,136.63,33.16,88.05
452.30,132.63,33.16,88.05
450.30,127.63,33.16,88.05
453.30,126.63,33.16,88.05
457.30,125.63,33.16,88.05
457.30,145.63,33.16,88.05
458.30,143.63,33.16,88.05
2
0
0
0
0
1
527.53,125.11,31.48,75.60
532.53,123.11,31.48,75.60
535.53,120.11,31.48,75.60
535.53,119.11,31.48,75.60
534.53,119.11,31.48,75.60
533.53,119.11,31.48,75.60
533.53,117.11,31.48,75.60
533.53,115.11,31.48,75.60
531.53,114.11,31.48,75.60
530.53,114.11,31.48,75.60
526.53,116.11,31.48,75.60
524.53,117.11,31.48,75.60
522.53,117.11,31.48,75.60
521.53,116.11,31.48,75.60
519.53,115.11,31.48,75.60
517.53,115.11,31.48,75.60
514.53,116.11,31.48,75.60
512.53,115.11,31.48,75.60
510.53,113.11,31.48,75.60
509.53,112.11,31.48,75.60
507.53,111.11,31.48,75.60
503.53,107.11,31.48,75.60
500.53,109.11,31.48,75.60
499.53,109.11,31.48,75.60
499.53,107.11,31.48,75.60
497.53,102.11,31.48,75.60
494.53,99.11,31.48,75.60
492.53,98.11,31.48,75.60
489.53,97.11,31.48,75.60
487.53,96.11,31.48,75.60
486.53,93.11,31.48,75.60
485.53,91.11,31.48,75.60
486.53,89.11,31.48,75.60
486.53,87.11,31.48,75.60
486.53,86.11,31.48,75.60
486.53,88.11,31.48,75.60
487.53,87.11,31.48,75.60
488.53,85.11,31.48,75.60
488.53,83.11,31.48,75.60
488.53,82.11,31.48,75.60
489.53,83.11,31.48,75.60
490.53,84.11,31.48,75.60
490.53,83.11,31.48,75.60
490.53,81.11,31.48,75.60
491.53,79.11,31.48,75.60
492.53,77.11,31.48,75.60
492.53,77.11,31.48,75.60
492.53,78.11,31.48,75.60
493.53,80.11,31.48,75.60
492.53,80.11,31.48,75.60
491.53,80.11,31.48,75.60
490.53,80.11,31.48,75.60
488.53,81.11,31.48,75.60
485.53,82.11,31.48,75.60
482.53,83.11,31.48,75.60
478.53,82.11,31.48,75.60
473.53,81.11,31.48,75.60
469.53,81.11,31.48,75.60
465.53,82.11,31.48,75.60
461.53,83.11,31.48,75.60
459.53,85.11,31.48,75.60
456.53,86.11,31.48,75.60
453.53,87.11,31.48,75.60
447.53,86.11,31.48,75.60
444.53,87.11,31.48,75.60
443.53,87.11,31.48,75.60
441.53,90.11,31.48,75.60
441.53,90.11,31.48,75.60
440.53,89.11,31.48,75.60
439.53,89.11,31.48,75.60
437.53,88.11,31.48,75.60
434.53,89.11,31.48,75.60
434.53,89.11,31.48,75.60
434.53,90.11,31.48,75.60
434.53,91.11,31.48,75.60
434.53,91.11,31.48,75.60
434.53,90.11,31.48,75.60
434.53,90.11,31.48,75.60
433.53,91.11,31.48,75.60
433.53,92.11,31.48,75.60
432.53,89.11,31.48,75.60
431.53,88.11,31.48,75.60
430.53,87.11,31.48,75.60
429.53,87.11,31.48,75.60
426.53,89.11,31.48,75.60
425.53,90.11,31.48,75.60
426.53,97.11,31.48,75.60
424.53,99.11,31.48,75.60
424.53,100.11,31.48,75.60
425.53,107.11,31.48,75.60
424.53,108.11,31.48,75.60
424.53,109.11,31.48,75.60
424.53,111.11,31.48,75.60
424.53,116.11,31.48,75.60
424.53,118.11,31.48,75.60
424.53,122.11,31.48,75.60
2
0
0
0
0
1
374.26,91.59,34.71,62.80
374.26,91.59,34.71,62.80
374.26,91.59,34.71,62.80
