0.03626440 0
0.00963010 1
0.00820160 1
0.01750880 1
0.00868900 1
0.00479140 1
0.00518530 1
0.00522180 1
0.00459810 1
0.00519820 1
0.00476530 1
0.00516120 1
0.00629680 1
0.00459650 1
0.00503880 1
0.00557240 1
0.00469570 1
0.00523690 1
0.00615350 1
0.00457910 1
0.00563480 1
0.00827830 1
0.00486030 1
0.00508360 1
0.00575510 1
0.00487210 1
0.00470840 1
0.00581310 1
0.00445300 1
0.00472970 1
0.00557910 1
0.00443020 1
0.00493250 1
0.00588650 1
0.00464070 1
0.00434780 1
0.00451700 1
0.00471030 1
0.00448220 1
0.00471730 1
0.00475730 1
0.00434000 1
0.00471100 1
0.00449850 1
0.00441620 1
0.00543210 1
0.00502080 1
0.00627790 1
0.00539170 1
0.00520220 1
0.00609280 1
0.00538170 1
0.00588660 1
0.00618470 1
0.00516730 1
0.00524920 1
0.00787850 1
0.00529390 1
0.00589600 1
0.00611560 1
0.00563450 1
0.00571650 1
0.00679240 1
0.00517270 1
0.00513220 1
0.00581990 1
0.00498880 1
0.00601150 1
0.00578690 1
0.00504010 1
0.00498320 1
0.00624150 1
0.00494190 1
0.00498510 1
0.00468150 1
0.00496420 1
0.00469550 1
0.00460710 1
0.00500720 1
0.00484680 1
0.00457060 1
0.00689150 1
0.00518940 1
0.00462340 1
0.00524610 1
0.00617660 1
0.00471320 1
0.00544530 1
0.00628990 1
0.00453500 1
0.00540670 1
0.00606830 1
0.00490390 1
0.00596290 1
0.00627030 1
0.00562210 1
0.00555200 1
0.00660270 1
0.00515450 1
0.00633030 1
0.00853300 1
0.00631010 1
0.00565190 1
0.00655470 1
0.00558490 1
0.00557900 1
0.00625580 1
0.00535440 1
0.00539090 1
0.00522700 1
0.00553190 1
0.00544690 1
0.00622850 1
0.00499090 1
0.00569200 1
0.00566890 1
0.00579810 1
0.00683360 1
0.00721330 1
0.00590700 1
0.00793230 1
0.00593420 1
0.00555280 1
0.00699080 1
0.00828660 1
0.00609820 1
0.00728820 1
0.00628730 1
0.00639420 1
0.00594000 1
0.00461580 1
0.00461010 1
0.00582720 1
0.00439280 1
0.00464660 1
0.00653980 1
0.00456020 1
0.00481580 1
0.00579380 1
0.00457220 1
0.00604630 1
0.00589490 1
0.00571180 1
0.00488460 1
0.00511000 1
0.00481870 1
0.00523920 1
0.00501870 1
0.00432820 1
0.00449140 1
0.00459320 1
0.00448440 1
0.00442620 1
0.00491770 1
0.00437530 1
0.00420020 1
0.00454850 1
0.00446580 1
0.00433260 1
0.00462700 1
0.00440580 1
0.00428170 1
0.00445580 1
0.00495300 1
0.00485760 1
0.00500800 1
0.00437050 1
0.00433940 1
0.00500680 1
0.00447880 1
0.00499200 1
0.00564980 1
0.00444730 1
0.00446810 1
0.00585240 1
0.00433050 1
0.00457280 1
0.00564900 1
0.00429020 1
0.00454220 1
0.00595700 1
0.00429030 1
0.00477130 1
0.00532810 1
0.00431920 1
0.00480700 1
0.00533810 1
0.00467100 1
0.00454470 1
0.00546690 1
0.00451880 1
0.00443360 1
0.00571720 1
0.00440780 1
0.00504160 1
0.00566170 1
0.00438450 1
0.00465860 1
0.00555160 1
0.00429360 1
0.00684270 1
0.00585090 1
0.00463570 1
0.00537130 1
0.00589620 1
0.00496150 1
0.00459480 1
0.00495720 1
0.00437050 1
0.00435630 1
0.00467030 1
0.00448190 1
0.00459530 1
0.00476550 1
0.00441490 1
0.00438810 1
0.00460320 1
0.00495050 1
0.00460410 1
0.00522620 1
0.00455020 1
0.00428900 1
0.00480960 1
0.00433340 1
0.00427030 1
0.00518340 1
0.00552630 1
0.00440300 1
0.00480670 1
0.00546920 1
0.00441030 1
0.00503250 1
0.00571160 1
0.00430980 1
0.00485740 1
0.00551080 1
0.00440250 1
0.00516520 1
0.00541820 1
0.00446780 1
0.00514000 1
0.00557200 1
0.00457020 1
0.00492780 1
0.00601040 1
0.00430920 1
0.00525660 1
0.00569930 1
0.00449550 1
0.00503520 1
0.00574140 1
0.00445150 1
0.00483810 1
0.00566220 1
0.00517510 1
0.00516270 1
0.00601280 1
0.00435730 1
0.00502260 1
0.00432710 1
0.00421980 1
0.00447130 1
0.00428490 1
0.00433680 1
0.00450070 1
0.00415470 1
0.00421650 1
0.00429960 1
0.00426470 1
0.00420980 1
0.00423940 1
0.00420550 1
0.00448500 1
0.00440820 1
0.00453240 1
0.00577560 1
0.00447830 1
0.00472340 1
0.00560920 1
0.00489650 1
0.00700230 1
0.00568900 1
0.00457630 1
0.00528310 1
0.00539840 1
0.00442490 1
0.00491580 1
0.00585780 1
0.00447070 1
0.00455760 1
0.00545190 1
0.00446410 1
0.00446290 1
0.00556920 1
0.00426830 1
0.00442740 1
0.00560400 1
0.00429120 1
0.00513830 1
0.00544240 1
0.00428940 1
0.00480300 1
0.00557510 1
0.00434810 1
0.00489650 1
0.00552300 1
0.00450440 1
0.00464260 1
0.00543640 1
0.00437970 1
0.00424780 1
0.00425960 1
0.00422990 1
0.00413180 1
0.00429990 1
0.00411860 1
0.00424610 1
0.00429330 1
0.00426540 1
0.00446220 1
0.00423280 1
0.00436990 1
0.00435560 1
0.00489510 1
0.00475430 1
0.00431440 1
0.00455150 1
0.00551900 1
0.00455000 1
0.00461090 1
0.00528510 1
0.00437820 1
0.00544380 1
0.00512270 1
0.00430690 1
0.00439100 1
0.00511380 1
0.00454800 1
0.00489590 1
0.00621490 1
0.00448370 1
0.00454870 1
0.00813750 1
0.00771480 1
0.00682390 1
0.00696600 1
0.00567200 1
0.00621600 1
0.00744360 1
0.00592440 1
0.00497380 1
0.00595830 1
0.00463880 1
0.00508660 1
0.00600740 1
0.00460080 1
0.00615920 1
0.00577130 1
0.00452950 1
0.00503630 1
0.00592490 1
0.00454500 1
0.00484800 1
0.00501420 1
0.00648630 1
0.00819090 1
0.00641910 1
0.00592320 1
0.00557820 1
0.00519400 1
0.00590000 1
0.00647500 1
0.00544620 1
0.00552360 1
0.00796130 1
0.00686120 1
0.00585990 1
0.00542410 1
0.00526510 1
0.00704500 1
0.00678480 1
0.00781740 1
0.00808690 1
0.00726630 1
0.00935170 1
0.00917620 1
0.00771580 1
0.00585580 1
0.00792840 1
0.00986460 1
0.00689050 1
0.00963960 1
0.00721430 1
0.01077450 1
0.00711600 1
0.00532970 1
0.00550350 1
0.00668560 1
0.00641840 1
0.00660120 1
0.00688980 1
0.00700380 1
0.00618810 1
0.00597970 1
0.00494680 1
0.00528170 1
0.00603140 1
0.00581840 1
0.00525050 1
0.00640580 1
0.00526090 1
0.00517350 1
0.00631250 1
0.00476590 1
0.00512310 1
0.00518800 1
0.00531870 1
0.00646460 1
0.00499300 1
0.00507940 1
0.00546520 1
0.00581880 1
0.00482300 1
0.00510930 1
0.00452650 1
0.00443240 1
0.00490080 1
0.00448940 1
0.00442780 1
0.00445690 1
0.00436580 1
0.00440000 1
0.00438560 1
0.00450690 1
0.00566170 1
0.00445050 1
0.00475450 1
0.00582680 1
0.00483680 1
0.00468040 1
0.00543510 1
0.00458730 1
0.00454670 1
0.00565790 1
0.00446940 1
0.00455830 1
0.00570990 1
0.00453140 1
0.00609070 1
0.00769300 1
0.00458830 1
0.00511720 1
0.00642190 1
0.00459030 1
0.00768550 1
0.00616320 1
0.00584870 1
0.00475450 1
0.00612740 1
0.00445030 1
0.00479660 1
0.00535010 1
0.00439620 1
0.00487790 1
0.00529400 1
0.00424480 1
0.00421300 1
0.00409880 1
0.00423450 1
0.00431410 1
0.00410850 1
0.00426770 1
0.00417500 1
0.00423130 1
0.00433070 1
0.00414910 1
0.00426810 1
0.00415920 1
0.00425910 1
0.00423370 1
0.00430180 1
0.00413060 1
0.00526150 1
0.00578430 1
0.00439790 1
0.00532980 1
0.00567920 1
0.00434380 1
0.00464360 1
0.00562400 1
0.00436770 1
0.00469330 1
0.00544100 1
0.00429980 1
0.00660870 1
0.00533900 1
0.00463820 1
0.00461960 1
0.00609870 1
0.00443820 1
0.00535690 1
0.00538770 1
0.00511450 1
0.00511700 1
0.00548850 1
0.00451400 1
0.00494830 1
0.00567950 1
0.00440820 1
0.00442130 1
0.00841930 1
0.00463590 1
0.00469980 1
0.00561020 1
0.00562870 1
0.00469520 1
0.00584530 1
0.00549690 1
0.00584000 1
0.00478140 1
0.00475760 1
0.00425920 1
0.00413640 1
0.00517070 1
0.00417040 1
0.00413070 1
0.00442020 1
0.00418230 1
0.00496590 1
0.00481110 1
0.00424720 1
0.00519980 1
0.00591870 1
0.00435450 1
0.00456160 1
0.00549320 1
0.00420670 1
0.00659390 1
0.00581390 1
0.00440990 1
0.00487340 1
0.00572670 1
0.00452700 1
0.00480390 1
0.00641420 1
0.00459370 1
0.00469210 1
0.00568860 1
0.00434320 1
0.00477650 1
0.00573380 1
0.00429100 1
0.00632300 1
0.00738620 1
0.00532020 1
0.00641510 1
0.00582400 1
0.00450300 1
0.00440700 1
0.00538980 1
0.00518400 1
0.00453190 1
0.00646990 1
0.00445780 1
0.00459600 1
0.00598330 1
0.00466050 1
0.00518400 1
0.00689300 1
0.00503590 1
0.00489460 1
0.00476540 1
0.00509200 1
0.00496680 1
0.00488830 1
0.00466190 1
0.00505380 1
0.00498230 1
0.00469980 1
0.00438820 1
0.00441200 1
0.00452080 1
0.00450460 1
0.00630090 1
0.00590250 1
0.00494980 1
0.00487920 1
0.00600040 1
0.00466510 1
0.00839290 1
0.00584890 1
0.00574560 1
0.00684860 1
0.01128550 1
0.01104340 1
0.00739370 1
0.00912410 1
0.01005960 1
0.00900940 1
0.00813120 1
0.00930660 1
0.01034460 1
0.00858830 1
0.00700800 1
0.00545390 1
0.00869760 1
0.01036940 1
0.00599610 1
0.00938660 1
0.01068120 1
0.00610700 1
0.00797460 1
0.00631510 1
0.00513060 1
0.00650510 1
0.00497450 1
0.00506540 1
0.00603430 1
0.00470270 1
0.00588830 1
0.00688410 1
0.00891500 1
0.00468010 1
0.00566630 1
0.00488900 1
0.00554090 1
0.00662980 1
0.00493470 1
0.00495710 1
0.00555100 1
0.00599120 1
0.00698150 1
0.00770130 1
0.00455120 1
0.00495450 1
0.00484670 1
0.00572960 1
0.00464370 1
0.00480660 1
0.00549070 1
0.00451430 1
0.00456780 1
0.00532970 1
0.00455060 1
0.00466580 1
0.00555180 1
0.00433650 1
0.00485650 1
0.00552330 1
0.00445590 1
0.00466340 1
0.00537410 1
0.00455050 1
0.00462980 1
0.00565730 1
0.00439700 1
0.00455070 1
0.00643200 1
0.00473380 1
0.00563850 1
0.00592570 1
0.00472370 1
0.00488150 1
0.00633990 1
0.00486190 1
0.00511160 1
0.00625050 1
0.00474350 1
0.00520370 1
0.00611140 1
0.00490650 1
0.00505200 1
0.00487220 1
0.00458500 1
0.00639380 1
0.00696510 1
0.00822030 1
0.00727960 1
0.00676050 1
0.01131290 1
0.01076540 1
0.00655110 1
0.00924350 1
0.00994490 1
0.00520670 1
0.00973000 1
0.01235110 1
0.00686160 1
0.00868480 1
0.01075600 1
0.00610290 1
0.00871340 1
0.00761880 1
0.01013740 1
0.00815640 1
0.00476440 1
0.00515710 1
0.00506020 1
0.00531700 1
0.00517330 1
0.00614590 1
0.00514370 1
0.00541030 1
0.00562620 1
0.00606780 1
0.00529430 1
0.00616140 1
0.00441980 1
0.00476900 1
0.00429580 1
0.00512410 1
0.00547200 1
0.00422820 1
0.00517880 1
0.00446380 1
0.00468720 1
0.00430910 1
0.00450850 1
0.00604150 1
0.00442630 1
0.00432020 1
0.00446470 1
0.00561520 1
0.00432470 1
0.00448700 1
0.00589970 1
0.00495840 1
0.00506630 1
0.00619550 1
0.00553530 1
0.00478810 1
0.00437510 1
0.00428880 1
0.00461830 1
0.00470540 1
0.00460500 1
0.00541430 1
0.00456400 1
0.00451860 1
0.00482150 1
0.00464770 1
0.00460770 1
0.00562690 1
0.00579990 1
0.00453800 1
0.00445480 1
0.00428820 1
0.00447120 1
0.00466090 1
0.00517370 1
0.00589040 1
0.00492000 1
0.00456030 1
0.00608460 1
0.00956020 1
0.00686580 1
0.00697820 1
0.00993530 1
0.00805590 1
0.00653870 1
0.00862740 1
0.00690930 1
0.00699450 1
0.01027080 1
0.00639800 1
0.00849190 1
0.01017950 1
0.00587080 1
0.01011930 1
0.01057840 1
