0.03626440
0.00963010
0.00820160
0.01750880
0.00868900
0.00479140
0.00518530
0.00522180
0.00459810
0.00519820
0.00476530
0.00516120
0.00629680
0.00459650
0.00503880
0.00557240
0.00469570
0.00523690
0.00615350
0.00457910
0.00563480
0.00827830
0.00486030
0.00508360
0.00575510
0.00487210
0.00470840
0.00581310
0.00445300
0.00472970
0.00557910
0.00443020
0.00493250
0.00588650
0.00464070
0.00434780
0.00451700
0.00471030
0.00448220
0.00471730
0.00475730
0.00434000
0.00471100
0.00449850
0.00441620
0.00543210
0.00502080
0.00627790
0.00539170
0.00520220
0.00609280
0.00538170
0.00588660
0.00618470
0.00516730
0.00524920
0.00787850
0.00529390
0.00589600
0.00611560
0.00563450
0.00571650
0.00679240
0.00517270
0.00513220
0.00581990
0.00498880
0.00601150
0.00578690
0.00504010
0.00498320
0.00624150
0.00494190
0.00498510
0.00468150
0.00496420
0.00469550
0.00460710
0.00500720
0.00484680
0.00457060
0.00689150
0.00518940
0.00462340
0.00524610
0.00617660
0.00471320
0.00544530
0.00628990
0.00453500
0.00540670
0.00606830
0.00490390
0.00596290
0.00627030
0.00562210
0.00555200
0.00660270
0.00515450
0.00633030
0.00853300
0.00631010
0.00565190
0.00655470
0.00558490
0.00557900
0.00625580
0.00535440
0.00539090
0.00522700
0.00553190
0.00544690
0.00622850
0.00499090
0.00569200
0.00566890
0.00579810
0.00683360
0.00721330
0.00590700
0.00793230
0.00593420
0.00555280
0.00699080
0.00828660
0.00609820
0.00728820
0.00628730
0.00639420
0.00594000
0.00461580
0.00461010
0.00582720
0.00439280
0.00464660
0.00653980
0.00456020
0.00481580
0.00579380
0.00457220
0.00604630
0.00589490
0.00571180
0.00488460
0.00511000
0.00481870
0.00523920
0.00501870
0.00432820
0.00449140
0.00459320
0.00448440
0.00442620
0.00491770
0.00437530
0.00420020
0.00454850
0.00446580
0.00433260
0.00462700
0.00440580
0.00428170
0.00445580
0.00495300
0.00485760
0.00500800
0.00437050
0.00433940
0.00500680
0.00447880
0.00499200
0.00564980
0.00444730
0.00446810
0.00585240
0.00433050
0.00457280
0.00564900
0.00429020
0.00454220
0.00595700
0.00429030
0.00477130
0.00532810
0.00431920
0.00480700
0.00533810
0.00467100
0.00454470
0.00546690
0.00451880
0.00443360
0.00571720
0.00440780
0.00504160
0.00566170
0.00438450
0.00465860
0.00555160
0.00429360
0.00684270
0.00585090
0.00463570
0.00537130
0.00589620
0.00496150
0.00459480
0.00495720
0.00437050
0.00435630
0.00467030
0.00448190
0.00459530
0.00476550
0.00441490
0.00438810
0.00460320
0.00495050
0.00460410
0.00522620
0.00455020
0.00428900
0.00480960
0.00433340
0.00427030
0.00518340
0.00552630
0.00440300
0.00480670
0.00546920
0.00441030
0.00503250
0.00571160
0.00430980
0.00485740
0.00551080
0.00440250
0.00516520
0.00541820
0.00446780
0.00514000
0.00557200
0.00457020
0.00492780
0.00601040
0.00430920
0.00525660
0.00569930
0.00449550
0.00503520
0.00574140
0.00445150
0.00483810
0.00566220
0.00517510
0.00516270
0.00601280
0.00435730
0.00502260
0.00432710
0.00421980
0.00447130
0.00428490
0.00433680
0.00450070
0.00415470
0.00421650
0.00429960
0.00426470
0.00420980
0.00423940
0.00420550
0.00448500
0.00440820
0.00453240
0.00577560
0.00447830
0.00472340
0.00560920
0.00489650
0.00700230
0.00568900
0.00457630
0.00528310
0.00539840
0.00442490
0.00491580
0.00585780
0.00447070
0.00455760
0.00545190
0.00446410
0.00446290
0.00556920
0.00426830
0.00442740
0.00560400
0.00429120
0.00513830
0.00544240
0.00428940
0.00480300
0.00557510
0.00434810
0.00489650
0.00552300
0.00450440
0.00464260
0.00543640
0.00437970
0.00424780
0.00425960
0.00422990
0.00413180
0.00429990
0.00411860
0.00424610
0.00429330
0.00426540
0.00446220
0.00423280
0.00436990
0.00435560
0.00489510
0.00475430
0.00431440
0.00455150
0.00551900
0.00455000
0.00461090
0.00528510
0.00437820
0.00544380
0.00512270
0.00430690
0.00439100
0.00511380
0.00454800
0.00489590
0.00621490
0.00448370
0.00454870
0.00813750
0.00771480
0.00682390
0.00696600
0.00567200
0.00621600
0.00744360
0.00592440
0.00497380
0.00595830
0.00463880
0.00508660
0.00600740
0.00460080
0.00615920
0.00577130
0.00452950
0.00503630
0.00592490
0.00454500
0.00484800
0.00501420
0.00648630
0.00819090
0.00641910
0.00592320
0.00557820
0.00519400
0.00590000
0.00647500
0.00544620
0.00552360
0.00796130
0.00686120
0.00585990
0.00542410
0.00526510
0.00704500
0.00678480
0.00781740
0.00808690
0.00726630
0.00935170
0.00917620
0.00771580
0.00585580
0.00792840
0.00986460
0.00689050
0.00963960
0.00721430
0.01077450
0.00711600
0.00532970
0.00550350
0.00668560
0.00641840
0.00660120
0.00688980
0.00700380
0.00618810
0.00597970
0.00494680
0.00528170
0.00603140
0.00581840
0.00525050
0.00640580
0.00526090
0.00517350
0.00631250
0.00476590
0.00512310
0.00518800
0.00531870
0.00646460
0.00499300
0.00507940
0.00546520
0.00581880
0.00482300
0.00510930
0.00452650
0.00443240
0.00490080
0.00448940
0.00442780
0.00445690
0.00436580
0.00440000
0.00438560
0.00450690
0.00566170
0.00445050
0.00475450
0.00582680
0.00483680
0.00468040
0.00543510
0.00458730
0.00454670
0.00565790
0.00446940
0.00455830
0.00570990
0.00453140
0.00609070
0.00769300
0.00458830
0.00511720
0.00642190
0.00459030
0.00768550
0.00616320
0.00584870
0.00475450
0.00612740
0.00445030
0.00479660
0.00535010
0.00439620
0.00487790
0.00529400
0.00424480
0.00421300
0.00409880
0.00423450
0.00431410
0.00410850
0.00426770
0.00417500
0.00423130
0.00433070
0.00414910
0.00426810
0.00415920
0.00425910
0.00423370
0.00430180
0.00413060
0.00526150
0.00578430
0.00439790
0.00532980
0.00567920
0.00434380
0.00464360
0.00562400
0.00436770
0.00469330
0.00544100
0.00429980
0.00660870
0.00533900
0.00463820
0.00461960
0.00609870
0.00443820
0.00535690
0.00538770
0.00511450
0.00511700
0.00548850
0.00451400
0.00494830
0.00567950
0.00440820
0.00442130
0.00841930
0.00463590
0.00469980
0.00561020
0.00562870
0.00469520
0.00584530
0.00549690
0.00584000
0.00478140
0.00475760
0.00425920
0.00413640
0.00517070
0.00417040
0.00413070
0.00442020
0.00418230
0.00496590
0.00481110
0.00424720
0.00519980
0.00591870
0.00435450
0.00456160
0.00549320
0.00420670
0.00659390
0.00581390
0.00440990
0.00487340
0.00572670
0.00452700
0.00480390
0.00641420
0.00459370
0.00469210
0.00568860
0.00434320
0.00477650
0.00573380
0.00429100
0.00632300
0.00738620
0.00532020
0.00641510
0.00582400
0.00450300
0.00440700
0.00538980
0.00518400
0.00453190
0.00646990
0.00445780
0.00459600
0.00598330
0.00466050
0.00518400
0.00689300
0.00503590
0.00489460
0.00476540
0.00509200
0.00496680
0.00488830
0.00466190
0.00505380
0.00498230
0.00469980
0.00438820
0.00441200
0.00452080
0.00450460
0.00630090
0.00590250
0.00494980
0.00487920
0.00600040
0.00466510
0.00839290
0.00584890
0.00574560
0.00684860
0.01128550
0.01104340
0.00739370
0.00912410
0.01005960
0.00900940
0.00813120
0.00930660
0.01034460
0.00858830
0.00700800
0.00545390
0.00869760
0.01036940
0.00599610
0.00938660
0.01068120
0.00610700
0.00797460
0.00631510
0.00513060
0.00650510
0.00497450
0.00506540
0.00603430
0.00470270
0.00588830
0.00688410
0.00891500
0.00468010
0.00566630
0.00488900
0.00554090
0.00662980
0.00493470
0.00495710
0.00555100
0.00599120
0.00698150
0.00770130
0.00455120
0.00495450
0.00484670
0.00572960
0.00464370
0.00480660
0.00549070
0.00451430
0.00456780
0.00532970
0.00455060
0.00466580
0.00555180
0.00433650
0.00485650
0.00552330
0.00445590
0.00466340
0.00537410
0.00455050
0.00462980
0.00565730
0.00439700
0.00455070
0.00643200
0.00473380
0.00563850
0.00592570
0.00472370
0.00488150
0.00633990
0.00486190
0.00511160
0.00625050
0.00474350
0.00520370
0.00611140
0.00490650
0.00505200
0.00487220
0.00458500
0.00639380
0.00696510
0.00822030
0.00727960
0.00676050
0.01131290
0.01076540
0.00655110
0.00924350
0.00994490
0.00520670
0.00973000
0.01235110
0.00686160
0.00868480
0.01075600
0.00610290
0.00871340
0.00761880
0.01013740
0.00815640
0.00476440
0.00515710
0.00506020
0.00531700
0.00517330
0.00614590
0.00514370
0.00541030
0.00562620
0.00606780
0.00529430
0.00616140
0.00441980
0.00476900
0.00429580
0.00512410
0.00547200
0.00422820
0.00517880
0.00446380
0.00468720
0.00430910
0.00450850
0.00604150
0.00442630
0.00432020
0.00446470
0.00561520
0.00432470
0.00448700
0.00589970
0.00495840
0.00506630
0.00619550
0.00553530
0.00478810
0.00437510
0.00428880
0.00461830
0.00470540
0.00460500
0.00541430
0.00456400
0.00451860
0.00482150
0.00464770
0.00460770
0.00562690
0.00579990
0.00453800
0.00445480
0.00428820
0.00447120
0.00466090
0.00517370
0.00589040
0.00492000
0.00456030
0.00608460
0.00956020
0.00686580
0.00697820
0.00993530
0.00805590
0.00653870
0.00862740
0.00690930
0.00699450
0.01027080
0.00639800
0.00849190
0.01017950
0.00587080
0.01011930
0.01057840
