1
81.00,92.00,38.00,52.00
87.00,91.00,38.00,52.00
92.00,92.00,38.00,52.00
98.00,93.00,38.00,52.00
104.00,95.00,38.00,52.00
111.00,95.00,38.00,52.00
117.00,95.00,38.00,52.00
124.00,94.00,38.00,52.00
129.00,93.00,38.00,52.00
135.00,92.00,38.00,52.00
140.00,92.00,38.00,52.00
146.00,93.00,38.00,52.00
153.00,94.00,38.00,52.00
160.00,94.00,38.00,52.00
166.00,94.00,38.00,52.00
172.00,93.00,38.00,52.00
178.00,92.00,38.00,52.00
184.00,91.00,38.00,52.00
188.00,91.00,38.00,52.00
193.00,91.00,38.00,52.00
197.00,92.00,38.00,52.00
200.00,92.00,38.00,52.00
199.00,92.00,38.00,52.00
198.00,91.00,38.00,52.00
197.00,90.00,38.00,52.00
193.00,89.00,38.00,52.00
189.00,89.00,38.00,52.00
183.00,88.00,38.00,52.00
176.00,88.00,38.00,52.00
168.00,88.00,38.00,52.00
160.00,89.00,38.00,52.00
156.00,91.00,38.00,52.00
165.00,86.00,38.00,52.00
2
0
0
0
0
1
107.08,98.31,39.64,53.98
109.08,100.31,39.64,53.98
112.08,102.31,39.64,53.98
117.08,102.31,39.64,53.98
123.08,101.31,39.64,53.98
131.08,101.31,39.64,53.98
139.08,101.31,39.64,53.98
148.08,101.31,39.64,53.98
158.08,101.31,39.64,53.98
168.08,101.31,39.64,53.98
178.08,101.31,39.64,53.98
188.08,101.31,39.64,53.98
196.08,102.31,39.64,53.98
203.08,103.31,39.64,53.98
206.08,104.31,39.64,53.98
206.08,105.31,39.64,53.98
202.08,106.31,39.64,53.98
195.08,106.31,39.64,53.98
186.08,106.31,39.64,53.98
174.08,105.31,39.64,53.98
173.08,105.31,39.64,53.98
172.08,106.31,39.64,53.98
2
0
0
0
0
1
86.00,111.00,34.00,50.00
83.00,111.00,34.00,50.00
81.00,111.00,34.00,50.00
79.00,111.00,34.00,50.00
78.00,111.00,34.00,50.00
78.00,111.00,34.00,50.00
79.00,112.00,34.00,50.00
81.00,113.00,34.00,50.00
85.00,113.00,34.00,50.00
91.00,112.00,34.00,50.00
100.00,109.00,34.00,50.00
110.00,107.00,34.00,50.00
105.00,105.00,34.00,50.00
2
0
0
0
0
1
203.01,106.29,41.45,57.95
204.01,107.29,41.45,57.95
203.01,108.29,41.45,57.95
200.01,108.29,41.45,57.95
198.01,107.29,41.45,57.95
194.01,107.29,41.45,57.95
190.01,108.29,41.45,57.95
184.01,111.29,41.45,57.95
176.01,115.29,41.45,57.95
167.01,117.29,41.45,57.95
165.01,112.29,41.45,57.95
176.01,101.29,41.45,57.95
2
0
0
0
0
1
58.00,114.00,36.00,54.00
52.00,114.00,36.00,54.00
45.00,114.00,36.00,54.00
38.00,116.00,36.00,54.00
30.00,117.00,36.00,54.00
21.00,116.00,36.00,54.00
13.00,109.00,36.00,54.00
6.00,101.00,36.00,54.00
0.00,99.00,36.00,54.00
0.00,105.00,36.00,54.00
3.00,119.00,36.00,54.00
11.00,132.00,36.00,54.00
19.00,138.00,36.00,54.00
27.00,139.00,36.00,54.00
34.00,139.00,36.00,54.00
39.00,138.00,36.00,54.00
44.00,137.00,36.00,54.00
47.00,135.00,36.00,54.00
50.00,133.00,36.00,54.00
53.00,132.00,36.00,54.00
57.00,132.00,36.00,54.00
62.00,132.00,36.00,54.00
69.00,131.00,36.00,54.00
78.00,129.00,36.00,54.00
85.00,124.00,36.00,54.00
94.00,116.00,36.00,54.00
102.00,107.00,36.00,54.00
107.00,100.00,36.00,54.00
110.00,96.00,36.00,54.00
109.00,95.00,36.00,54.00
106.00,97.00,36.00,54.00
101.00,100.00,36.00,54.00
95.00,101.00,36.00,54.00
89.00,102.00,36.00,54.00
85.00,102.00,36.00,54.00
81.00,101.00,36.00,54.00
78.00,99.00,36.00,54.00
76.00,98.00,36.00,54.00
76.00,96.00,36.00,54.00
77.00,96.00,36.00,54.00
79.00,96.00,36.00,54.00
82.00,96.00,36.00,54.00
87.00,98.00,36.00,54.00
93.00,101.00,36.00,54.00
101.00,102.00,36.00,54.00
110.00,103.00,36.00,54.00
119.00,101.00,36.00,54.00
127.00,98.00,36.00,54.00
133.00,97.00,36.00,54.00
136.00,96.00,36.00,54.00
139.00,97.00,36.00,54.00
139.00,97.00,36.00,54.00
137.00,97.00,36.00,54.00
133.00,98.00,36.00,54.00
129.00,98.00,36.00,54.00
124.00,98.00,36.00,54.00
120.00,96.00,36.00,54.00
118.00,93.00,36.00,54.00
118.00,93.00,36.00,54.00
121.00,93.00,36.00,54.00
125.00,94.00,36.00,54.00
132.00,95.00,36.00,54.00
140.00,95.00,36.00,54.00
148.00,94.00,36.00,54.00
156.00,93.00,36.00,54.00
162.00,92.00,36.00,54.00
167.00,92.00,36.00,54.00
