0.00097400
0.00100100
0.00157910
0.00105210
0.00173820
0.00105640
0.00096900
0.00097700
0.00096430
0.00206530
0.00118040
0.00101420
0.00096120
0.00096180
0.00149760
0.00099450
0.00097280
0.00097270
0.00097180
0.00097780
0.00123530
0.00111600
0.00097190
0.00096760
0.00102380
0.00099980
0.00102650
0.00096550
0.00096460
0.00096580
0.00096220
0.00097250
0.00102720
0.00095060
0.00094130
0.00000000
0.00000000
0.00000000
0.00000000
0.00075110
0.00096050
0.00094230
0.00106090
0.00102770
0.00096630
0.00096100
0.00095940
0.00094500
0.00124720
0.00101630
0.00105580
0.00102530
0.00099560
0.00102330
0.00101180
0.00094440
0.00098100
0.00103070
0.00105110
0.00100200
0.00104910
0.00103090
0.00109580
0.00000000
0.00000000
0.00000000
0.00000000
0.00061140
0.00062200
0.00060570
0.00110670
0.00063030
0.00060020
0.00062420
0.00063790
0.00065710
0.00060210
0.00062720
0.00060760
0.00064400
0.00062510
0.00060790
0.00000000
0.00000000
0.00000000
0.00000000
0.00084110
0.00115690
0.00103060
0.00099640
0.00106670
0.00097250
0.00101640
0.00121760
0.00100850
0.00103410
0.00099230
0.00102210
0.00096710
0.00113310
0.00000000
0.00000000
0.00000000
0.00000000
0.00070070
0.00093260
0.00090570
0.00084280
0.00080000
0.00086980
0.00093100
0.00086060
0.00093500
0.00105900
0.00104570
0.00093840
0.00092280
0.00093150
0.00086600
0.00084530
0.00109240
0.00094300
0.00084450
0.00092430
0.00094230
0.00092890
0.01089480
0.00129400
0.00102850
0.00097600
0.00095600
0.00149930
0.00093260
0.00094850
0.00085210
0.00081650
0.00082530
0.00096410
0.00080260
0.00077800
0.00084760
0.00192020
0.00124830
0.00081300
0.00080170
0.00084230
0.00084110
0.00089030
0.00105820
0.00080520
0.00078650
0.00078390
0.00087540
0.00093110
0.00101040
0.00084510
0.00087480
0.00084570
0.00085320
0.00088830
0.00086930
0.00087340
0.00083560
0.00093620
0.00085350
0.00081110
0.00085660
0.00093750
0.00084200
0.00079660
0.00084030
0.00097170
