0.00097400 0
0.00100100 1
0.00157910 1
0.00105210 1
0.00173820 1
0.00105640 1
0.00096900 1
0.00097700 1
0.00096430 1
0.00206530 1
0.00118040 1
0.00101420 1
0.00096120 1
0.00096180 1
0.00149760 1
0.00099450 1
0.00097280 1
0.00097270 1
0.00097180 1
0.00097780 1
0.00123530 1
0.00111600 1
0.00097190 1
0.00096760 1
0.00102380 1
0.00099980 1
0.00102650 1
0.00096550 1
0.00096460 1
0.00096580 1
0.00096220 1
0.00097250 1
0.00102720 1
0.00095060 1
0.00094130 1
-
-
-
-
0.00075110 0
0.00096050 1
0.00094230 1
0.00106090 1
0.00102770 1
0.00096630 1
0.00096100 1
0.00095940 1
0.00094500 1
0.00124720 1
0.00101630 1
0.00105580 1
0.00102530 1
0.00099560 1
0.00102330 1
0.00101180 1
0.00094440 1
0.00098100 1
0.00103070 1
0.00105110 1
0.00100200 1
0.00104910 1
0.00103090 1
0.00109580 1
-
-
-
-
0.00061140 0
0.00062200 1
0.00060570 1
0.00110670 1
0.00063030 1
0.00060020 1
0.00062420 1
0.00063790 1
0.00065710 1
0.00060210 1
0.00062720 1
0.00060760 1
0.00064400 1
0.00062510 1
0.00060790 1
-
-
-
-
0.00084110 0
0.00115690 1
0.00103060 1
0.00099640 1
0.00106670 1
0.00097250 1
0.00101640 1
0.00121760 1
0.00100850 1
0.00103410 1
0.00099230 1
0.00102210 1
0.00096710 1
0.00113310 1
-
-
-
-
0.00070070 0
0.00093260 1
0.00090570 1
0.00084280 1
0.00080000 1
0.00086980 1
0.00093100 1
0.00086060 1
0.00093500 1
0.00105900 1
0.00104570 1
0.00093840 1
0.00092280 1
0.00093150 1
0.00086600 1
0.00084530 1
0.00109240 1
0.00094300 1
0.00084450 1
0.00092430 1
0.00094230 1
0.00092890 1
0.01089480 1
0.00129400 1
0.00102850 1
0.00097600 1
0.00095600 1
0.00149930 1
0.00093260 1
0.00094850 1
0.00085210 1
0.00081650 1
0.00082530 1
0.00096410 1
0.00080260 1
0.00077800 1
0.00084760 1
0.00192020 1
0.00124830 1
0.00081300 1
0.00080170 1
0.00084230 1
0.00084110 1
0.00089030 1
0.00105820 1
0.00080520 1
0.00078650 1
0.00078390 1
0.00087540 1
0.00093110 1
0.00101040 1
0.00084510 1
0.00087480 1
0.00084570 1
0.00085320 1
0.00088830 1
0.00086930 1
0.00087340 1
0.00083560 1
0.00093620 1
0.00085350 1
0.00081110 1
0.00085660 1
0.00093750 1
0.00084200 1
0.00079660 1
0.00084030 1
0.00097170 1
