0.00447300 0
0.01916320 1
0.00943250 1
0.00833970 1
0.00785610 1
0.00883100 1
0.00686260 1
0.01181240 1
0.00599420 1
0.01244620 1
0.00594910 1
0.00695520 1
0.00570560 1
0.01130630 1
0.00602890 1
0.00606060 1
0.02128880 1
0.00597660 1
0.00783020 1
0.00804190 1
0.00720660 1
0.00827710 1
0.00628570 1
0.00563360 1
0.00515320 1
0.00622090 1
0.00679690 1
0.00585790 1
0.00589240 1
0.00698010 1
0.00491380 1
0.00553120 1
0.00480480 1
0.00473500 1
0.00536290 1
0.00489160 1
0.00534970 1
0.00526250 1
0.00520210 1
0.00558070 1
0.00511210 1
0.00523790 1
0.00507690 1
0.00513360 1
0.00528260 1
0.00519970 1
0.01441820 1
0.00507640 1
0.00581640 1
0.01445790 1
0.00492210 1
0.00501970 1
0.00495770 1
0.00514080 1
0.00521930 1
0.00479160 1
0.00488160 1
0.00487850 1
0.00489770 1
0.00519820 1
0.00481300 1
0.00488680 1
0.00525100 1
0.00494650 1
0.00537770 1
0.00499550 1
0.00531680 1
0.00523510 1
0.00523180 1
0.00529370 1
0.00526220 1
0.00499750 1
0.00500460 1
0.00495980 1
0.00686730 1
0.00491830 1
0.00642630 1
0.00491370 1
0.00498810 1
0.00593060 1
0.00523250 1
0.00530540 1
0.00516940 1
0.00488710 1
0.00500090 1
0.00511940 1
0.00492800 1
0.00505170 1
0.00513240 1
0.00535600 1
0.00493980 1
0.00501530 1
0.00512950 1
0.00511630 1
0.00552030 1
0.00664560 1
0.00504740 1
0.00547030 1
0.00543080 1
0.00529520 1
0.00486040 1
0.00508260 1
0.00479080 1
0.00483050 1
0.00502600 1
0.00558970 1
0.00550700 1
0.00530810 1
0.00543020 1
0.00545250 1
0.00564710 1
0.01602740 1
0.00686800 1
0.00571570 1
0.00531820 1
0.01310170 1
0.00947770 1
0.00547440 1
0.00521020 1
0.00481050 1
0.00501010 1
0.00514190 1
0.00529390 1
0.00533240 1
0.00504370 1
0.00541580 1
0.00489060 1
0.00478110 1
0.00510190 1
0.00516690 1
0.00474970 1
0.00493880 1
0.00479520 1
0.00525180 1
0.00491220 1
0.00488060 1
0.00487430 1
0.00492850 1
0.00494730 1
0.00477610 1
0.00481850 1
0.00496780 1
0.00475210 1
0.00468230 1
0.00484930 1
0.00514410 1
0.00473960 1
0.00462340 1
0.00529250 1
0.00502950 1
0.00513610 1
0.00481770 1
0.00523670 1
0.00546820 1
0.00514220 1
0.00501640 1
0.00532340 1
0.00462940 1
0.00440370 1
0.00497570 1
0.00491730 1
0.00463690 1
0.00483000 1
0.00449760 1
0.00462530 1
0.00452870 1
0.00444920 1
0.00469450 1
0.00485110 1
0.00460620 1
0.00484170 1
0.00458860 1
0.00460690 1
0.00476520 1
0.00458810 1
0.00462490 1
0.00483570 1
0.00461240 1
0.00465410 1
0.00459310 1
0.00456880 1
0.00485470 1
0.00494500 1
0.00551740 1
0.00509870 1
0.00483240 1
0.00478160 1
0.00488480 1
0.00534250 1
0.00497790 1
0.00482150 1
0.00452070 1
0.00505690 1
0.00477040 1
0.00483520 1
0.00496240 1
0.00459590 1
0.00518570 1
0.00471930 1
0.00474150 1
0.00457760 1
0.00449730 1
0.00487950 1
0.00494920 1
0.00448480 1
0.00494400 1
0.00458910 1
0.00473730 1
0.00518180 1
0.00461450 1
0.00472350 1
0.00525260 1
0.00493100 1
0.00514320 1
0.00488980 1
0.00480480 1
0.00461820 1
0.00477050 1
0.00478740 1
0.00448250 1
0.00448600 1
0.00468660 1
0.00437620 1
0.00445020 1
0.00468150 1
0.00449490 1
0.00458520 1
0.00459960 1
0.00462900 1
0.00459310 1
0.00472670 1
0.00531140 1
0.00555970 1
0.00530300 1
0.00480890 1
0.00519750 1
0.00485510 1
0.00460610 1
0.00512710 1
0.00466600 1
0.00516860 1
0.00468810 1
0.00492930 1
0.00495770 1
0.00448070 1
0.00485240 1
0.00490460 1
0.00451330 1
0.00508950 1
0.00476570 1
0.00496490 1
0.00480600 1
0.00456830 1
0.00485530 1
0.00483580 1
0.00489420 1
0.00544100 1
0.00479280 1
0.00473140 1
0.00470260 1
0.00462220 1
0.00459110 1
0.00451400 1
0.00478650 1
0.00470670 1
0.00446220 1
0.00446960 1
0.00471710 1
0.00461300 1
0.00438050 1
0.00462390 1
0.00457990 1
0.00435130 1
0.00479880 1
0.00439780 1
0.00453610 1
0.00481880 1
0.00435250 1
0.00456140 1
0.00475310 1
0.00463920 1
0.00518560 1
0.00485880 1
0.00486270 1
0.00528530 1
0.00489830 1
0.00497870 1
0.00458370 1
0.00471940 1
0.00513170 1
0.00452700 1
0.00458190 1
0.00461860 1
0.00472050 1
0.00527300 1
0.00474870 1
0.00480800 1
0.00505970 1
0.00449970 1
0.00434920 1
0.00465980 1
0.00461000 1
0.00490470 1
0.00449120 1
0.00448960 1
0.00468280 1
0.00450820 1
0.00445310 1
0.00457680 1
0.00465690 1
0.00465290 1
0.00491440 1
0.00452120 1
0.00433730 1
0.00459520 1
0.00437740 1
0.00459580 1
0.00481300 1
0.00452010 1
0.00500380 1
0.00463290 1
0.00464850 1
0.00506170 1
0.00454360 1
0.00481360 1
0.00463400 1
0.00466410 1
0.00500620 1
0.00492270 1
0.00460130 1
0.00486210 1
0.00463980 1
0.00527580 1
0.00565030 1
0.00458970 1
0.00471120 1
0.00458400 1
0.00456580 1
0.00486200 1
0.00482220 1
0.00491460 1
0.00463810 1
0.00467700 1
0.00480960 1
0.00466250 1
0.00448620 1
0.00486980 1
0.00453570 1
0.00448990 1
0.00464300 1
0.00504430 1
0.00486900 1
0.00480090 1
0.00513200 1
0.00501350 1
0.00541220 1
0.00484480 1
0.00529810 1
0.00470710 1
0.00479680 1
0.00449730 1
0.00434130 1
0.00435720 1
0.00451580 1
0.00484330 1
0.00470880 1
0.00449810 1
0.00504940 1
0.00457410 1
0.00473660 1
0.00474320 1
0.00488660 1
0.00521050 1
0.00544410 1
0.00486230 1
0.00515130 1
0.00478940 1
0.00471950 1
0.00449510 1
0.00500230 1
0.00496590 1
0.00460470 1
0.00462460 1
0.00466590 1
0.00458820 1
0.00460980 1
0.00449570 1
0.00458710 1
0.00507580 1
0.00482020 1
0.00462320 1
0.00474020 1
0.00457250 1
0.00447520 1
0.00464540 1
0.00461530 1
0.00473750 1
0.00462160 1
0.00454360 1
0.00511820 1
0.00469000 1
0.00454250 1
0.00557350 1
0.00472060 1
0.00485460 1
0.00459850 1
0.00448690 1
0.00496810 1
0.00493180 1
0.00514240 1
0.00483930 1
0.00489860 1
0.00510200 1
0.00469150 1
0.00510130 1
0.00454110 1
0.00469710 1
0.00501940 1
0.00646080 1
0.00463980 1
0.00473690 1
0.00470420 1
0.00489830 1
0.00462430 1
0.00484520 1
0.00648070 1
0.00507140 1
0.00485500 1
0.00470270 1
0.00466510 1
0.00477700 1
0.00459260 1
0.00455040 1
0.00462500 1
0.00461090 1
0.00477870 1
0.00464240 1
0.00449510 1
0.00477170 1
0.00458970 1
0.00448630 1
0.00459930 1
0.00464500 1
0.00477790 1
0.00491560 1
0.00456990 1
0.00576850 1
0.00511680 1
0.00507040 1
0.00451580 1
0.00464220 1
0.00498630 1
0.00463810 1
0.00494670 1
0.00464140 1
0.00493860 1
0.00493100 1
0.00475740 1
0.00453700 1
0.00457470 1
0.00460070 1
0.00477790 1
0.00437010 1
0.00505150 1
0.00486310 1
0.00460880 1
0.00466040 1
0.00489570 1
0.00465800 1
0.00484890 1
0.00511530 1
0.00493480 1
0.00494200 1
0.00449620 1
0.00448350 1
0.00490720 1
0.00454680 1
0.00492950 1
0.00463180 1
0.00447720 1
0.00486310 1
0.00450470 1
0.00477080 1
0.00488490 1
0.00450620 1
0.00466110 1
0.00450510 1
0.00454850 1
0.00601540 1
0.00451310 1
0.00467340 1
0.00477890 1
0.00469070 1
0.00510480 1
0.00495070 1
0.00468140 1
0.00509490 1
0.00482880 1
0.00482430 1
0.00477590 1
0.00486200 1
0.00486370 1
0.00468510 1
0.00460860 1
0.00531320 1
0.00450980 1
0.00466390 1
0.00472260 1
0.00450350 1
0.00491210 1
0.00463290 1
0.00461620 1
0.00520450 1
0.00451010 1
0.00451570 1
0.00465450 1
0.00449380 1
0.00488810 1
0.00461420 1
0.00454140 1
0.00489400 1
0.00449910 1
0.00466980 1
0.00464820 1
0.00455880 1
0.00484700 1
0.00449130 1
0.00459630 1
0.00486600 1
0.00450830 1
0.00465190 1
0.00485580 1
0.00521630 1
0.00488300 1
0.00467660 1
0.00460040 1
0.00500710 1
0.00484180 1
0.00469550 1
0.00501360 1
0.00462120 1
0.00510300 1
0.00476990 1
0.00477070 1
0.00469380 1
0.00454860 1
0.00474050 1
0.00539820 1
0.00438510 1
0.00488090 1
0.00462590 1
0.00450610 1
0.00439500 1
0.00449240 1
0.00497490 1
0.00485920 1
0.00448620 1
0.00477970 1
0.00460800 1
0.00459510 1
0.00463690 1
0.00460850 1
0.00471260 1
0.00459140 1
0.00458280 1
0.00476180 1
0.00462470 1
0.00448970 1
0.00486020 1
0.00465410 1
0.00475140 1
0.00461620 1
0.00463060 1
0.00473420 1
0.00460500 1
0.00449930 1
0.00486140 1
0.00459140 1
0.00454470 1
0.00483680 1
0.00484610 1
0.00494120 1
0.00570350 1
0.00468570 1
0.00492650 1
0.00474300 1
0.00524130 1
0.00451600 1
0.00462090 1
0.00499120 1
0.00500360 1
0.00483630 1
0.00451940 1
0.00461660 1
0.00480950 1
0.00448890 1
0.00461370 1
0.00490370 1
0.00495200 1
0.00490340 1
0.00473500 1
0.00474380 1
0.00483320 1
0.00474950 1
0.00480570 1
0.00454140 1
0.00468650 1
0.00469460 1
0.00448850 1
0.00471620 1
0.00479800 1
0.00469300 1
0.00459860 1
0.00473180 1
0.00473060 1
0.00474850 1
0.00465110 1
0.00463330 1
0.00470120 1
0.00570770 1
0.00474470 1
0.00461860 1
0.00469340 1
0.00506180 1
0.00484730 1
0.00527810 1
0.00506480 1
0.00475230 1
0.00500360 1
0.00489280 1
0.00451750 1
0.00534780 1
0.00479090 1
0.00539080 1
0.00466190 1
0.00449830 1
0.00513170 1
0.00557670 1
0.00518530 1
0.00463220 1
0.00490060 1
0.00503760 1
0.00449330 1
0.00493110 1
0.00477280 1
0.00494020 1
0.00512620 1
0.00488300 1
0.00493010 1
0.00476560 1
0.00474340 1
0.00511260 1
0.00506860 1
0.00483590 1
0.00509340 1
0.00518450 1
0.00507920 1
0.00495710 1
0.00485490 1
0.00473160 1
0.00472050 1
0.00474730 1
0.00538130 1
0.00472140 1
0.00496410 1
0.00466130 1
0.00490800 1
0.00469370 1
0.00483380 1
0.00518810 1
0.00483250 1
0.00484360 1
0.00478070 1
0.00435470 1
0.00493180 1
0.00450420 1
0.00487310 1
0.00472120 1
0.00440410 1
0.00453580 1
0.00460410 1
0.00442390 1
0.00465540 1
0.00463620 1
0.00493430 1
0.00490060 1
0.00458580 1
0.00458570 1
0.00477570 1
0.00475870 1
0.00445210 1
0.00456260 1
0.00449000 1
0.00483950 1
0.00457210 1
0.00462190 1
0.00476250 1
0.00453040 1
0.00468490 1
0.00465280 1
0.00462990 1
0.00482950 1
0.00452260 1
0.00461040 1
0.00489800 1
0.00448830 1
0.00467680 1
0.00472750 1
0.00473670 1
0.00518460 1
0.00461740 1
0.00499900 1
0.00595700 1
0.00548120 1
0.00557680 1
0.00506770 1
0.00459260 1
0.00454750 1
0.00487890 1
0.00503070 1
0.00462600 1
0.00481010 1
0.00479900 1
0.00468550 1
0.00450570 1
0.00462910 1
0.00481810 1
0.00499920 1
0.00466920 1
0.00448730 1
0.00476400 1
0.00486180 1
0.00453970 1
0.00463320 1
0.00476440 1
0.00478590 1
0.00468450 1
0.00452630 1
0.00481560 1
0.00468640 1
0.00451380 1
0.00453000 1
0.00463350 1
0.00481070 1
0.00469420 1
0.00453990 1
0.00489660 1
0.00469880 1
0.00459850 1
0.00467380 1
0.00474200 1
0.00512410 1
0.00497510 1
0.00493680 1
0.00508650 1
0.00484480 1
0.00523050 1
0.00483450 1
0.00502890 1
0.00516880 1
0.00471180 1
0.00516200 1
0.00499860 1
0.00451990 1
0.00491500 1
0.00456650 1
0.00452070 1
0.00491280 1
0.00462350 1
0.00513430 1
