0.00447300
0.01916320
0.00943250
0.00833970
0.00785610
0.00883100
0.00686260
0.01181240
0.00599420
0.01244620
0.00594910
0.00695520
0.00570560
0.01130630
0.00602890
0.00606060
0.02128880
0.00597660
0.00783020
0.00804190
0.00720660
0.00827710
0.00628570
0.00563360
0.00515320
0.00622090
0.00679690
0.00585790
0.00589240
0.00698010
0.00491380
0.00553120
0.00480480
0.00473500
0.00536290
0.00489160
0.00534970
0.00526250
0.00520210
0.00558070
0.00511210
0.00523790
0.00507690
0.00513360
0.00528260
0.00519970
0.01441820
0.00507640
0.00581640
0.01445790
0.00492210
0.00501970
0.00495770
0.00514080
0.00521930
0.00479160
0.00488160
0.00487850
0.00489770
0.00519820
0.00481300
0.00488680
0.00525100
0.00494650
0.00537770
0.00499550
0.00531680
0.00523510
0.00523180
0.00529370
0.00526220
0.00499750
0.00500460
0.00495980
0.00686730
0.00491830
0.00642630
0.00491370
0.00498810
0.00593060
0.00523250
0.00530540
0.00516940
0.00488710
0.00500090
0.00511940
0.00492800
0.00505170
0.00513240
0.00535600
0.00493980
0.00501530
0.00512950
0.00511630
0.00552030
0.00664560
0.00504740
0.00547030
0.00543080
0.00529520
0.00486040
0.00508260
0.00479080
0.00483050
0.00502600
0.00558970
0.00550700
0.00530810
0.00543020
0.00545250
0.00564710
0.01602740
0.00686800
0.00571570
0.00531820
0.01310170
0.00947770
0.00547440
0.00521020
0.00481050
0.00501010
0.00514190
0.00529390
0.00533240
0.00504370
0.00541580
0.00489060
0.00478110
0.00510190
0.00516690
0.00474970
0.00493880
0.00479520
0.00525180
0.00491220
0.00488060
0.00487430
0.00492850
0.00494730
0.00477610
0.00481850
0.00496780
0.00475210
0.00468230
0.00484930
0.00514410
0.00473960
0.00462340
0.00529250
0.00502950
0.00513610
0.00481770
0.00523670
0.00546820
0.00514220
0.00501640
0.00532340
0.00462940
0.00440370
0.00497570
0.00491730
0.00463690
0.00483000
0.00449760
0.00462530
0.00452870
0.00444920
0.00469450
0.00485110
0.00460620
0.00484170
0.00458860
0.00460690
0.00476520
0.00458810
0.00462490
0.00483570
0.00461240
0.00465410
0.00459310
0.00456880
0.00485470
0.00494500
0.00551740
0.00509870
0.00483240
0.00478160
0.00488480
0.00534250
0.00497790
0.00482150
0.00452070
0.00505690
0.00477040
0.00483520
0.00496240
0.00459590
0.00518570
0.00471930
0.00474150
0.00457760
0.00449730
0.00487950
0.00494920
0.00448480
0.00494400
0.00458910
0.00473730
0.00518180
0.00461450
0.00472350
0.00525260
0.00493100
0.00514320
0.00488980
0.00480480
0.00461820
0.00477050
0.00478740
0.00448250
0.00448600
0.00468660
0.00437620
0.00445020
0.00468150
0.00449490
0.00458520
0.00459960
0.00462900
0.00459310
0.00472670
0.00531140
0.00555970
0.00530300
0.00480890
0.00519750
0.00485510
0.00460610
0.00512710
0.00466600
0.00516860
0.00468810
0.00492930
0.00495770
0.00448070
0.00485240
0.00490460
0.00451330
0.00508950
0.00476570
0.00496490
0.00480600
0.00456830
0.00485530
0.00483580
0.00489420
0.00544100
0.00479280
0.00473140
0.00470260
0.00462220
0.00459110
0.00451400
0.00478650
0.00470670
0.00446220
0.00446960
0.00471710
0.00461300
0.00438050
0.00462390
0.00457990
0.00435130
0.00479880
0.00439780
0.00453610
0.00481880
0.00435250
0.00456140
0.00475310
0.00463920
0.00518560
0.00485880
0.00486270
0.00528530
0.00489830
0.00497870
0.00458370
0.00471940
0.00513170
0.00452700
0.00458190
0.00461860
0.00472050
0.00527300
0.00474870
0.00480800
0.00505970
0.00449970
0.00434920
0.00465980
0.00461000
0.00490470
0.00449120
0.00448960
0.00468280
0.00450820
0.00445310
0.00457680
0.00465690
0.00465290
0.00491440
0.00452120
0.00433730
0.00459520
0.00437740
0.00459580
0.00481300
0.00452010
0.00500380
0.00463290
0.00464850
0.00506170
0.00454360
0.00481360
0.00463400
0.00466410
0.00500620
0.00492270
0.00460130
0.00486210
0.00463980
0.00527580
0.00565030
0.00458970
0.00471120
0.00458400
0.00456580
0.00486200
0.00482220
0.00491460
0.00463810
0.00467700
0.00480960
0.00466250
0.00448620
0.00486980
0.00453570
0.00448990
0.00464300
0.00504430
0.00486900
0.00480090
0.00513200
0.00501350
0.00541220
0.00484480
0.00529810
0.00470710
0.00479680
0.00449730
0.00434130
0.00435720
0.00451580
0.00484330
0.00470880
0.00449810
0.00504940
0.00457410
0.00473660
0.00474320
0.00488660
0.00521050
0.00544410
0.00486230
0.00515130
0.00478940
0.00471950
0.00449510
0.00500230
0.00496590
0.00460470
0.00462460
0.00466590
0.00458820
0.00460980
0.00449570
0.00458710
0.00507580
0.00482020
0.00462320
0.00474020
0.00457250
0.00447520
0.00464540
0.00461530
0.00473750
0.00462160
0.00454360
0.00511820
0.00469000
0.00454250
0.00557350
0.00472060
0.00485460
0.00459850
0.00448690
0.00496810
0.00493180
0.00514240
0.00483930
0.00489860
0.00510200
0.00469150
0.00510130
0.00454110
0.00469710
0.00501940
0.00646080
0.00463980
0.00473690
0.00470420
0.00489830
0.00462430
0.00484520
0.00648070
0.00507140
0.00485500
0.00470270
0.00466510
0.00477700
0.00459260
0.00455040
0.00462500
0.00461090
0.00477870
0.00464240
0.00449510
0.00477170
0.00458970
0.00448630
0.00459930
0.00464500
0.00477790
0.00491560
0.00456990
0.00576850
0.00511680
0.00507040
0.00451580
0.00464220
0.00498630
0.00463810
0.00494670
0.00464140
0.00493860
0.00493100
0.00475740
0.00453700
0.00457470
0.00460070
0.00477790
0.00437010
0.00505150
0.00486310
0.00460880
0.00466040
0.00489570
0.00465800
0.00484890
0.00511530
0.00493480
0.00494200
0.00449620
0.00448350
0.00490720
0.00454680
0.00492950
0.00463180
0.00447720
0.00486310
0.00450470
0.00477080
0.00488490
0.00450620
0.00466110
0.00450510
0.00454850
0.00601540
0.00451310
0.00467340
0.00477890
0.00469070
0.00510480
0.00495070
0.00468140
0.00509490
0.00482880
0.00482430
0.00477590
0.00486200
0.00486370
0.00468510
0.00460860
0.00531320
0.00450980
0.00466390
0.00472260
0.00450350
0.00491210
0.00463290
0.00461620
0.00520450
0.00451010
0.00451570
0.00465450
0.00449380
0.00488810
0.00461420
0.00454140
0.00489400
0.00449910
0.00466980
0.00464820
0.00455880
0.00484700
0.00449130
0.00459630
0.00486600
0.00450830
0.00465190
0.00485580
0.00521630
0.00488300
0.00467660
0.00460040
0.00500710
0.00484180
0.00469550
0.00501360
0.00462120
0.00510300
0.00476990
0.00477070
0.00469380
0.00454860
0.00474050
0.00539820
0.00438510
0.00488090
0.00462590
0.00450610
0.00439500
0.00449240
0.00497490
0.00485920
0.00448620
0.00477970
0.00460800
0.00459510
0.00463690
0.00460850
0.00471260
0.00459140
0.00458280
0.00476180
0.00462470
0.00448970
0.00486020
0.00465410
0.00475140
0.00461620
0.00463060
0.00473420
0.00460500
0.00449930
0.00486140
0.00459140
0.00454470
0.00483680
0.00484610
0.00494120
0.00570350
0.00468570
0.00492650
0.00474300
0.00524130
0.00451600
0.00462090
0.00499120
0.00500360
0.00483630
0.00451940
0.00461660
0.00480950
0.00448890
0.00461370
0.00490370
0.00495200
0.00490340
0.00473500
0.00474380
0.00483320
0.00474950
0.00480570
0.00454140
0.00468650
0.00469460
0.00448850
0.00471620
0.00479800
0.00469300
0.00459860
0.00473180
0.00473060
0.00474850
0.00465110
0.00463330
0.00470120
0.00570770
0.00474470
0.00461860
0.00469340
0.00506180
0.00484730
0.00527810
0.00506480
0.00475230
0.00500360
0.00489280
0.00451750
0.00534780
0.00479090
0.00539080
0.00466190
0.00449830
0.00513170
0.00557670
0.00518530
0.00463220
0.00490060
0.00503760
0.00449330
0.00493110
0.00477280
0.00494020
0.00512620
0.00488300
0.00493010
0.00476560
0.00474340
0.00511260
0.00506860
0.00483590
0.00509340
0.00518450
0.00507920
0.00495710
0.00485490
0.00473160
0.00472050
0.00474730
0.00538130
0.00472140
0.00496410
0.00466130
0.00490800
0.00469370
0.00483380
0.00518810
0.00483250
0.00484360
0.00478070
0.00435470
0.00493180
0.00450420
0.00487310
0.00472120
0.00440410
0.00453580
0.00460410
0.00442390
0.00465540
0.00463620
0.00493430
0.00490060
0.00458580
0.00458570
0.00477570
0.00475870
0.00445210
0.00456260
0.00449000
0.00483950
0.00457210
0.00462190
0.00476250
0.00453040
0.00468490
0.00465280
0.00462990
0.00482950
0.00452260
0.00461040
0.00489800
0.00448830
0.00467680
0.00472750
0.00473670
0.00518460
0.00461740
0.00499900
0.00595700
0.00548120
0.00557680
0.00506770
0.00459260
0.00454750
0.00487890
0.00503070
0.00462600
0.00481010
0.00479900
0.00468550
0.00450570
0.00462910
0.00481810
0.00499920
0.00466920
0.00448730
0.00476400
0.00486180
0.00453970
0.00463320
0.00476440
0.00478590
0.00468450
0.00452630
0.00481560
0.00468640
0.00451380
0.00453000
0.00463350
0.00481070
0.00469420
0.00453990
0.00489660
0.00469880
0.00459850
0.00467380
0.00474200
0.00512410
0.00497510
0.00493680
0.00508650
0.00484480
0.00523050
0.00483450
0.00502890
0.00516880
0.00471180
0.00516200
0.00499860
0.00451990
0.00491500
0.00456650
0.00452070
0.00491280
0.00462350
0.00513430
