0.00186020
0.00182470
0.00323930
0.00144910
0.00139740
0.00143230
0.00404710
0.00146670
0.00143380
0.00139980
0.00138740
0.00303710
0.00145250
0.00153270
0.00137840
0.00147120
0.00187400
0.00152100
0.00154500
0.00171850
0.00161340
0.00147030
0.00146440
0.00142340
0.00180730
0.00146160
0.00149670
0.00142940
0.00143770
0.00140800
0.00173930
0.00151100
0.00154820
0.00144330
0.00144470
0.00171880
0.00188320
0.00173930
0.00151920
0.00165090
0.00164140
0.00147850
0.00143770
0.00144070
0.00140430
0.00158780
0.00174700
0.00143920
0.00138770
0.00141720
0.00151490
0.00142530
0.00150300
0.00142570
0.00143460
0.00138580
0.00138450
0.00140420
0.00142280
0.00143120
0.00138530
0.00152330
0.00141900
0.00138310
0.00170860
0.00153630
0.00139290
0.00142000
0.00138460
0.00138460
0.00165230
0.00142640
0.00140600
0.00152600
0.00139410
0.00156660
0.00143060
0.00143180
0.00138860
0.00142340
0.00148790
0.00177800
0.00153870
0.00248520
0.00181620
0.00162120
0.00155710
0.00144520
0.00145870
0.00149080
0.00151740
0.00156470
0.00139240
0.00142770
0.00171420
0.00139670
0.00142160
0.00139610
0.00000000
0.00000000
0.00000000
0.00000000
0.00136620
0.00188290
0.00214720
0.00192020
0.00212760
0.00214470
0.00190470
0.00212510
0.00179000
0.00194810
0.00177500
0.00170250
0.00170280
0.00170580
0.00193530
0.00201480
0.00175170
0.00173720
0.00201750
0.00199900
0.00189710
0.00178260
0.00186760
0.00177320
0.00190090
0.00182140
0.00187020
0.00180020
0.00180340
0.00207160
0.00185610
0.00184520
0.00206500
0.00220810
0.00204250
0.00183560
0.00179250
0.00178990
0.00179460
0.00190080
0.00209070
0.00180160
0.00189710
0.00179080
0.00178750
0.00195630
0.00188120
0.00186310
0.00181760
0.00189120
0.00192120
0.00213860
0.00196520
0.00191750
0.00194590
0.00239630
0.00242380
0.00203390
0.00201920
0.00195050
0.00186490
0.00224390
0.00180470
0.00191510
0.00203970
0.00204640
0.00239970
0.00196780
0.00178280
0.00178310
0.00000000
0.00000000
0.00000000
0.00000000
0.00134320
0.00169290
0.00193380
0.00168570
0.00175240
0.00174610
0.00164380
0.00164950
0.00172930
0.00176860
0.00179370
0.00180530
0.00171480
0.00198390
0.00175440
0.00181910
0.00165590
0.00173680
0.00165680
0.00166860
0.00218200
0.00168510
0.00165400
0.00163870
0.00210780
0.00171560
0.00182420
0.00169050
0.00168930
0.00167470
0.00167050
