0.00186020 0
0.00182470 1
0.00323930 1
0.00144910 1
0.00139740 1
0.00143230 1
0.00404710 1
0.00146670 1
0.00143380 1
0.00139980 1
0.00138740 1
0.00303710 1
0.00145250 1
0.00153270 1
0.00137840 1
0.00147120 1
0.00187400 1
0.00152100 1
0.00154500 1
0.00171850 1
0.00161340 1
0.00147030 1
0.00146440 1
0.00142340 1
0.00180730 1
0.00146160 1
0.00149670 1
0.00142940 1
0.00143770 1
0.00140800 1
0.00173930 1
0.00151100 1
0.00154820 1
0.00144330 1
0.00144470 1
0.00171880 1
0.00188320 1
0.00173930 1
0.00151920 1
0.00165090 1
0.00164140 1
0.00147850 1
0.00143770 1
0.00144070 1
0.00140430 1
0.00158780 1
0.00174700 1
0.00143920 1
0.00138770 1
0.00141720 1
0.00151490 1
0.00142530 1
0.00150300 1
0.00142570 1
0.00143460 1
0.00138580 1
0.00138450 1
0.00140420 1
0.00142280 1
0.00143120 1
0.00138530 1
0.00152330 1
0.00141900 1
0.00138310 1
0.00170860 1
0.00153630 1
0.00139290 1
0.00142000 1
0.00138460 1
0.00138460 1
0.00165230 1
0.00142640 1
0.00140600 1
0.00152600 1
0.00139410 1
0.00156660 1
0.00143060 1
0.00143180 1
0.00138860 1
0.00142340 1
0.00148790 1
0.00177800 1
0.00153870 1
0.00248520 1
0.00181620 1
0.00162120 1
0.00155710 1
0.00144520 1
0.00145870 1
0.00149080 1
0.00151740 1
0.00156470 1
0.00139240 1
0.00142770 1
0.00171420 1
0.00139670 1
0.00142160 1
0.00139610 1
-
-
-
-
0.00136620 0
0.00188290 1
0.00214720 1
0.00192020 1
0.00212760 1
0.00214470 1
0.00190470 1
0.00212510 1
0.00179000 1
0.00194810 1
0.00177500 1
0.00170250 1
0.00170280 1
0.00170580 1
0.00193530 1
0.00201480 1
0.00175170 1
0.00173720 1
0.00201750 1
0.00199900 1
0.00189710 1
0.00178260 1
0.00186760 1
0.00177320 1
0.00190090 1
0.00182140 1
0.00187020 1
0.00180020 1
0.00180340 1
0.00207160 1
0.00185610 1
0.00184520 1
0.00206500 1
0.00220810 1
0.00204250 1
0.00183560 1
0.00179250 1
0.00178990 1
0.00179460 1
0.00190080 1
0.00209070 1
0.00180160 1
0.00189710 1
0.00179080 1
0.00178750 1
0.00195630 1
0.00188120 1
0.00186310 1
0.00181760 1
0.00189120 1
0.00192120 1
0.00213860 1
0.00196520 1
0.00191750 1
0.00194590 1
0.00239630 1
0.00242380 1
0.00203390 1
0.00201920 1
0.00195050 1
0.00186490 1
0.00224390 1
0.00180470 1
0.00191510 1
0.00203970 1
0.00204640 1
0.00239970 1
0.00196780 1
0.00178280 1
0.00178310 1
-
-
-
-
0.00134320 0
0.00169290 1
0.00193380 1
0.00168570 1
0.00175240 1
0.00174610 1
0.00164380 1
0.00164950 1
0.00172930 1
0.00176860 1
0.00179370 1
0.00180530 1
0.00171480 1
0.00198390 1
0.00175440 1
0.00181910 1
0.00165590 1
0.00173680 1
0.00165680 1
0.00166860 1
0.00218200 1
0.00168510 1
0.00165400 1
0.00163870 1
0.00210780 1
0.00171560 1
0.00182420 1
0.00169050 1
0.00168930 1
0.00167470 1
0.00167050 1
