0.00973600
0.00274440
0.00245260
0.00328570
0.00257620
0.00275370
0.00242930
0.00261150
0.00281310
0.00259640
0.00304730
0.00271390
0.00262740
0.00310420
0.00243300
0.00239340
0.00247070
0.00225440
0.00232950
0.00246490
0.00222060
0.00245330
0.00224140
0.00240040
0.00000000
0.00000000
0.00000000
0.00000000
0.00528970
0.00193070
0.00178440
0.00185560
0.00173500
0.00185770
0.00176720
0.00177770
0.00178530
0.00313850
0.00189990
0.00182080
0.00189370
0.00236420
0.00207300
0.00196010
0.00207230
0.00231920
0.00204330
0.00212470
0.00390120
0.00211790
0.00206040
0.00207180
0.00233220
0.00222850
0.01605390
0.00195840
0.00179500
0.00169210
0.00170120
0.00182420
0.00168600
0.00168510
0.00178410
0.00000000
0.00000000
0.00000000
0.00000000
0.00606000
0.00210320
0.00238400
0.00201090
0.00185540
0.00189710
0.00196190
0.00184730
0.00235430
0.00230390
0.00189610
0.00193340
0.00186600
0.00193440
0.00195690
0.00185250
0.00207320
0.00201640
0.00193650
0.00203970
0.00210370
0.00199720
0.00200150
0.00200200
0.00208440
0.00194700
0.00197030
0.00207810
0.00202560
0.00194250
0.00223260
0.00227810
0.00211500
0.00199920
0.00196220
0.00204390
0.00193010
0.00196060
0.00194000
0.00196540
0.00199080
0.00203380
0.00193830
0.00204100
0.00194630
0.00209040
0.00194100
0.00193030
0.00194090
0.00222730
0.00213850
0.00206280
0.00207810
0.00242490
0.00194630
0.00193520
0.00201300
0.00201550
0.00196750
0.00202300
0.00192610
0.00195230
0.00193820
0.00195350
0.00197420
0.00192660
0.00196270
0.00199950
0.00192400
0.00196800
0.00245130
0.00202650
0.00226590
0.00195260
0.00221050
0.00230830
0.00228100
0.00209230
0.00203570
0.00198270
0.00206760
0.00198640
0.00198460
0.00198810
0.00204700
0.00218540
0.00213370
0.00199600
0.00199050
0.00198780
0.00220550
0.00205170
0.00203940
0.00208160
0.00210700
0.00234150
0.00219120
0.00235420
0.00206930
0.00205780
0.00198950
0.00195920
0.00231810
0.00201770
0.00206960
0.00202400
0.00197790
0.00317620
0.00211670
0.00217670
0.00228560
0.00215680
0.00206170
0.00209220
0.00210050
0.00217880
0.00202340
0.00000000
0.00000000
0.00000000
0.00000000
0.00458740
0.00260060
0.00151190
0.00138650
0.00144350
0.00156780
0.00138110
0.00142140
0.00157320
0.00146080
0.00140350
0.00159230
0.00135910
0.00136390
0.00148570
0.00144080
0.00139660
0.00149250
0.00137160
0.00139420
0.00167130
0.00174740
0.00154870
0.00151130
0.00156120
0.00140870
0.00151270
0.00149840
0.00156350
0.00166820
0.00165020
0.00189130
0.00189690
0.00170510
0.00185180
0.00166940
0.00172240
0.00171440
0.00163930
0.00154220
0.00000000
0.00000000
0.00000000
0.00000000
0.00430620
0.00152880
0.00703180
0.00162730
0.00136310
0.00342740
0.00121450
0.00110150
0.00120000
0.00108850
0.00110160
0.00107300
0.00099730
0.00100470
0.00114560
0.00126390
0.00122470
0.00104240
0.00101230
0.00099260
0.00102030
0.00099410
0.00098760
0.00099530
0.00099270
0.00100390
0.00106680
0.00099510
0.00098720
0.00099440
0.00109820
0.00098820
