0.00973600 0
0.00274440 1
0.00245260 1
0.00328570 1
0.00257620 1
0.00275370 1
0.00242930 1
0.00261150 1
0.00281310 1
0.00259640 1
0.00304730 1
0.00271390 1
0.00262740 1
0.00310420 1
0.00243300 1
0.00239340 1
0.00247070 1
0.00225440 1
0.00232950 1
0.00246490 1
0.00222060 1
0.00245330 1
0.00224140 1
0.00240040 1
-
-
-
-
0.00528970 0
0.00193070 1
0.00178440 1
0.00185560 1
0.00173500 1
0.00185770 1
0.00176720 1
0.00177770 1
0.00178530 1
0.00313850 1
0.00189990 1
0.00182080 1
0.00189370 1
0.00236420 1
0.00207300 1
0.00196010 1
0.00207230 1
0.00231920 1
0.00204330 1
0.00212470 1
0.00390120 1
0.00211790 1
0.00206040 1
0.00207180 1
0.00233220 1
0.00222850 1
0.01605390 1
0.00195840 1
0.00179500 1
0.00169210 1
0.00170120 1
0.00182420 1
0.00168600 1
0.00168510 1
0.00178410 1
-
-
-
-
0.00606000 0
0.00210320 1
0.00238400 1
0.00201090 1
0.00185540 1
0.00189710 1
0.00196190 1
0.00184730 1
0.00235430 1
0.00230390 1
0.00189610 1
0.00193340 1
0.00186600 1
0.00193440 1
0.00195690 1
0.00185250 1
0.00207320 1
0.00201640 1
0.00193650 1
0.00203970 1
0.00210370 1
0.00199720 1
0.00200150 1
0.00200200 1
0.00208440 1
0.00194700 1
0.00197030 1
0.00207810 1
0.00202560 1
0.00194250 1
0.00223260 1
0.00227810 1
0.00211500 1
0.00199920 1
0.00196220 1
0.00204390 1
0.00193010 1
0.00196060 1
0.00194000 1
0.00196540 1
0.00199080 1
0.00203380 1
0.00193830 1
0.00204100 1
0.00194630 1
0.00209040 1
0.00194100 1
0.00193030 1
0.00194090 1
0.00222730 1
0.00213850 1
0.00206280 1
0.00207810 1
0.00242490 1
0.00194630 1
0.00193520 1
0.00201300 1
0.00201550 1
0.00196750 1
0.00202300 1
0.00192610 1
0.00195230 1
0.00193820 1
0.00195350 1
0.00197420 1
0.00192660 1
0.00196270 1
0.00199950 1
0.00192400 1
0.00196800 1
0.00245130 1
0.00202650 1
0.00226590 1
0.00195260 1
0.00221050 1
0.00230830 1
0.00228100 1
0.00209230 1
0.00203570 1
0.00198270 1
0.00206760 1
0.00198640 1
0.00198460 1
0.00198810 1
0.00204700 1
0.00218540 1
0.00213370 1
0.00199600 1
0.00199050 1
0.00198780 1
0.00220550 1
0.00205170 1
0.00203940 1
0.00208160 1
0.00210700 1
0.00234150 1
0.00219120 1
0.00235420 1
0.00206930 1
0.00205780 1
0.00198950 1
0.00195920 1
0.00231810 1
0.00201770 1
0.00206960 1
0.00202400 1
0.00197790 1
0.00317620 1
0.00211670 1
0.00217670 1
0.00228560 1
0.00215680 1
0.00206170 1
0.00209220 1
0.00210050 1
0.00217880 1
0.00202340 1
-
-
-
-
0.00458740 0
0.00260060 1
0.00151190 1
0.00138650 1
0.00144350 1
0.00156780 1
0.00138110 1
0.00142140 1
0.00157320 1
0.00146080 1
0.00140350 1
0.00159230 1
0.00135910 1
0.00136390 1
0.00148570 1
0.00144080 1
0.00139660 1
0.00149250 1
0.00137160 1
0.00139420 1
0.00167130 1
0.00174740 1
0.00154870 1
0.00151130 1
0.00156120 1
0.00140870 1
0.00151270 1
0.00149840 1
0.00156350 1
0.00166820 1
0.00165020 1
0.00189130 1
0.00189690 1
0.00170510 1
0.00185180 1
0.00166940 1
0.00172240 1
0.00171440 1
0.00163930 1
0.00154220 1
-
-
-
-
0.00430620 0
0.00152880 1
0.00703180 1
0.00162730 1
0.00136310 1
0.00342740 1
0.00121450 1
0.00110150 1
0.00120000 1
0.00108850 1
0.00110160 1
0.00107300 1
0.00099730 1
0.00100470 1
0.00114560 1
0.00126390 1
0.00122470 1
0.00104240 1
0.00101230 1
0.00099260 1
0.00102030 1
0.00099410 1
0.00098760 1
0.00099530 1
0.00099270 1
0.00100390 1
0.00106680 1
0.00099510 1
0.00098720 1
0.00099440 1
0.00109820 1
0.00098820 1
