0.00876080
0.00711910
0.00735810
0.00724370
0.00792220
0.00753620
0.00489040
0.00524370
0.00622630
0.00570380
0.00487230
0.00534460
0.00487230
0.00433890
0.00455000
0.00535030
0.00450110
0.00595620
0.00492370
0.00646430
0.00494890
0.00456140
0.00522730
0.00507690
0.00547830
0.00440990
0.00527770
0.00475880
0.00537250
0.00651500
0.00517410
0.00569620
0.00687560
0.01317180
0.00670110
0.00979110
0.00660130
0.00970320
0.00828220
0.00837160
0.00869620
0.01313410
0.01201920
0.01348430
0.00977280
0.01163440
0.01797520
0.00995770
0.01418060
0.01349660
0.00832040
0.00716820
0.00699870
0.00754740
0.00738170
0.00687990
0.01637900
0.01250040
0.00928660
0.01051540
0.01303570
0.01074310
0.00679850
0.00770700
0.01172500
0.01064110
0.01412300
0.01145780
0.00714130
0.00838050
0.00653880
0.00548580
0.00478590
0.00614680
0.00657320
0.00705110
0.00505240
0.00693190
0.00000000
0.00000000
0.00000000
0.00000000
0.01048720
0.01725300
0.02070070
0.03093050
0.03109800
0.02184420
0.01802510
0.02339440
0.02103810
0.03067410
0.03369370
0.01112540
0.01152040
0.01766560
0.02194750
0.01263400
0.01601070
0.01439770
0.00930430
0.00780070
0.00831870
0.00732150
0.00831770
0.00760310
0.00792980
0.00893850
0.00956090
0.00756060
0.00612900
0.00698220
0.00721740
0.00599690
0.00707530
0.00792310
0.00643020
0.00780620
0.00909530
0.00681520
0.00821370
0.00727350
0.00642150
0.00792360
0.00743990
0.00754000
0.00854600
0.00863810
0.00663150
0.00760390
0.00663250
0.00626360
0.00721930
0.00731280
0.00647450
0.00797400
0.00614450
0.00682500
0.00734410
0.00627770
0.00674340
0.00705230
0.00710080
0.00704640
0.00696810
0.00687980
0.00651890
0.00617930
0.00666790
0.00605460
0.00776750
0.00625130
0.00612800
0.00810950
0.00621880
0.00617280
0.00790070
0.00613890
0.00598720
0.00601690
0.00628090
0.00640690
0.00621260
0.00633690
0.00762870
0.00638730
0.00695600
0.00599070
0.00691470
0.00602890
0.00616060
0.00815600
0.00680240
0.00597860
0.00601020
0.00687610
0.00620070
0.00627670
0.00723960
0.00613530
0.00620610
0.00716740
0.00602260
0.00731160
0.00667220
0.00568520
0.00599950
0.00695440
0.00601610
0.00680010
0.00798410
0.00650660
0.00654270
0.00761140
0.00601290
0.00662870
0.00765300
0.00580200
0.00632210
0.00890870
0.00586590
0.00661050
0.00744150
0.00576690
0.00600520
0.00736070
0.00604460
0.00574680
0.00744950
0.00560550
0.00595840
0.00799440
0.00569540
0.00614660
0.00582990
0.00587510
0.00652760
0.00590880
0.00606420
0.00582120
0.00702750
0.00790960
0.00683930
0.00760720
0.00902770
0.00712900
0.00820120
0.00985630
0.00718960
0.02472860
0.01518730
0.00718840
0.01319730
0.02488900
0.00988360
0.00854210
0.00821620
0.00903860
0.01330310
0.01439730
0.00738440
0.00773600
0.01231210
0.00758450
0.01223420
0.01022140
0.00938670
0.00826130
0.00806300
0.00770630
0.01203020
0.01131170
0.00918630
0.01092940
0.01099420
0.01003770
0.00714170
0.00901920
0.00914610
0.00726340
0.00783460
0.00802570
0.00799370
0.01013690
0.00635310
0.00648320
0.00729550
0.00642260
0.00784600
0.00828250
0.00805130
0.00695800
0.00813400
0.00806560
0.00742100
0.00948790
0.00962120
0.00805560
0.00826190
0.00878820
0.00890270
0.00779400
0.00761190
0.00747480
0.00892130
0.00888230
0.00698870
0.00916150
0.01040610
0.00834180
0.00755380
0.00855310
0.00882890
0.00898200
0.00894470
0.00705450
0.00942840
0.00985910
0.00775740
0.00693290
0.00900660
0.00789800
0.00664160
0.00686320
0.00801770
0.00706390
0.00855160
0.00809310
0.00768630
0.00821510
0.00640760
0.00745290
0.00603080
0.00663180
0.00723650
0.00819160
0.00792770
0.00769730
0.00602830
0.00726270
0.00597470
0.00646060
0.00803580
0.00575800
0.00852250
0.00799330
0.00612470
0.00728970
0.00855500
0.00603160
0.00867540
0.00894090
0.00668060
0.00695750
0.00917450
0.00889040
0.00834550
0.02373170
0.01026810
0.01171470
0.01194310
0.01061160
0.00857480
0.00675110
0.00692860
0.01082670
0.01273560
0.00904970
0.00632670
0.00699340
0.00756390
0.00985550
0.01374040
0.00817600
0.00708750
0.00910620
0.00929270
0.01122810
0.01624270
0.00903050
0.00927490
0.01245130
0.00869850
0.01097760
0.00838030
0.00633650
0.00697750
0.00723010
0.00622090
0.00658920
0.00625000
0.00603240
0.00605630
0.00604300
0.00692320
0.00595530
0.00769500
0.00700730
0.00618700
0.00692170
0.00705110
0.00628520
0.00795290
0.00697500
0.00626380
0.00658180
0.00707800
0.00823200
0.00929550
0.01207040
0.01136370
0.01191050
0.01252800
0.01193180
0.00674870
0.00986200
0.00950240
0.01001460
0.01054250
0.01076490
0.00905090
0.00980770
0.00773870
0.00907020
0.00946380
0.01095160
0.01047920
0.01049780
0.00877810
0.00681950
0.01031430
0.00881040
0.01080090
0.01220290
0.00900350
0.00892190
0.00683220
0.00803210
0.00993410
0.00870130
0.01027850
0.00721760
0.00913080
0.00721110
0.00764520
0.00830490
0.01075660
0.00920990
0.01356010
0.01255130
0.00782410
0.00848810
0.00861790
0.00812720
0.00979320
0.01127870
0.01016840
0.00994960
0.01196280
0.00751820
0.00853040
0.00859430
0.00786510
0.01042570
0.01140300
0.01033810
0.01103890
0.01130980
0.00807610
0.00837760
0.00900040
0.00768060
0.01108430
0.01264090
0.01077660
0.00937740
0.00952800
0.00799620
0.00868570
0.01117060
0.00962880
0.00880380
0.01156080
0.00890280
0.00806510
0.01022130
0.00869120
0.00855090
0.00900920
0.00616830
0.00659280
0.00652610
0.00617920
0.00698190
0.00620530
0.00820190
0.00807570
0.00713040
0.00732040
0.00822790
0.00949570
0.00994480
0.00000000
0.00000000
0.00000000
0.00000000
0.00686710
0.00806230
0.00772260
0.00815910
0.00756210
0.00564240
0.00707750
0.00860150
0.00533180
0.00509540
0.00839250
0.00536210
0.00424300
0.00392080
0.00398950
0.00569070
0.00566170
0.00597090
0.00596970
0.00454280
0.00486140
0.00637970
0.00550590
0.00456520
0.01033710
0.00408320
0.00585050
0.00923290
0.00505960
0.00484790
0.00449820
0.00464110
0.00580630
0.00441770
0.00505680
0.00667990
0.00592310
0.00470060
0.00394600
0.00546510
0.00520320
0.00522060
0.00764700
0.00792820
0.00505980
0.00492450
0.00449460
0.00981950
0.00766970
0.00489030
0.00579850
0.00775010
0.00638600
0.00486640
0.00573650
0.00427780
0.00595130
0.00568220
0.00460320
0.00711960
0.00491440
0.00415680
0.00486420
0.00508540
0.00443270
0.00453990
0.00510050
0.00433400
0.00426910
0.00548630
0.00404800
0.00387260
0.00390670
0.00401870
0.00412480
0.00619080
0.00409940
0.00378900
0.00380330
0.00383320
0.00424610
0.00497280
0.00419810
0.00413030
0.00521580
0.00382930
0.00453250
0.00488190
0.00419230
0.00423190
0.00542710
0.00403330
0.00471290
0.00493930
0.00404920
0.00426280
0.00513190
0.00384450
0.00540830
0.00525690
0.00486250
0.00432920
0.00428270
0.00397610
0.00444330
0.00406790
0.00523250
0.00488790
0.00495060
0.00391150
0.00372610
0.00381300
0.00500490
0.00475700
0.00477810
0.00378640
0.00373720
0.00417340
0.00456080
0.00412620
0.00445200
0.00396960
0.00477360
0.00390850
0.00400700
0.00439500
0.00435900
0.00451250
0.00408640
0.00414810
0.00383060
0.00415890
0.00382000
0.00500520
0.00402620
0.00485300
0.00382900
0.00454980
0.00398110
0.00490320
0.00418840
0.00439590
0.00403960
0.00426520
0.00566460
0.00452810
0.00573270
0.00557950
0.00379240
0.00648580
0.00448420
0.00398450
0.00675790
0.00403940
0.00503230
0.00480540
0.00570180
0.00407080
0.00582870
0.00438750
0.00557270
0.00393170
0.00414200
0.00378250
0.00656110
0.00482250
0.00383040
0.00652930
0.00401570
0.00487080
0.00665300
0.00393020
0.00530580
0.00571690
0.00497450
0.00392380
0.00618940
0.00409270
0.00378720
0.00513800
0.00389130
0.00405250
0.00520910
0.00496510
0.00473120
0.00625690
0.00460480
0.00528450
0.00497060
0.00411410
0.00410990
0.00610280
0.00405840
0.00502810
0.00366530
0.00505650
0.00381320
0.00455850
0.00378860
0.00500940
0.00392860
0.00409540
0.00401240
0.00368760
0.00378580
0.00389770
0.00384680
0.00377740
0.00506520
0.00387590
0.00483600
0.00405920
0.00580160
0.00406130
0.00520620
0.00512540
0.00470690
0.00412050
0.00572200
0.00396760
0.00513190
0.00497540
0.00511630
0.00404150
0.00575410
0.00377620
0.00535170
0.00510070
0.00483240
0.00412220
0.00593090
0.00364650
0.00502690
0.00509650
0.00510780
0.00404980
0.00604460
0.00389520
0.00500100
