0.00876080 0
0.00711910 1
0.00735810 1
0.00724370 1
0.00792220 1
0.00753620 1
0.00489040 1
0.00524370 1
0.00622630 1
0.00570380 1
0.00487230 1
0.00534460 1
0.00487230 1
0.00433890 1
0.00455000 1
0.00535030 1
0.00450110 1
0.00595620 1
0.00492370 1
0.00646430 1
0.00494890 1
0.00456140 1
0.00522730 1
0.00507690 1
0.00547830 1
0.00440990 1
0.00527770 1
0.00475880 1
0.00537250 1
0.00651500 1
0.00517410 1
0.00569620 1
0.00687560 1
0.01317180 1
0.00670110 1
0.00979110 1
0.00660130 1
0.00970320 1
0.00828220 1
0.00837160 1
0.00869620 1
0.01313410 1
0.01201920 1
0.01348430 1
0.00977280 1
0.01163440 1
0.01797520 1
0.00995770 1
0.01418060 1
0.01349660 1
0.00832040 1
0.00716820 1
0.00699870 1
0.00754740 1
0.00738170 1
0.00687990 1
0.01637900 1
0.01250040 1
0.00928660 1
0.01051540 1
0.01303570 1
0.01074310 1
0.00679850 1
0.00770700 1
0.01172500 1
0.01064110 1
0.01412300 1
0.01145780 1
0.00714130 1
0.00838050 1
0.00653880 1
0.00548580 1
0.00478590 1
0.00614680 1
0.00657320 1
0.00705110 1
0.00505240 1
0.00693190 1
-
-
-
-
0.01048720 0
0.01725300 1
0.02070070 1
0.03093050 1
0.03109800 1
0.02184420 1
0.01802510 1
0.02339440 1
0.02103810 1
0.03067410 1
0.03369370 1
0.01112540 1
0.01152040 1
0.01766560 1
0.02194750 1
0.01263400 1
0.01601070 1
0.01439770 1
0.00930430 1
0.00780070 1
0.00831870 1
0.00732150 1
0.00831770 1
0.00760310 1
0.00792980 1
0.00893850 1
0.00956090 1
0.00756060 1
0.00612900 1
0.00698220 1
0.00721740 1
0.00599690 1
0.00707530 1
0.00792310 1
0.00643020 1
0.00780620 1
0.00909530 1
0.00681520 1
0.00821370 1
0.00727350 1
0.00642150 1
0.00792360 1
0.00743990 1
0.00754000 1
0.00854600 1
0.00863810 1
0.00663150 1
0.00760390 1
0.00663250 1
0.00626360 1
0.00721930 1
0.00731280 1
0.00647450 1
0.00797400 1
0.00614450 1
0.00682500 1
0.00734410 1
0.00627770 1
0.00674340 1
0.00705230 1
0.00710080 1
0.00704640 1
0.00696810 1
0.00687980 1
0.00651890 1
0.00617930 1
0.00666790 1
0.00605460 1
0.00776750 1
0.00625130 1
0.00612800 1
0.00810950 1
0.00621880 1
0.00617280 1
0.00790070 1
0.00613890 1
0.00598720 1
0.00601690 1
0.00628090 1
0.00640690 1
0.00621260 1
0.00633690 1
0.00762870 1
0.00638730 1
0.00695600 1
0.00599070 1
0.00691470 1
0.00602890 1
0.00616060 1
0.00815600 1
0.00680240 1
0.00597860 1
0.00601020 1
0.00687610 1
0.00620070 1
0.00627670 1
0.00723960 1
0.00613530 1
0.00620610 1
0.00716740 1
0.00602260 1
0.00731160 1
0.00667220 1
0.00568520 1
0.00599950 1
0.00695440 1
0.00601610 1
0.00680010 1
0.00798410 1
0.00650660 1
0.00654270 1
0.00761140 1
0.00601290 1
0.00662870 1
0.00765300 1
0.00580200 1
0.00632210 1
0.00890870 1
0.00586590 1
0.00661050 1
0.00744150 1
0.00576690 1
0.00600520 1
0.00736070 1
0.00604460 1
0.00574680 1
0.00744950 1
0.00560550 1
0.00595840 1
0.00799440 1
0.00569540 1
0.00614660 1
0.00582990 1
0.00587510 1
0.00652760 1
0.00590880 1
0.00606420 1
0.00582120 1
0.00702750 1
0.00790960 1
0.00683930 1
0.00760720 1
0.00902770 1
0.00712900 1
0.00820120 1
0.00985630 1
0.00718960 1
0.02472860 1
0.01518730 1
0.00718840 1
0.01319730 1
0.02488900 1
0.00988360 1
0.00854210 1
0.00821620 1
0.00903860 1
0.01330310 1
0.01439730 1
0.00738440 1
0.00773600 1
0.01231210 1
0.00758450 1
0.01223420 1
0.01022140 1
0.00938670 1
0.00826130 1
0.00806300 1
0.00770630 1
0.01203020 1
0.01131170 1
0.00918630 1
0.01092940 1
0.01099420 1
0.01003770 1
0.00714170 1
0.00901920 1
0.00914610 1
0.00726340 1
0.00783460 1
0.00802570 1
0.00799370 1
0.01013690 1
0.00635310 1
0.00648320 1
0.00729550 1
0.00642260 1
0.00784600 1
0.00828250 1
0.00805130 1
0.00695800 1
0.00813400 1
0.00806560 1
0.00742100 1
0.00948790 1
0.00962120 1
0.00805560 1
0.00826190 1
0.00878820 1
0.00890270 1
0.00779400 1
0.00761190 1
0.00747480 1
0.00892130 1
0.00888230 1
0.00698870 1
0.00916150 1
0.01040610 1
0.00834180 1
0.00755380 1
0.00855310 1
0.00882890 1
0.00898200 1
0.00894470 1
0.00705450 1
0.00942840 1
0.00985910 1
0.00775740 1
0.00693290 1
0.00900660 1
0.00789800 1
0.00664160 1
0.00686320 1
0.00801770 1
0.00706390 1
0.00855160 1
0.00809310 1
0.00768630 1
0.00821510 1
0.00640760 1
0.00745290 1
0.00603080 1
0.00663180 1
0.00723650 1
0.00819160 1
0.00792770 1
0.00769730 1
0.00602830 1
0.00726270 1
0.00597470 1
0.00646060 1
0.00803580 1
0.00575800 1
0.00852250 1
0.00799330 1
0.00612470 1
0.00728970 1
0.00855500 1
0.00603160 1
0.00867540 1
0.00894090 1
0.00668060 1
0.00695750 1
0.00917450 1
0.00889040 1
0.00834550 1
0.02373170 1
0.01026810 1
0.01171470 1
0.01194310 1
0.01061160 1
0.00857480 1
0.00675110 1
0.00692860 1
0.01082670 1
0.01273560 1
0.00904970 1
0.00632670 1
0.00699340 1
0.00756390 1
0.00985550 1
0.01374040 1
0.00817600 1
0.00708750 1
0.00910620 1
0.00929270 1
0.01122810 1
0.01624270 1
0.00903050 1
0.00927490 1
0.01245130 1
0.00869850 1
0.01097760 1
0.00838030 1
0.00633650 1
0.00697750 1
0.00723010 1
0.00622090 1
0.00658920 1
0.00625000 1
0.00603240 1
0.00605630 1
0.00604300 1
0.00692320 1
0.00595530 1
0.00769500 1
0.00700730 1
0.00618700 1
0.00692170 1
0.00705110 1
0.00628520 1
0.00795290 1
0.00697500 1
0.00626380 1
0.00658180 1
0.00707800 1
0.00823200 1
0.00929550 1
0.01207040 1
0.01136370 1
0.01191050 1
0.01252800 1
0.01193180 1
0.00674870 1
0.00986200 1
0.00950240 1
0.01001460 1
0.01054250 1
0.01076490 1
0.00905090 1
0.00980770 1
0.00773870 1
0.00907020 1
0.00946380 1
0.01095160 1
0.01047920 1
0.01049780 1
0.00877810 1
0.00681950 1
0.01031430 1
0.00881040 1
0.01080090 1
0.01220290 1
0.00900350 1
0.00892190 1
0.00683220 1
0.00803210 1
0.00993410 1
0.00870130 1
0.01027850 1
0.00721760 1
0.00913080 1
0.00721110 1
0.00764520 1
0.00830490 1
0.01075660 1
0.00920990 1
0.01356010 1
0.01255130 1
0.00782410 1
0.00848810 1
0.00861790 1
0.00812720 1
0.00979320 1
0.01127870 1
0.01016840 1
0.00994960 1
0.01196280 1
0.00751820 1
0.00853040 1
0.00859430 1
0.00786510 1
0.01042570 1
0.01140300 1
0.01033810 1
0.01103890 1
0.01130980 1
0.00807610 1
0.00837760 1
0.00900040 1
0.00768060 1
0.01108430 1
0.01264090 1
0.01077660 1
0.00937740 1
0.00952800 1
0.00799620 1
0.00868570 1
0.01117060 1
0.00962880 1
0.00880380 1
0.01156080 1
0.00890280 1
0.00806510 1
0.01022130 1
0.00869120 1
0.00855090 1
0.00900920 1
0.00616830 1
0.00659280 1
0.00652610 1
0.00617920 1
0.00698190 1
0.00620530 1
0.00820190 1
0.00807570 1
0.00713040 1
0.00732040 1
0.00822790 1
0.00949570 1
0.00994480 1
-
-
-
-
0.00686710 0
0.00806230 1
0.00772260 1
0.00815910 1
0.00756210 1
0.00564240 1
0.00707750 1
0.00860150 1
0.00533180 1
0.00509540 1
0.00839250 1
0.00536210 1
0.00424300 1
0.00392080 1
0.00398950 1
0.00569070 1
0.00566170 1
0.00597090 1
0.00596970 1
0.00454280 1
0.00486140 1
0.00637970 1
0.00550590 1
0.00456520 1
0.01033710 1
0.00408320 1
0.00585050 1
0.00923290 1
0.00505960 1
0.00484790 1
0.00449820 1
0.00464110 1
0.00580630 1
0.00441770 1
0.00505680 1
0.00667990 1
0.00592310 1
0.00470060 1
0.00394600 1
0.00546510 1
0.00520320 1
0.00522060 1
0.00764700 1
0.00792820 1
0.00505980 1
0.00492450 1
0.00449460 1
0.00981950 1
0.00766970 1
0.00489030 1
0.00579850 1
0.00775010 1
0.00638600 1
0.00486640 1
0.00573650 1
0.00427780 1
0.00595130 1
0.00568220 1
0.00460320 1
0.00711960 1
0.00491440 1
0.00415680 1
0.00486420 1
0.00508540 1
0.00443270 1
0.00453990 1
0.00510050 1
0.00433400 1
0.00426910 1
0.00548630 1
0.00404800 1
0.00387260 1
0.00390670 1
0.00401870 1
0.00412480 1
0.00619080 1
0.00409940 1
0.00378900 1
0.00380330 1
0.00383320 1
0.00424610 1
0.00497280 1
0.00419810 1
0.00413030 1
0.00521580 1
0.00382930 1
0.00453250 1
0.00488190 1
0.00419230 1
0.00423190 1
0.00542710 1
0.00403330 1
0.00471290 1
0.00493930 1
0.00404920 1
0.00426280 1
0.00513190 1
0.00384450 1
0.00540830 1
0.00525690 1
0.00486250 1
0.00432920 1
0.00428270 1
0.00397610 1
0.00444330 1
0.00406790 1
0.00523250 1
0.00488790 1
0.00495060 1
0.00391150 1
0.00372610 1
0.00381300 1
0.00500490 1
0.00475700 1
0.00477810 1
0.00378640 1
0.00373720 1
0.00417340 1
0.00456080 1
0.00412620 1
0.00445200 1
0.00396960 1
0.00477360 1
0.00390850 1
0.00400700 1
0.00439500 1
0.00435900 1
0.00451250 1
0.00408640 1
0.00414810 1
0.00383060 1
0.00415890 1
0.00382000 1
0.00500520 1
0.00402620 1
0.00485300 1
0.00382900 1
0.00454980 1
0.00398110 1
0.00490320 1
0.00418840 1
0.00439590 1
0.00403960 1
0.00426520 1
0.00566460 1
0.00452810 1
0.00573270 1
0.00557950 1
0.00379240 1
0.00648580 1
0.00448420 1
0.00398450 1
0.00675790 1
0.00403940 1
0.00503230 1
0.00480540 1
0.00570180 1
0.00407080 1
0.00582870 1
0.00438750 1
0.00557270 1
0.00393170 1
0.00414200 1
0.00378250 1
0.00656110 1
0.00482250 1
0.00383040 1
0.00652930 1
0.00401570 1
0.00487080 1
0.00665300 1
0.00393020 1
0.00530580 1
0.00571690 1
0.00497450 1
0.00392380 1
0.00618940 1
0.00409270 1
0.00378720 1
0.00513800 1
0.00389130 1
0.00405250 1
0.00520910 1
0.00496510 1
0.00473120 1
0.00625690 1
0.00460480 1
0.00528450 1
0.00497060 1
0.00411410 1
0.00410990 1
0.00610280 1
0.00405840 1
0.00502810 1
0.00366530 1
0.00505650 1
0.00381320 1
0.00455850 1
0.00378860 1
0.00500940 1
0.00392860 1
0.00409540 1
0.00401240 1
0.00368760 1
0.00378580 1
0.00389770 1
0.00384680 1
0.00377740 1
0.00506520 1
0.00387590 1
0.00483600 1
0.00405920 1
0.00580160 1
0.00406130 1
0.00520620 1
0.00512540 1
0.00470690 1
0.00412050 1
0.00572200 1
0.00396760 1
0.00513190 1
0.00497540 1
0.00511630 1
0.00404150 1
0.00575410 1
0.00377620 1
0.00535170 1
0.00510070 1
0.00483240 1
0.00412220 1
0.00593090 1
0.00364650 1
0.00502690 1
0.00509650 1
0.00510780 1
0.00404980 1
0.00604460 1
0.00389520 1
0.00500100 1
