0.00305770
0.00297230
0.00220250
0.00190020
0.00237770
0.00194540
0.00308370
0.00203410
0.00217940
0.00315090
0.00320160
0.00194090
0.00200080
0.00226640
0.00280920
0.00205210
0.00203410
0.00188590
0.00202550
0.00190460
0.00222780
0.00283710
0.00199790
0.00192850
0.00193320
0.00196310
0.00186880
0.00227900
0.00217920
0.00190700
0.00199360
0.00192880
0.00189610
0.00194180
0.00189970
0.00191630
0.00213260
0.00189710
0.00229490
0.00305590
0.00196340
0.00197070
0.00196750
0.00188780
0.00230230
0.00223880
0.00270170
0.00218990
0.00229660
0.00225600
0.00295200
0.00210480
0.00194740
0.00192820
0.00202830
0.00210430
0.00208420
0.00189040
0.00205640
0.00187910
0.00191190
0.00192550
0.00222390
0.00237550
0.00296790
0.00209480
0.00203720
0.00258450
0.00208360
0.00285940
0.00237220
0.00285400
0.00220200
0.00202070
0.00243010
0.00288520
0.00215220
0.00213860
0.00200660
0.00218430
0.00207070
0.00277540
0.00269770
0.00214680
0.00216950
0.00226170
0.00209930
0.00203610
0.00218680
0.00203090
0.00192850
0.00200360
0.00201500
0.00203080
0.00212210
0.00238630
0.00297210
0.00204550
0.00216580
0.00244370
0.00299290
0.00225350
0.00199510
0.00199950
0.00206720
0.00198830
0.00266880
0.00261420
0.00197270
0.00215330
0.00304520
0.00202160
0.00196790
0.00197590
0.00197750
0.00196190
0.00206700
0.00200290
0.00211000
0.00196780
0.00237100
0.00286210
0.00202830
0.00207620
0.00216300
0.01405240
0.00214470
0.00254630
0.00339330
0.00318210
0.00242540
0.00292950
0.00272140
0.00242530
0.00340020
0.00737340
0.00219810
0.00209840
0.00205390
0.00201420
0.00213280
0.00420280
0.00251270
0.00207420
0.00212270
0.00237070
0.00287970
0.00251970
0.00241000
0.00216300
0.00205550
0.00212510
0.00580970
0.00952880
0.00815400
0.00389520
0.00252240
0.00234810
0.00274780
0.00240810
0.00354440
0.00549100
0.00233370
0.00225160
0.00258740
0.00280100
0.00220000
0.00209920
0.00195450
0.00192750
0.00217270
0.00273870
0.00194120
0.00184410
0.00182130
0.00195510
0.00189660
0.00220870
0.00271510
0.00194970
0.00193530
0.00231630
0.00197450
0.00190500
0.00213980
0.00284310
0.00200300
0.00208700
0.00190780
0.00189440
0.00222820
0.00197300
0.00190640
0.00209980
0.00195000
0.00190550
0.00193880
0.00190030
0.00187680
0.00194970
0.00225950
0.00190260
0.00230220
0.00297810
0.00192330
0.00194600
0.00197150
0.00190670
0.00190140
0.00189890
0.00273780
0.00203710
0.00194200
0.00208720
0.00225620
0.00206320
0.00208140
0.00332330
0.00225930
0.00204940
0.00210360
0.00233910
0.00215800
0.00202660
0.00284460
0.00217470
0.00231870
0.00294200
0.00338920
0.00239710
0.00204680
0.00202960
0.00217480
0.00206990
0.00209100
0.00217190
0.00200890
0.00196890
0.00200570
0.00202080
0.00200740
0.00200910
0.00334770
0.00211480
0.00201280
0.00199720
0.00203950
0.00203350
0.00204040
0.00212350
0.00203620
0.00224410
0.00236540
0.00298730
0.00229670
0.00239610
0.00193160
0.00195960
0.00190950
0.00187550
0.00208840
0.00202250
0.00189970
0.00187890
0.00195200
0.00187360
0.00188660
0.00320510
0.00199310
0.00188370
0.00231100
0.00279560
0.00196920
0.00191050
0.00192870
0.00191610
0.00201950
0.00223080
0.00265890
0.00208610
0.00189470
0.00193200
0.00188480
0.00189820
0.00189670
0.00209350
0.00192470
0.00188730
0.00191670
0.00215110
0.00191810
0.00192550
0.00190050
0.00190030
0.00201810
0.00221770
0.00277160
0.00199720
0.00188820
0.00191190
0.00193850
0.00191090
0.00228380
0.00270290
0.00203580
0.00187900
0.00230520
0.00270790
0.00206570
0.00000000
0.00000000
0.00000000
0.00000000
0.00784990
0.01006510
0.00961820
0.00961130
0.01035310
0.00998230
0.01088080
0.01137450
0.01100250
0.00961020
0.00960540
0.00974550
0.00969390
0.00947240
0.00936820
0.00942730
0.01119990
0.00943770
0.00908260
0.00947750
0.00942310
0.00918740
0.00946200
0.01027120
0.00984610
0.00991300
0.01039960
0.00946510
0.00994340
0.01069340
0.00996410
0.01101010
0.01060570
0.00954420
0.01003500
0.01066250
0.00990110
0.01076630
0.01390790
0.01209810
0.01150010
0.01405430
0.01022100
0.01026910
0.00000000
0.00000000
0.00000000
0.00000000
0.01124940
0.01598700
0.01465200
0.01036360
0.01077130
0.00947480
0.01271830
0.01054290
0.01021980
0.01072450
0.00913550
0.01132620
0.01314170
0.01158660
0.01229000
0.01296770
0.01428520
0.01421260
0.01092100
0.00939460
0.01035750
0.01062640
0.00830760
0.00966910
0.00850360
0.00854340
0.01043580
0.00916370
0.01008360
0.00883630
0.00792150
0.00865940
0.00938200
0.01023240
0.00798530
0.00796850
0.00930650
0.00876890
0.00911300
