0.00305770 0
0.00297230 1
0.00220250 1
0.00190020 1
0.00237770 1
0.00194540 1
0.00308370 1
0.00203410 1
0.00217940 1
0.00315090 1
0.00320160 1
0.00194090 1
0.00200080 1
0.00226640 1
0.00280920 1
0.00205210 1
0.00203410 1
0.00188590 1
0.00202550 1
0.00190460 1
0.00222780 1
0.00283710 1
0.00199790 1
0.00192850 1
0.00193320 1
0.00196310 1
0.00186880 1
0.00227900 1
0.00217920 1
0.00190700 1
0.00199360 1
0.00192880 1
0.00189610 1
0.00194180 1
0.00189970 1
0.00191630 1
0.00213260 1
0.00189710 1
0.00229490 1
0.00305590 1
0.00196340 1
0.00197070 1
0.00196750 1
0.00188780 1
0.00230230 1
0.00223880 1
0.00270170 1
0.00218990 1
0.00229660 1
0.00225600 1
0.00295200 1
0.00210480 1
0.00194740 1
0.00192820 1
0.00202830 1
0.00210430 1
0.00208420 1
0.00189040 1
0.00205640 1
0.00187910 1
0.00191190 1
0.00192550 1
0.00222390 1
0.00237550 1
0.00296790 1
0.00209480 1
0.00203720 1
0.00258450 1
0.00208360 1
0.00285940 1
0.00237220 1
0.00285400 1
0.00220200 1
0.00202070 1
0.00243010 1
0.00288520 1
0.00215220 1
0.00213860 1
0.00200660 1
0.00218430 1
0.00207070 1
0.00277540 1
0.00269770 1
0.00214680 1
0.00216950 1
0.00226170 1
0.00209930 1
0.00203610 1
0.00218680 1
0.00203090 1
0.00192850 1
0.00200360 1
0.00201500 1
0.00203080 1
0.00212210 1
0.00238630 1
0.00297210 1
0.00204550 1
0.00216580 1
0.00244370 1
0.00299290 1
0.00225350 1
0.00199510 1
0.00199950 1
0.00206720 1
0.00198830 1
0.00266880 1
0.00261420 1
0.00197270 1
0.00215330 1
0.00304520 1
0.00202160 1
0.00196790 1
0.00197590 1
0.00197750 1
0.00196190 1
0.00206700 1
0.00200290 1
0.00211000 1
0.00196780 1
0.00237100 1
0.00286210 1
0.00202830 1
0.00207620 1
0.00216300 1
0.01405240 1
0.00214470 1
0.00254630 1
0.00339330 1
0.00318210 1
0.00242540 1
0.00292950 1
0.00272140 1
0.00242530 1
0.00340020 1
0.00737340 1
0.00219810 1
0.00209840 1
0.00205390 1
0.00201420 1
0.00213280 1
0.00420280 1
0.00251270 1
0.00207420 1
0.00212270 1
0.00237070 1
0.00287970 1
0.00251970 1
0.00241000 1
0.00216300 1
0.00205550 1
0.00212510 1
0.00580970 1
0.00952880 1
0.00815400 1
0.00389520 1
0.00252240 1
0.00234810 1
0.00274780 1
0.00240810 1
0.00354440 1
0.00549100 1
0.00233370 1
0.00225160 1
0.00258740 1
0.00280100 1
0.00220000 1
0.00209920 1
0.00195450 1
0.00192750 1
0.00217270 1
0.00273870 1
0.00194120 1
0.00184410 1
0.00182130 1
0.00195510 1
0.00189660 1
0.00220870 1
0.00271510 1
0.00194970 1
0.00193530 1
0.00231630 1
0.00197450 1
0.00190500 1
0.00213980 1
0.00284310 1
0.00200300 1
0.00208700 1
0.00190780 1
0.00189440 1
0.00222820 1
0.00197300 1
0.00190640 1
0.00209980 1
0.00195000 1
0.00190550 1
0.00193880 1
0.00190030 1
0.00187680 1
0.00194970 1
0.00225950 1
0.00190260 1
0.00230220 1
0.00297810 1
0.00192330 1
0.00194600 1
0.00197150 1
0.00190670 1
0.00190140 1
0.00189890 1
0.00273780 1
0.00203710 1
0.00194200 1
0.00208720 1
0.00225620 1
0.00206320 1
0.00208140 1
0.00332330 1
0.00225930 1
0.00204940 1
0.00210360 1
0.00233910 1
0.00215800 1
0.00202660 1
0.00284460 1
0.00217470 1
0.00231870 1
0.00294200 1
0.00338920 1
0.00239710 1
0.00204680 1
0.00202960 1
0.00217480 1
0.00206990 1
0.00209100 1
0.00217190 1
0.00200890 1
0.00196890 1
0.00200570 1
0.00202080 1
0.00200740 1
0.00200910 1
0.00334770 1
0.00211480 1
0.00201280 1
0.00199720 1
0.00203950 1
0.00203350 1
0.00204040 1
0.00212350 1
0.00203620 1
0.00224410 1
0.00236540 1
0.00298730 1
0.00229670 1
0.00239610 1
0.00193160 1
0.00195960 1
0.00190950 1
0.00187550 1
0.00208840 1
0.00202250 1
0.00189970 1
0.00187890 1
0.00195200 1
0.00187360 1
0.00188660 1
0.00320510 1
0.00199310 1
0.00188370 1
0.00231100 1
0.00279560 1
0.00196920 1
0.00191050 1
0.00192870 1
0.00191610 1
0.00201950 1
0.00223080 1
0.00265890 1
0.00208610 1
0.00189470 1
0.00193200 1
0.00188480 1
0.00189820 1
0.00189670 1
0.00209350 1
0.00192470 1
0.00188730 1
0.00191670 1
0.00215110 1
0.00191810 1
0.00192550 1
0.00190050 1
0.00190030 1
0.00201810 1
0.00221770 1
0.00277160 1
0.00199720 1
0.00188820 1
0.00191190 1
0.00193850 1
0.00191090 1
0.00228380 1
0.00270290 1
0.00203580 1
0.00187900 1
0.00230520 1
0.00270790 1
0.00206570 1
-
-
-
-
0.00784990 0
0.01006510 1
0.00961820 1
0.00961130 1
0.01035310 1
0.00998230 1
0.01088080 1
0.01137450 1
0.01100250 1
0.00961020 1
0.00960540 1
0.00974550 1
0.00969390 1
0.00947240 1
0.00936820 1
0.00942730 1
0.01119990 1
0.00943770 1
0.00908260 1
0.00947750 1
0.00942310 1
0.00918740 1
0.00946200 1
0.01027120 1
0.00984610 1
0.00991300 1
0.01039960 1
0.00946510 1
0.00994340 1
0.01069340 1
0.00996410 1
0.01101010 1
0.01060570 1
0.00954420 1
0.01003500 1
0.01066250 1
0.00990110 1
0.01076630 1
0.01390790 1
0.01209810 1
0.01150010 1
0.01405430 1
0.01022100 1
0.01026910 1
-
-
-
-
0.01124940 0
0.01598700 1
0.01465200 1
0.01036360 1
0.01077130 1
0.00947480 1
0.01271830 1
0.01054290 1
0.01021980 1
0.01072450 1
0.00913550 1
0.01132620 1
0.01314170 1
0.01158660 1
0.01229000 1
0.01296770 1
0.01428520 1
0.01421260 1
0.01092100 1
0.00939460 1
0.01035750 1
0.01062640 1
0.00830760 1
0.00966910 1
0.00850360 1
0.00854340 1
0.01043580 1
0.00916370 1
0.01008360 1
0.00883630 1
0.00792150 1
0.00865940 1
0.00938200 1
0.01023240 1
0.00798530 1
0.00796850 1
0.00930650 1
0.00876890 1
0.00911300 1
