0.00002880
0.00500040
0.00308740
0.00591390
0.00396170
0.00411510
0.00458670
0.00344300
0.00416900
0.00305590
0.00338900
0.00319390
0.00311710
0.00308220
0.00371570
0.00302960
0.00294220
0.00314420
0.00299590
0.00327540
0.00299760
0.00305020
0.00290170
0.00291560
0.00301220
0.00348000
0.00304130
0.00303400
0.00289920
0.00305320
0.00311260
0.00313220
0.00309590
0.00303650
0.00000000
0.00000000
0.00000000
0.00000000
0.00011220
0.00304320
0.00322710
0.00325740
0.00358510
0.00305640
0.00354990
0.00302090
0.00360350
0.00311300
0.00347280
0.00310940
0.00355290
0.00424340
0.00375880
0.00339070
0.00372030
0.00331800
0.00378900
0.00361370
0.00373970
0.00395590
0.00400020
0.00481720
0.00640990
0.00336170
0.00389460
0.00350870
0.00362590
0.00331660
0.00365900
0.00321470
0.00360130
0.00315710
0.00352810
0.00316290
0.00347090
0.00000000
0.00000000
0.00000000
0.00000000
0.00012460
0.00046430
0.00053820
0.00050350
0.00053130
0.00050050
0.00051410
0.00052870
0.00049780
0.00052740
0.00055180
0.00000000
0.00000000
0.00000000
0.00000000
0.00010380
0.00052100
0.00042660
0.00044290
0.00077940
0.00049880
0.00056510
0.00041170
0.00044330
0.00044420
0.00040860
0.00041230
0.00044990
0.00046920
0.00044390
0.00040460
0.00048550
0.00000000
0.00000000
0.00000000
0.00000000
0.00020700
0.00042730
0.00029560
0.00025500
0.00030720
0.00028960
0.00028890
0.00025800
0.00027040
0.00028710
0.00029800
0.00028830
0.00025510
0.00025510
0.00025630
0.00028940
0.00028920
0.00027020
0.00036840
0.00031230
0.00027640
0.00042900
0.00033090
0.00041190
0.00031320
0.00029430
0.00050500
0.00031020
0.00028910
0.00000000
0.00000000
0.00000000
0.00000000
0.00011860
0.00242780
0.00125800
0.00123720
0.00153960
0.00171230
0.00152220
0.00122900
0.00153490
0.00105460
0.00140670
0.00110590
0.00140700
0.00105430
0.00143770
0.00105760
0.00139550
0.00105820
0.00000000
0.00000000
0.00000000
0.00000000
0.00023790
0.00118750
0.00126910
0.00116650
0.00119860
0.00171100
0.00175730
0.00138550
0.00123040
0.00130360
0.00155790
0.00155350
0.00137940
0.00151240
0.00148430
0.00157470
0.00171760
0.00162200
0.00173490
0.00146370
0.00165850
0.00147860
0.00000000
0.00000000
0.00000000
0.00000000
0.00027140
0.00127140
0.00098790
0.00094050
0.00092140
0.00135940
0.00099860
0.00107300
0.00100070
0.00225950
0.00000000
0.00000000
0.00000000
0.00000000
0.00017120
0.00118190
0.00110890
0.00115000
0.00132010
0.00117220
0.00127800
0.00120600
0.00134560
0.00164460
0.00150210
0.00153660
0.00130030
0.00205360
0.00175740
0.00178800
0.00148380
0.00150770
0.00151880
0.00142890
0.00124930
0.00130990
0.00150230
0.00158860
0.00124220
0.00112990
0.00115120
0.00109280
0.00111500
0.00116050
0.00114530
0.00117090
0.00000000
0.00000000
0.00000000
0.00000000
0.00007820
0.00075210
0.00061630
0.00057760
0.00054080
0.00057690
0.00062190
0.00067960
0.00069290
0.00097510
0.00063720
0.00057660
0.00059210
0.00122390
0.00059260
0.00057560
0.00098320
0.00000000
0.00000000
0.00000000
0.00000000
0.00013160
0.00145330
0.00213840
0.00126010
0.00135100
0.00117080
0.00146740
0.00216190
0.00127070
0.00116300
0.00119190
0.00141980
0.00134300
0.00120840
0.00131280
0.00118030
0.00124580
0.00122140
0.00116580
0.00115000
0.00111520
0.00112460
0.00114900
0.00110710
0.00113260
0.00124190
0.00245760
0.00000000
0.00000000
0.00000000
0.00000000
0.00013300
0.00215220
0.00184690
0.00183160
0.00145970
0.00144630
0.00139960
0.00159920
0.00218040
0.00157790
0.00144320
0.00143150
