1
263.00,119.00,113.00,81.74
262.00,120.00,113.00,81.74
260.00,121.00,113.00,81.74
258.00,122.00,113.00,81.74
257.00,123.00,113.00,81.74
255.00,123.00,113.00,81.74
254.00,124.00,113.00,81.74
253.00,124.00,113.00,81.74
252.00,124.00,113.00,81.74
252.00,124.00,113.00,81.74
252.00,124.00,113.00,81.74
252.00,124.00,113.00,81.74
252.00,124.00,113.00,81.74
252.00,124.00,113.00,81.74
252.00,124.00,113.00,81.74
252.00,124.00,113.00,81.74
252.00,124.00,113.00,81.74
252.00,124.00,113.00,81.74
252.00,124.00,113.00,81.74
251.00,123.00,113.00,81.74
252.00,124.00,113.00,81.74
251.00,123.00,113.00,81.74
251.00,123.00,113.00,81.74
252.00,123.00,113.00,81.74
249.00,123.00,113.00,81.74
248.00,123.00,113.00,81.74
246.00,123.00,113.00,81.74
244.00,122.00,113.00,81.74
241.00,120.00,113.00,81.74
238.00,119.00,113.00,81.74
236.00,117.00,113.00,81.74
233.00,116.00,113.00,81.74
2
0
0
0
0
1
349.00,140.00,118.94,94.90
347.00,140.00,118.94,94.90
344.00,139.00,118.94,94.90
342.00,138.00,118.94,94.90
340.00,138.00,118.94,94.90
339.00,138.00,118.94,94.90
337.00,138.00,118.94,94.90
336.00,138.00,118.94,94.90
334.00,138.00,118.94,94.90
332.00,138.00,118.94,94.90
331.00,138.00,118.94,94.90
329.00,138.00,118.94,94.90
329.00,138.00,118.94,94.90
327.00,138.00,118.94,94.90
326.00,138.00,118.94,94.90
325.00,136.00,118.94,94.90
323.00,135.00,118.94,94.90
321.00,133.00,118.94,94.90
319.00,131.00,118.94,94.90
315.00,128.00,118.94,94.90
313.00,126.00,118.94,94.90
309.00,122.00,118.94,94.90
306.00,119.00,118.94,94.90
301.00,115.00,118.94,94.90
297.00,112.00,118.94,94.90
292.00,108.00,118.94,94.90
288.00,105.00,118.94,94.90
284.00,102.00,118.94,94.90
279.00,99.00,118.94,94.90
276.00,97.00,118.94,94.90
271.00,95.00,118.94,94.90
268.00,94.00,118.94,94.90
264.00,93.00,118.94,94.90
259.00,92.00,118.94,94.90
255.00,92.00,118.94,94.90
2
0
0
0
0
1
358.00,141.00,25.00,47.00
354.00,139.00,25.00,47.00
353.00,137.00,25.00,47.00
351.00,134.00,25.00,47.00
347.00,128.00,25.00,47.00
346.00,126.00,25.00,47.00
344.00,125.00,25.00,47.00
343.00,126.00,25.00,47.00
341.00,126.00,25.00,47.00
2
0
0
0
0
1
342.00,129.00,21.00,46.00
342.00,130.00,21.00,46.00
341.00,131.00,21.00,46.00
341.00,131.00,21.00,46.00
340.00,132.00,21.00,46.00
339.00,133.00,21.00,46.00
338.00,134.00,21.00,46.00
337.00,135.00,21.00,46.00
337.00,136.00,21.00,46.00
336.00,137.00,21.00,46.00
339.00,141.00,21.00,46.00
339.00,143.00,21.00,46.00
339.00,144.00,21.00,46.00
339.00,145.00,21.00,46.00
346.00,161.00,21.00,46.00
2
0
0
0
0
1
329.00,138.00,21.00,33.00
329.00,138.00,21.00,33.00
329.00,137.00,21.00,33.00
329.00,138.00,21.00,33.00
329.00,138.00,21.00,33.00
329.00,139.00,21.00,33.00
329.00,140.00,21.00,33.00
330.00,139.00,21.00,33.00
330.00,140.00,21.00,33.00
330.00,139.00,21.00,33.00
329.00,140.00,21.00,33.00
327.00,140.00,21.00,33.00
325.00,141.00,21.00,33.00
322.00,144.00,21.00,33.00
318.00,148.00,21.00,33.00
315.00,151.00,21.00,33.00
313.00,152.00,21.00,33.00
311.00,153.00,21.00,33.00
310.00,154.00,21.00,33.00
310.00,155.00,21.00,33.00
309.00,155.00,21.00,33.00
310.00,156.00,21.00,33.00
311.00,156.00,21.00,33.00
309.00,156.00,21.00,33.00
306.00,156.00,21.00,33.00
303.00,152.00,21.00,33.00
320.00,168.00,21.00,33.00
2
0
0
0
0
1
304.00,140.00,67.00,32.00
304.00,141.00,67.00,32.00
304.00,142.00,67.00,32.00
306.00,143.00,67.00,32.00
308.00,144.00,67.00,32.00
309.00,145.00,67.00,32.00
311.00,144.00,67.00,32.00
311.00,142.00,67.00,32.00
310.00,144.00,67.00,32.00
309.00,146.00,67.00,32.00
309.00,146.00,67.00,32.00
308.00,147.00,67.00,32.00
307.00,148.00,67.00,32.00
306.00,150.00,67.00,32.00
287.00,173.00,67.00,32.00
286.00,175.00,67.00,32.00
2
0
0
0
0
1
314.00,126.00,72.44,45.48
314.00,126.00,72.44,45.48
314.00,126.00,72.44,45.48
314.00,126.00,72.44,45.48
314.00,126.00,72.44,45.48
314.00,127.00,72.44,45.48
314.00,127.00,72.44,45.48
314.00,127.00,72.44,45.48
314.00,127.00,72.44,45.48
314.00,128.00,72.44,45.48
314.00,128.00,72.44,45.48
314.00,128.00,72.44,45.48
313.00,128.00,72.44,45.48
313.00,128.00,72.44,45.48
312.00,128.00,72.44,45.48
313.00,128.00,72.44,45.48
312.00,127.00,72.44,45.48
312.00,127.00,72.44,45.48
312.00,127.00,72.44,45.48
311.00,127.00,72.44,45.48
2
0
0
0
0
1
399.00,99.00,70.00,25.00
398.00,99.00,70.00,25.00
396.00,99.00,70.00,25.00
380.00,87.00,70.00,25.00
377.00,89.00,70.00,25.00
373.00,91.00,70.00,25.00
368.00,93.00,70.00,25.00
362.00,96.00,70.00,25.00
2
0
0
0
0
1
409.00,98.00,71.52,44.20
408.00,99.00,71.52,44.20
406.00,101.00,71.52,44.20
416.00,102.00,71.52,44.20
415.00,103.00,71.52,44.20
416.00,104.00,71.52,44.20
417.00,106.00,71.52,44.20
416.00,108.00,71.52,44.20
420.00,109.00,71.52,44.20
419.00,110.00,71.52,44.20
398.00,110.00,71.52,44.20
397.00,111.00,71.52,44.20
431.00,81.00,71.52,44.20
455.00,105.00,71.52,44.20
455.00,105.00,71.52,44.20
457.00,105.00,71.52,44.20
429.00,87.00,71.52,44.20
429.00,87.00,71.52,44.20
428.00,89.00,71.52,44.20
428.00,89.00,71.52,44.20
428.00,90.00,71.52,44.20
427.00,89.00,71.52,44.20
423.00,90.00,71.52,44.20
387.00,121.00,71.52,44.20
380.00,129.00,71.52,44.20
378.00,130.00,71.52,44.20
377.00,132.00,71.52,44.20
377.00,134.00,71.52,44.20
377.00,137.00,71.52,44.20
375.00,140.00,71.52,44.20
2
0
0
0
0
1
452.00,133.00,37.17,53.14
450.00,135.00,37.17,53.14
448.00,136.00,37.17,53.14
448.00,138.00,37.17,53.14
448.00,139.00,37.17,53.14
446.00,136.00,37.17,53.14
442.00,130.00,37.17,53.14
441.00,129.00,37.17,53.14
442.00,131.00,37.17,53.14
442.00,138.00,37.17,53.14
441.00,139.00,37.17,53.14
432.00,165.00,37.17,53.14
439.00,180.00,37.17,53.14
440.00,180.00,37.17,53.14
441.00,179.00,37.17,53.14
2
0
0
0
0
1
418.00,159.00,48.68,72.30
418.00,158.00,48.68,72.30
417.00,158.00,48.68,72.30
417.00,158.00,48.68,72.30
404.00,151.00,48.68,72.30
403.00,150.00,48.68,72.30
401.00,147.00,48.68,72.30
400.00,146.00,48.68,72.30
403.00,146.00,48.68,72.30
397.00,143.00,48.68,72.30
397.00,143.00,48.68,72.30
390.00,142.00,48.68,72.30
386.00,141.00,48.68,72.30
385.00,141.00,48.68,72.30
384.00,140.00,48.68,72.30
383.00,140.00,48.68,72.30
383.00,140.00,48.68,72.30
382.00,139.00,48.68,72.30
382.00,139.00,48.68,72.30
382.00,139.00,48.68,72.30
370.00,137.00,48.68,72.30
370.00,136.00,48.68,72.30
369.00,136.00,48.68,72.30
418.00,158.00,48.68,72.30
418.00,159.00,48.68,72.30
2
0
0
0
0
1
368.00,187.00,73.50,85.14
369.00,186.00,73.50,85.14
370.00,185.00,73.50,85.14
372.00,184.00,73.50,85.14
373.00,182.00,73.50,85.14
374.00,181.00,73.50,85.14
374.00,180.00,73.50,85.14
374.00,178.00,73.50,85.14
374.00,177.00,73.50,85.14
374.00,176.00,73.50,85.14
374.00,175.00,73.50,85.14
