0.00404930 0
0.00234500 1
0.00181940 1
0.00149580 1
0.00147850 1
0.00123190 1
0.00292790 1
0.00183050 1
0.00142820 1
0.00158770 1
0.00139380 1
0.00328370 1
0.00142540 1
0.00145590 1
0.00150340 1
0.00156130 1
0.00143040 1
0.00138380 1
0.00140880 1
0.00153140 1
0.00141690 1
0.00188740 1
0.00133290 1
0.00127190 1
0.00162120 1
0.00134080 1
0.00152250 1
0.00119610 1
0.00112220 1
0.00126710 1
0.00116160 1
0.00111890 1
0.00117230 1
0.00129160 1
0.00114950 1
0.00127840 1
0.00120260 1
0.00119350 1
0.00115580 1
0.00117190 1
0.00114760 1
0.00124310 1
0.00116770 1
0.00109870 1
0.00146100 1
0.00125650 1
0.00109940 1
0.00129540 1
0.00129720 1
0.00120660 1
0.00113880 1
0.00114020 1
0.00116530 1
0.00130340 1
0.00131530 1
0.00118280 1
0.00113680 1
0.00124860 1
0.00116860 1
0.00118140 1
0.00130170 1
0.00143730 1
0.00113560 1
0.00113830 1
0.00124750 1
0.00113620 1
0.00121640 1
0.00113200 1
0.00113500 1
0.00124170 1
0.00111050 1
0.00117470 1
0.00138940 1
0.00168470 1
0.00132140 1
0.00131420 1
0.00120590 1
0.00192770 1
0.00156190 1
0.00194230 1
0.00129340 1
0.00129730 1
0.00146230 1
0.00125970 1
0.00259460 1
0.00125690 1
0.00158670 1
0.00144490 1
0.00121580 1
0.00212920 1
0.00135560 1
0.00163700 1
0.00129320 1
0.00129340 1
0.00192980 1
0.00139740 1
0.00176410 1
0.00121890 1
0.00170850 1
0.00133910 1
0.00145530 1
0.00136010 1
0.00135790 1
0.00189730 1
0.00126950 1
0.00133360 1
0.00156450 1
0.00180720 1
0.00173260 1
0.00127590 1
0.00153400 1
0.00166380 1
0.00145610 1
0.00125610 1
0.00184770 1
0.00124050 1
0.00185120 1
0.00194830 1
0.00127210 1
0.00172100 1
0.00136760 1
0.00325400 1
0.00200540 1
0.00139630 1
0.00120230 1
0.00123550 1
0.00233300 1
0.00168420 1
0.00127010 1
0.00125870 1
0.00124340 1
0.00138270 1
0.00172890 1
0.00207490 1
0.00137290 1
0.00130100 1
0.00128700 1
0.00226250 1
0.00138830 1
0.00122340 1
0.00128000 1
0.00133940 1
0.00124600 1
0.00141070 1
0.00136160 1
0.00131600 1
0.00127390 1
0.00128310 1
0.00134640 1
0.00146740 1
0.00134240 1
0.00140000 1
0.00131340 1
0.00130910 1
0.00123470 1
0.00138920 1
0.00136130 1
0.00128050 1
0.00128130 1
0.00144430 1
0.00159900 1
0.00135120 1
0.00139460 1
0.00141110 1
0.00131180 1
0.00132280 1
0.00142180 1
0.00130620 1
0.00136160 1
0.00122240 1
0.00147550 1
0.00133690 1
0.00127460 1
0.00150530 1
0.00123720 1
0.00129980 1
0.00123690 1
0.00130220 1
0.00149960 1
0.00127260 1
0.00127620 1
0.00143870 1
0.00124900 1
0.00182050 1
0.00145970 1
0.00129050 1
0.00199880 1
0.00148200 1
0.00164450 1
0.00588490 1
0.00150720 1
0.00407430 1
0.00151840 1
0.00155920 1
0.00757830 1
0.00434590 1
0.00256320 1
-
-
-
-
0.00987540 0
0.00338490 1
0.00245260 1
0.00255750 1
0.00454460 1
0.00250170 1
0.00262920 1
0.00426480 1
0.00242950 1
0.00259490 1
0.00580440 1
0.00273100 1
0.00265420 1
0.00577520 1
0.00273670 1
0.00246830 1
0.00276080 1
0.00357900 1
0.00229960 1
0.00245900 1
0.00588470 1
0.00262600 1
0.00264650 1
0.00512360 1
0.00300510 1
0.00291600 1
0.00325990 1
0.00403670 1
0.00293420 1
0.00705340 1
0.00367590 1
0.00274850 1
0.00481150 1
0.00323420 1
0.00707140 1
0.00284110 1
0.00254500 1
0.00424160 1
0.00337630 1
0.00307900 1
0.00671320 1
0.00282190 1
0.00267700 1
0.00613290 1
0.00303600 1
0.00441880 1
0.00316200 1
0.00292060 1
0.00468340 1
0.00381130 1
0.00264330 1
0.00530380 1
0.00317990 1
0.00307410 1
0.00985140 1
0.00266050 1
0.00382990 1
0.00252030 1
0.00265650 1
0.00548980 1
0.00271550 1
0.00294390 1
0.00399160 1
0.00337110 1
0.00278410 1
0.00284080 1
0.00300520 1
0.00347590 1
0.00574570 1
0.00279790 1
0.00258480 1
0.00576760 1
0.00289690 1
0.00297810 1
0.00732090 1
0.00291050 1
0.00288210 1
0.00381500 1
0.00287340 1
0.00825910 1
0.00298550 1
0.00450360 1
0.00346530 1
0.00445610 1
0.00294690 1
0.00266320 1
0.00683710 1
0.00268340 1
0.00253850 1
0.00655400 1
0.00272050 1
0.00252140 1
0.00499600 1
0.00262000 1
0.00261670 1
0.00558390 1
0.00254050 1
0.00267140 1
0.00463120 1
0.00278710 1
0.00268990 1
0.00252950 1
0.00435630 1
0.00263870 1
0.00237670 1
0.00491550 1
0.00270180 1
-
-
-
-
0.01243560 0
0.00368750 1
0.00349040 1
0.00552240 1
0.00345990 1
0.00518960 1
0.00461590 1
0.00363630 1
0.00640480 1
0.00369300 1
0.00355980 1
0.00643390 1
0.00377790 1
0.00670920 1
0.00416020 1
0.00341650 1
0.00736620 1
0.00643330 1
0.00417200 1
0.00584290 1
0.00985470 1
0.00458840 1
0.00488330 1
0.00400560 1
0.00411410 1
0.00426540 1
0.00503230 1
0.00598530 1
0.00464110 1
0.00411870 1
0.00445960 1
0.00379270 1
0.00404900 1
0.00488360 1
0.00338120 1
0.00337240 1
0.00339160 1
0.00343700 1
0.00352640 1
0.00369760 1
0.00366660 1
0.00333130 1
0.00321440 1
0.00407090 1
0.00418230 1
0.00366630 1
0.00325430 1
0.00258350 1
0.00299970 1
0.00257380 1
0.00313460 1
0.00261300 1
0.00325590 1
0.00366000 1
0.00458160 1
0.00389240 1
0.00345160 1
0.00304850 1
0.00307550 1
0.00392310 1
0.00300590 1
0.00314580 1
0.00284740 1
0.00369140 1
0.00304670 1
0.00300030 1
0.00355710 1
0.00293970 1
0.00244440 1
0.00293570 1
0.00274820 1
0.00293030 1
0.00242170 1
0.00284260 1
0.00249670 1
0.00306190 1
0.00299730 1
0.00280120 1
0.00313530 1
0.00303510 1
0.00313170 1
0.00318650 1
0.00323220 1
0.00305920 1
0.00304740 1
0.00312690 1
0.00306280 1
0.00308010 1
0.00384800 1
0.00312120 1
0.00242440 1
0.00256200 1
0.00419130 1
0.00255800 1
0.00241410 1
0.00254780 1
0.00334840 1
0.00239270 1
0.00239970 1
0.00260090 1
0.00305970 1
0.00242630 1
0.00237230 1
0.00247300 1
0.00324210 1
0.00235860 1
0.00251450 1
0.00308800 1
0.00303510 1
0.00241090 1
0.00254610 1
0.00330310 1
0.00315430 1
0.00233510 1
0.00258390 1
0.00353930 1
0.00322100 1
0.00238100 1
0.00248110 1
0.00309330 1
0.00279930 1
0.00236030 1
0.00261430 1
0.00324200 1
0.00296090 1
0.00237810 1
0.00255670 1
0.00326210 1
0.00274680 1
0.00235060 1
0.00248860 1
0.00321960 1
0.00293830 1
0.00234020 1
0.00253600 1
0.00318730 1
0.00245850 1
0.00233400 1
0.00251220 1
0.00282300 1
0.00259960 1
0.00233100 1
0.00255370 1
0.00284840 1
0.00277060 1
0.00233520 1
0.00245160 1
0.00286770 1
0.00259130 1
0.00242220 1
0.00305780 1
0.00286660 1
0.00237610 1
0.00252620 1
0.00310340 1
0.00289880 1
0.00257850 1
0.00245810 1
0.00307990 1
0.00292340 1
0.00242500 1
0.00253910 1
0.00296460 1
0.00274280 1
0.00242430 1
0.00243220 1
0.00309360 1
0.00282270 1
0.00248280 1
0.00255860 1
0.00305160 1
0.00294180 1
0.00224640 1
0.00247090 1
0.00313080 1
0.00283290 1
0.00230840 1
0.00314330 1
0.00358000 1
0.00354170 1
0.00257420 1
0.00263920 1
0.00294250 1
0.00301630 1
0.00244520 1
0.00251100 1
0.00293670 1
0.00243490 1
0.00248030 1
0.00250120 1
0.00298970 1
0.00245640 1
0.00274390 1
0.00337610 1
0.00298620 1
0.00267600 1
0.00287820 1
0.00325980 1
0.00289870 1
0.00235220 1
0.00274260 1
0.00315650 1
0.00301240 1
0.00247400 1
0.00249960 1
0.00315030 1
0.00307850 1
0.00235730 1
0.00262880 1
0.00307220 1
0.00307420 1
0.00246250 1
0.00254480 1
0.00320720 1
0.00272450 1
0.00239040 1
0.00257130 1
0.00316390 1
0.00300130 1
0.00227900 1
0.00241190 1
0.00300390 1
0.00230270 1
0.00235830 1
0.00249920 1
0.00285820 1
0.00226680 1
0.00238350 1
0.00247220 1
0.00276650 1
0.00231360 1
0.00229830 1
0.00255170 1
0.00300590 1
0.00227780 1
0.00249790 1
0.00320160 1
0.00304150 1
0.00231210 1
0.00240730 1
0.00346710 1
0.00360390 1
0.00266660 1
0.00338400 1
0.00344010 1
0.00361220 1
0.00250880 1
0.00313380 1
0.00316540 1
0.00298310 1
0.00244290 1
0.00242710 1
0.00291020 1
0.00298690 1
0.00251180 1
0.00245180 1
0.00303220 1
0.00265270 1
0.00248140 1
0.00253060 1
0.00304490 1
0.00297600 1
0.00234980 1
0.00249630 1
0.00305420 1
0.00227900 1
0.00230970 1
0.00264150 1
0.00285560 1
0.00228270 1
0.00224820 1
0.00251950 1
0.00278070 1
0.00233320 1
0.00233870 1
0.00268410 1
0.00339130 1
0.00247030 1
0.00255670 1
0.00332960 1
0.00309060 1
0.00246950 1
0.00256210 1
0.00353330 1
0.00306590 1
0.00242020 1
0.00255660 1
0.00320550 1
0.00288670 1
0.00240040 1
