1
201.35,113.74,46.13,46.58
201.35,113.74,46.13,46.58
200.35,114.74,46.13,46.58
200.35,114.74,46.13,46.58
200.35,115.74,46.13,46.58
199.35,116.74,46.13,46.58
199.35,116.74,46.13,46.58
198.35,116.74,46.13,46.58
198.35,117.74,46.13,46.58
197.35,118.74,46.13,46.58
197.35,118.74,46.13,46.58
196.35,119.74,46.13,46.58
196.35,119.74,46.13,46.58
196.35,120.74,46.13,46.58
195.35,120.74,46.13,46.58
195.35,121.74,46.13,46.58
195.35,121.74,46.13,46.58
194.35,122.74,46.13,46.58
194.35,122.74,46.13,46.58
194.35,123.74,46.13,46.58
194.35,123.74,46.13,46.58
193.35,123.74,46.13,46.58
193.35,123.74,46.13,46.58
192.35,123.74,46.13,46.58
192.35,123.74,46.13,46.58
191.35,124.74,46.13,46.58
191.35,124.74,46.13,46.58
191.35,124.74,46.13,46.58
190.35,123.74,46.13,46.58
190.35,123.74,46.13,46.58
189.35,122.74,46.13,46.58
189.35,122.74,46.13,46.58
189.35,121.74,46.13,46.58
188.35,121.74,46.13,46.58
188.35,121.74,46.13,46.58
188.35,121.74,46.13,46.58
188.35,121.74,46.13,46.58
188.35,121.74,46.13,46.58
188.35,122.74,46.13,46.58
188.35,122.74,46.13,46.58
188.35,122.74,46.13,46.58
188.35,122.74,46.13,46.58
188.35,122.74,46.13,46.58
188.35,122.74,46.13,46.58
188.35,122.74,46.13,46.58
188.35,123.74,46.13,46.58
188.35,123.74,46.13,46.58
187.35,123.74,46.13,46.58
187.35,124.74,46.13,46.58
187.35,124.74,46.13,46.58
187.35,124.74,46.13,46.58
187.35,124.74,46.13,46.58
186.35,126.74,46.13,46.58
184.35,128.74,46.13,46.58
182.35,129.74,46.13,46.58
182.35,129.74,46.13,46.58
182.35,129.74,46.13,46.58
181.35,129.74,46.13,46.58
180.35,130.74,46.13,46.58
177.35,132.74,46.13,46.58
173.35,134.74,46.13,46.58
168.35,138.74,46.13,46.58
163.35,143.74,46.13,46.58
178.35,141.74,46.13,46.58
173.35,145.74,46.13,46.58
168.35,149.74,46.13,46.58
163.35,154.74,46.13,46.58
159.35,158.74,46.13,46.58
155.35,161.74,46.13,46.58
134.35,152.74,46.13,46.58
129.35,158.74,46.13,46.58
143.35,153.74,46.13,46.58
137.35,158.74,46.13,46.58
132.35,163.74,46.13,46.58
127.35,167.74,46.13,46.58
124.35,170.74,46.13,46.58
123.35,171.74,46.13,46.58
124.35,171.74,46.13,46.58
129.35,151.74,46.13,46.58
128.35,151.74,46.13,46.58
127.35,151.74,46.13,46.58
128.35,150.74,46.13,46.58
130.35,149.74,46.13,46.58
133.35,149.74,46.13,46.58
136.35,149.74,46.13,46.58
138.35,149.74,46.13,46.58
141.35,148.74,46.13,46.58
151.35,132.74,46.13,46.58
151.35,133.74,46.13,46.58
151.35,135.74,46.13,46.58
151.35,137.74,46.13,46.58
151.35,139.74,46.13,46.58
151.35,141.74,46.13,46.58
151.35,142.74,46.13,46.58
152.35,144.74,46.13,46.58
152.35,146.74,46.13,46.58
153.35,148.74,46.13,46.58
156.35,133.74,46.13,46.58
153.35,137.74,46.13,46.58
150.35,142.74,46.13,46.58
147.35,146.74,46.13,46.58
145.35,149.74,46.13,46.58
144.35,152.74,46.13,46.58
143.35,154.74,46.13,46.58
143.35,155.74,46.13,46.58
143.35,155.74,46.13,46.58
143.35,155.74,46.13,46.58
145.35,136.74,46.13,46.58
142.35,137.74,46.13,46.58
139.35,139.74,46.13,46.58
138.35,141.74,46.13,46.58
137.35,143.74,46.13,46.58
138.35,145.74,46.13,46.58
139.35,147.74,46.13,46.58
141.35,148.74,46.13,46.58
144.35,148.74,46.13,46.58
146.35,148.74,46.13,46.58
149.35,147.74,46.13,46.58
151.35,147.74,46.13,46.58
160.35,133.74,46.13,46.58
160.35,135.74,46.13,46.58
160.35,137.74,46.13,46.58
160.35,141.74,46.13,46.58
159.35,145.74,46.13,46.58
159.35,149.74,46.13,46.58
158.35,153.74,46.13,46.58
157.35,156.74,46.13,46.58
157.35,158.74,46.13,46.58
146.35,140.74,46.13,46.58
143.35,144.74,46.13,46.58
141.35,147.74,46.13,46.58
139.35,150.74,46.13,46.58
136.35,154.74,46.13,46.58
135.35,156.74,46.13,46.58
134.35,158.74,46.13,46.58
133.35,159.74,46.13,46.58
132.35,160.74,46.13,46.58
156.35,156.74,46.13,46.58
152.35,153.74,46.13,46.58
150.35,146.74,46.13,46.58
146.35,135.74,46.13,46.58
156.35,138.74,46.13,46.58
154.35,127.74,46.13,46.58
140.35,134.74,46.13,46.58
137.35,128.74,46.13,46.58
134.35,120.74,46.13,46.58
131.35,111.74,46.13,46.58
127.35,102.74,46.13,46.58
127.35,110.74,46.13,46.58
127.35,105.74,46.13,46.58
125.35,100.74,46.13,46.58
122.35,95.74,46.13,46.58
109.35,111.74,46.13,46.58
107.35,109.74,46.13,46.58
104.35,106.74,46.13,46.58
102.35,102.74,46.13,46.58
99.35,97.74,46.13,46.58
102.35,113.74,46.13,46.58
102.35,111.74,46.13,46.58
101.35,107.74,46.13,46.58
100.35,103.74,46.13,46.58
99.35,98.74,46.13,46.58
92.35,118.74,46.13,46.58
91.35,115.74,46.13,46.58
90.35,111.74,46.13,46.58
89.35,107.74,46.13,46.58
87.35,103.74,46.13,46.58
85.35,98.74,46.13,46.58
83.35,94.74,46.13,46.58
81.35,91.74,46.13,46.58
79.35,90.74,46.13,46.58
77.35,90.74,46.13,46.58
75.35,90.74,46.13,46.58
74.35,90.74,46.13,46.58
72.35,91.74,46.13,46.58
70.35,92.74,46.13,46.58
68.35,91.74,46.13,46.58
65.35,91.74,46.13,46.58
62.35,90.74,46.13,46.58
59.35,88.74,46.13,46.58
63.35,86.74,46.13,46.58
71.35,86.74,46.13,46.58
83.35,87.74,46.13,46.58
101.35,89.74,46.13,46.58
121.35,93.74,46.13,46.58
136.35,94.74,46.13,46.58
136.35,103.74,46.13,46.58
137.35,102.74,46.13,46.58
137.35,101.74,46.13,46.58
136.35,100.74,46.13,46.58
137.35,99.74,46.13,46.58
136.35,98.74,46.13,46.58
137.35,97.74,46.13,46.58
136.35,97.74,46.13,46.58
137.35,96.74,46.13,46.58
2
0
0
0
0
1
192.91,132.88,52.74,53.42
190.91,131.88,52.74,53.42
191.91,130.88,52.74,53.42
200.91,127.88,52.74,53.42
184.91,123.88,52.74,53.42
189.91,120.88,52.74,53.42
194.91,141.88,52.74,53.42
199.91,139.88,52.74,53.42
203.91,138.88,52.74,53.42
206.91,137.88,52.74,53.42
208.91,137.88,52.74,53.42
190.91,130.88,52.74,53.42
197.91,124.88,52.74,53.42
206.91,120.88,52.74,53.42
209.91,119.88,52.74,53.42
203.91,119.88,52.74,53.42
197.91,118.88,52.74,53.42
190.91,117.88,52.74,53.42
184.91,116.88,52.74,53.42
179.91,116.88,52.74,53.42
175.91,116.88,52.74,53.42
173.91,116.88,52.74,53.42
170.91,115.88,52.74,53.42
167.91,116.88,52.74,53.42
165.91,116.88,52.74,53.42
163.91,116.88,52.74,53.42
163.91,116.88,52.74,53.42
163.91,116.88,52.74,53.42
162.91,116.88,52.74,53.42
162.91,116.88,52.74,53.42
163.91,116.88,52.74,53.42
163.91,117.88,52.74,53.42
163.91,117.88,52.74,53.42
163.91,117.88,52.74,53.42
164.91,118.88,52.74,53.42
165.91,118.88,52.74,53.42
165.91,118.88,52.74,53.42
165.91,119.88,52.74,53.42
166.91,119.88,52.74,53.42
164.91,120.88,52.74,53.42
160.91,121.88,52.74,53.42
155.91,124.88,52.74,53.42
148.91,129.88,52.74,53.42
151.91,122.88,52.74,53.42
144.91,127.88,52.74,53.42
137.91,133.88,52.74,53.42
131.91,139.88,52.74,53.42
138.91,132.88,52.74,53.42
133.91,136.88,52.74,53.42
126.91,142.88,52.74,53.42
122.91,146.88,52.74,53.42
120.91,151.88,52.74,53.42
129.91,139.88,52.74,53.42
127.91,141.88,52.74,53.42
125.91,143.88,52.74,53.42
125.91,146.88,52.74,53.42
125.91,147.88,52.74,53.42
126.91,148.88,52.74,53.42
129.91,149.88,52.74,53.42
129.91,150.88,52.74,53.42
129.91,152.88,52.74,53.42
132.91,153.88,52.74,53.42
132.91,153.88,52.74,53.42
133.91,153.88,52.74,53.42
136.91,152.88,52.74,53.42
136.91,150.88,52.74,53.42
136.91,140.88,52.74,53.42
134.91,141.88,52.74,53.42
133.91,141.88,52.74,53.42
131.91,144.88,52.74,53.42
129.91,144.88,52.74,53.42
127.91,144.88,52.74,53.42
125.91,143.88,52.74,53.42
123.91,143.88,52.74,53.42
122.91,142.88,52.74,53.42
120.91,142.88,52.74,53.42
119.91,141.88,52.74,53.42
117.91,141.88,52.74,53.42
115.91,142.88,52.74,53.42
113.91,143.88,52.74,53.42
112.91,143.88,52.74,53.42
111.91,143.88,52.74,53.42
112.91,140.88,52.74,53.42
112.91,139.88,52.74,53.42
112.91,139.88,52.74,53.42
112.91,138.88,52.74,53.42
112.91,137.88,52.74,53.42
112.91,136.88,52.74,53.42
112.91,136.88,52.74,53.42
112.91,135.88,52.74,53.42
114.91,135.88,52.74,53.42
117.91,135.88,52.74,53.42
118.91,136.88,52.74,53.42
120.91,136.88,52.74,53.42
122.91,136.88,52.74,53.42
123.91,136.88,52.74,53.42
123.91,136.88,52.74,53.42
123.91,136.88,52.74,53.42
122.91,136.88,52.74,53.42
119.91,137.88,52.74,53.42
116.91,138.88,52.74,53.42
113.91,139.88,52.74,53.42
110.91,141.88,52.74,53.42
107.91,144.88,52.74,53.42
104.91,146.88,52.74,53.42
2
0
0
0
0
1
115.01,84.88,65.50,67.78
112.01,85.88,65.50,67.78
109.01,87.88,65.50,67.78
106.01,89.88,65.50,67.78
103.01,91.88,65.50,67.78
101.01,92.88,65.50,67.78
99.01,93.88,65.50,67.78
98.01,94.88,65.50,67.78
97.01,95.88,65.50,67.78
95.01,95.88,65.50,67.78
93.01,96.88,65.50,67.78
92.01,95.88,65.50,67.78
90.01,95.88,65.50,67.78
89.01,94.88,65.50,67.78
87.01,94.88,65.50,67.78
84.01,93.88,65.50,67.78
81.01,93.88,65.50,67.78
78.01,93.88,65.50,67.78
73.01,93.88,65.50,67.78
68.01,93.88,65.50,67.78
71.01,92.88,65.50,67.78
85.01,92.88,65.50,67.78
96.01,90.88,65.50,67.78
105.01,85.88,65.50,67.78
110.01,80.88,65.50,67.78
116.01,76.88,65.50,67.78
120.01,72.88,65.50,67.78
118.01,70.88,65.50,67.78
92.01,85.88,65.50,67.78
86.01,81.88,65.50,67.78
82.01,78.88,65.50,67.78
80.01,75.88,65.50,67.78
82.01,75.88,65.50,67.78
55.01,81.88,65.50,67.78
59.01,77.88,65.50,67.78
71.01,107.88,65.50,67.78
73.01,109.88,65.50,67.78
76.01,110.88,65.50,67.78
81.01,111.88,65.50,67.78
86.01,112.88,65.50,67.78
64.01,103.88,65.50,67.78
73.01,98.88,65.50,67.78
83.01,93.88,65.50,67.78
80.01,114.88,65.50,67.78
86.01,109.88,65.50,67.78
92.01,105.88,65.50,67.78
100.01,100.88,65.50,67.78
108.01,98.88,65.50,67.78
94.01,113.88,65.50,67.78
99.01,107.88,65.50,67.78
105.01,102.88,65.50,67.78
112.01,97.88,65.50,67.78
120.01,94.88,65.50,67.78
103.01,101.88,65.50,67.78
108.01,96.88,65.50,67.78
114.01,90.88,65.50,67.78
128.01,113.88,65.50,67.78
130.01,111.88,65.50,67.78
132.01,110.88,65.50,67.78
134.01,109.88,65.50,67.78
136.01,108.88,65.50,67.78
138.01,108.88,65.50,67.78
140.01,107.88,65.50,67.78
142.01,107.88,65.50,67.78
144.01,107.88,65.50,67.78
146.01,107.88,65.50,67.78
148.01,107.88,65.50,67.78
149.01,106.88,65.50,67.78
151.01,105.88,65.50,67.78
154.01,104.88,65.50,67.78
157.01,104.88,65.50,67.78
159.01,104.88,65.50,67.78
162.01,102.88,65.50,67.78
167.01,101.88,65.50,67.78
171.01,99.88,65.50,67.78
175.01,98.88,65.50,67.78
178.01,97.88,65.50,67.78
180.01,95.88,65.50,67.78
184.01,93.88,65.50,67.78
188.01,91.88,65.50,67.78
191.01,89.88,65.50,67.78
194.01,88.88,65.50,67.78
197.01,86.88,65.50,67.78
200.01,84.88,65.50,67.78
203.01,83.88,65.50,67.78
206.01,82.88,65.50,67.78
209.01,81.88,65.50,67.78
213.01,79.88,65.50,67.78
215.01,78.88,65.50,67.78
217.01,76.88,65.50,67.78
215.01,76.88,65.50,67.78
209.01,79.88,65.50,67.78
204.01,80.88,65.50,67.78
198.01,82.88,65.50,67.78
192.01,83.88,65.50,67.78
188.01,84.88,65.50,67.78
185.01,85.88,65.50,67.78
181.01,87.88,65.50,67.78
178.01,89.88,65.50,67.78
174.01,93.88,65.50,67.78
170.01,91.88,65.50,67.78
167.01,93.88,65.50,67.78
165.01,95.88,65.50,67.78
171.01,96.88,65.50,67.78
169.01,98.88,65.50,67.78
166.01,100.88,65.50,67.78
164.01,103.88,65.50,67.78
161.01,103.88,65.50,67.78
158.01,106.88,65.50,67.78
156.01,107.88,65.50,67.78
152.01,109.88,65.50,67.78
149.01,110.88,65.50,67.78
150.01,111.88,65.50,67.78
147.01,112.88,65.50,67.78
145.01,113.88,65.50,67.78
144.01,113.88,65.50,67.78
142.01,114.88,65.50,67.78
141.01,113.88,65.50,67.78
141.01,113.88,65.50,67.78
138.01,112.88,65.50,67.78
142.01,114.88,65.50,67.78
143.01,113.88,65.50,67.78
140.01,113.88,65.50,67.78
136.01,113.88,65.50,67.78
133.01,114.88,65.50,67.78
129.01,115.88,65.50,67.78
126.01,116.88,65.50,67.78
122.01,116.88,65.50,67.78
118.01,117.88,65.50,67.78
115.01,117.88,65.50,67.78
113.01,117.88,65.50,67.78
117.01,117.88,65.50,67.78
118.01,115.88,65.50,67.78
124.01,112.88,65.50,67.78
127.01,109.88,65.50,67.78
128.01,106.88,65.50,67.78
132.01,103.88,65.50,67.78
134.01,100.88,65.50,67.78
133.01,98.88,65.50,67.78
133.01,97.88,65.50,67.78
132.01,98.88,65.50,67.78
129.01,98.88,65.50,67.78
129.01,98.88,65.50,67.78
127.01,97.88,65.50,67.78
127.01,98.88,65.50,67.78
129.01,99.88,65.50,67.78
128.01,98.88,65.50,67.78
130.01,99.88,65.50,67.78
136.01,99.88,65.50,67.78
139.01,99.88,65.50,67.78
142.01,99.88,65.50,67.78
145.01,98.88,65.50,67.78
147.01,98.88,65.50,67.78
149.01,99.88,65.50,67.78
154.01,101.88,65.50,67.78
156.01,101.88,65.50,67.78
156.01,102.88,65.50,67.78
156.01,102.88,65.50,67.78
154.01,101.88,65.50,67.78
153.01,101.88,65.50,67.78
153.01,101.88,65.50,67.78
151.01,100.88,65.50,67.78
149.01,99.88,65.50,67.78
147.01,99.88,65.50,67.78
145.01,98.88,65.50,67.78
143.01,99.88,65.50,67.78
140.01,99.88,65.50,67.78
138.01,99.88,65.50,67.78
134.01,99.88,65.50,67.78
131.01,98.88,65.50,67.78
128.01,97.88,65.50,67.78
125.01,96.88,65.50,67.78
122.01,94.88,65.50,67.78
121.01,94.88,65.50,67.78
120.01,96.88,65.50,67.78
117.01,95.88,65.50,67.78
116.01,95.88,65.50,67.78
115.01,95.88,65.50,67.78
114.01,94.88,65.50,67.78
113.01,94.88,65.50,67.78
113.01,94.88,65.50,67.78
112.01,94.88,65.50,67.78
111.01,93.88,65.50,67.78
110.01,93.88,65.50,67.78
110.01,93.88,65.50,67.78
110.01,93.88,65.50,67.78
110.01,93.88,65.50,67.78
109.01,94.88,65.50,67.78
109.01,95.88,65.50,67.78
108.01,96.88,65.50,67.78
108.01,97.88,65.50,67.78
109.01,98.88,65.50,67.78
108.01,100.88,65.50,67.78
110.01,101.88,65.50,67.78
110.01,102.88,65.50,67.78
111.01,103.88,65.50,67.78
113.01,104.88,65.50,67.78
113.01,105.88,65.50,67.78
114.01,106.88,65.50,67.78
130.01,104.88,65.50,67.78
149.01,105.88,65.50,67.78
169.01,108.88,65.50,67.78
188.01,116.88,65.50,67.78
201.01,121.88,65.50,67.78
209.01,122.88,65.50,67.78
211.01,121.88,65.50,67.78
214.01,128.88,65.50,67.78
216.01,128.88,65.50,67.78
217.01,128.88,65.50,67.78
212.01,132.88,65.50,67.78
212.01,133.88,65.50,67.78
208.01,132.88,65.50,67.78
208.01,135.88,65.50,67.78
208.01,135.88,65.50,67.78
209.01,136.88,65.50,67.78
208.01,136.88,65.50,67.78
208.01,135.88,65.50,67.78
206.01,135.88,65.50,67.78
206.01,134.88,65.50,67.78
203.01,134.88,65.50,67.78
202.01,132.88,65.50,67.78
202.01,133.88,65.50,67.78
198.01,130.88,65.50,67.78
198.01,130.88,65.50,67.78
197.01,129.88,65.50,67.78
194.01,128.88,65.50,67.78
192.01,126.88,65.50,67.78
189.01,126.88,65.50,67.78
187.01,125.88,65.50,67.78
182.01,125.88,65.50,67.78
180.01,126.88,65.50,67.78
176.01,126.88,65.50,67.78
173.01,127.88,65.50,67.78
172.01,127.88,65.50,67.78
170.01,127.88,65.50,67.78
169.01,127.88,65.50,67.78
168.01,127.88,65.50,67.78
169.01,127.88,65.50,67.78
169.01,126.88,65.50,67.78
171.01,124.88,65.50,67.78
172.01,124.88,65.50,67.78
172.01,124.88,65.50,67.78
173.01,122.88,65.50,67.78
174.01,121.88,65.50,67.78
175.01,120.88,65.50,67.78
174.01,119.88,65.50,67.78
174.01,118.88,65.50,67.78
174.01,116.88,65.50,67.78
176.01,115.88,65.50,67.78
177.01,115.88,65.50,67.78
178.01,115.88,65.50,67.78
179.01,116.88,65.50,67.78
183.01,111.88,65.50,67.78
183.01,113.88,65.50,67.78
185.01,112.88,65.50,67.78
185.01,112.88,65.50,67.78
186.01,113.88,65.50,67.78
187.01,113.88,65.50,67.78
187.01,112.88,65.50,67.78
187.01,112.88,65.50,67.78
185.01,114.88,65.50,67.78
183.01,115.88,65.50,67.78
180.01,117.88,65.50,67.78
177.01,118.88,65.50,67.78
176.01,120.88,65.50,67.78
172.01,121.88,65.50,67.78
169.01,123.88,65.50,67.78
166.01,124.88,65.50,67.78
163.01,125.88,65.50,67.78
160.01,126.88,65.50,67.78
157.01,127.88,65.50,67.78
154.01,129.88,65.50,67.78
152.01,130.88,65.50,67.78
150.01,131.88,65.50,67.78
149.01,133.88,65.50,67.78
147.01,135.88,65.50,67.78
145.01,136.88,65.50,67.78
144.01,138.88,65.50,67.78
143.01,139.88,65.50,67.78
142.01,140.88,65.50,67.78
141.01,141.88,65.50,67.78
140.01,142.88,65.50,67.78
140.01,143.88,65.50,67.78
140.01,143.88,65.50,67.78
139.01,144.88,65.50,67.78
139.01,144.88,65.50,67.78
139.01,144.88,65.50,67.78
137.01,145.88,65.50,67.78
135.01,145.88,65.50,67.78
