0.00404930
0.00234500
0.00181940
0.00149580
0.00147850
0.00123190
0.00292790
0.00183050
0.00142820
0.00158770
0.00139380
0.00328370
0.00142540
0.00145590
0.00150340
0.00156130
0.00143040
0.00138380
0.00140880
0.00153140
0.00141690
0.00188740
0.00133290
0.00127190
0.00162120
0.00134080
0.00152250
0.00119610
0.00112220
0.00126710
0.00116160
0.00111890
0.00117230
0.00129160
0.00114950
0.00127840
0.00120260
0.00119350
0.00115580
0.00117190
0.00114760
0.00124310
0.00116770
0.00109870
0.00146100
0.00125650
0.00109940
0.00129540
0.00129720
0.00120660
0.00113880
0.00114020
0.00116530
0.00130340
0.00131530
0.00118280
0.00113680
0.00124860
0.00116860
0.00118140
0.00130170
0.00143730
0.00113560
0.00113830
0.00124750
0.00113620
0.00121640
0.00113200
0.00113500
0.00124170
0.00111050
0.00117470
0.00138940
0.00168470
0.00132140
0.00131420
0.00120590
0.00192770
0.00156190
0.00194230
0.00129340
0.00129730
0.00146230
0.00125970
0.00259460
0.00125690
0.00158670
0.00144490
0.00121580
0.00212920
0.00135560
0.00163700
0.00129320
0.00129340
0.00192980
0.00139740
0.00176410
0.00121890
0.00170850
0.00133910
0.00145530
0.00136010
0.00135790
0.00189730
0.00126950
0.00133360
0.00156450
0.00180720
0.00173260
0.00127590
0.00153400
0.00166380
0.00145610
0.00125610
0.00184770
0.00124050
0.00185120
0.00194830
0.00127210
0.00172100
0.00136760
0.00325400
0.00200540
0.00139630
0.00120230
0.00123550
0.00233300
0.00168420
0.00127010
0.00125870
0.00124340
0.00138270
0.00172890
0.00207490
0.00137290
0.00130100
0.00128700
0.00226250
0.00138830
0.00122340
0.00128000
0.00133940
0.00124600
0.00141070
0.00136160
0.00131600
0.00127390
0.00128310
0.00134640
0.00146740
0.00134240
0.00140000
0.00131340
0.00130910
0.00123470
0.00138920
0.00136130
0.00128050
0.00128130
0.00144430
0.00159900
0.00135120
0.00139460
0.00141110
0.00131180
0.00132280
0.00142180
0.00130620
0.00136160
0.00122240
0.00147550
0.00133690
0.00127460
0.00150530
0.00123720
0.00129980
0.00123690
0.00130220
0.00149960
0.00127260
0.00127620
0.00143870
0.00124900
0.00182050
0.00145970
0.00129050
0.00199880
0.00148200
0.00164450
0.00588490
0.00150720
0.00407430
0.00151840
0.00155920
0.00757830
0.00434590
0.00256320
0.00000000
0.00000000
0.00000000
0.00000000
0.00987540
0.00338490
0.00245260
0.00255750
0.00454460
0.00250170
0.00262920
0.00426480
0.00242950
0.00259490
0.00580440
0.00273100
0.00265420
0.00577520
0.00273670
0.00246830
0.00276080
0.00357900
0.00229960
0.00245900
0.00588470
0.00262600
0.00264650
0.00512360
0.00300510
0.00291600
0.00325990
0.00403670
0.00293420
0.00705340
0.00367590
0.00274850
0.00481150
0.00323420
0.00707140
0.00284110
0.00254500
0.00424160
0.00337630
0.00307900
0.00671320
0.00282190
0.00267700
0.00613290
0.00303600
0.00441880
0.00316200
0.00292060
0.00468340
0.00381130
0.00264330
0.00530380
0.00317990
0.00307410
0.00985140
0.00266050
0.00382990
0.00252030
0.00265650
0.00548980
0.00271550
0.00294390
0.00399160
0.00337110
0.00278410
0.00284080
0.00300520
0.00347590
0.00574570
0.00279790
0.00258480
0.00576760
0.00289690
0.00297810
0.00732090
0.00291050
0.00288210
0.00381500
0.00287340
0.00825910
0.00298550
0.00450360
0.00346530
0.00445610
0.00294690
0.00266320
0.00683710
0.00268340
0.00253850
0.00655400
0.00272050
0.00252140
0.00499600
0.00262000
0.00261670
0.00558390
0.00254050
0.00267140
0.00463120
0.00278710
0.00268990
0.00252950
0.00435630
0.00263870
0.00237670
0.00491550
0.00270180
0.00000000
0.00000000
0.00000000
0.00000000
0.01243560
0.00368750
0.00349040
0.00552240
0.00345990
0.00518960
0.00461590
0.00363630
0.00640480
0.00369300
0.00355980
0.00643390
0.00377790
0.00670920
0.00416020
0.00341650
0.00736620
0.00643330
0.00417200
0.00584290
0.00985470
0.00458840
0.00488330
0.00400560
0.00411410
0.00426540
0.00503230
0.00598530
0.00464110
0.00411870
0.00445960
0.00379270
0.00404900
0.00488360
0.00338120
0.00337240
0.00339160
0.00343700
0.00352640
0.00369760
0.00366660
0.00333130
0.00321440
0.00407090
0.00418230
0.00366630
0.00325430
0.00258350
0.00299970
0.00257380
0.00313460
0.00261300
0.00325590
0.00366000
0.00458160
0.00389240
0.00345160
0.00304850
0.00307550
0.00392310
0.00300590
0.00314580
0.00284740
0.00369140
0.00304670
0.00300030
0.00355710
0.00293970
0.00244440
0.00293570
0.00274820
0.00293030
0.00242170
0.00284260
0.00249670
0.00306190
0.00299730
0.00280120
0.00313530
0.00303510
0.00313170
0.00318650
0.00323220
0.00305920
0.00304740
0.00312690
0.00306280
0.00308010
0.00384800
0.00312120
0.00242440
0.00256200
0.00419130
0.00255800
0.00241410
0.00254780
0.00334840
0.00239270
0.00239970
0.00260090
0.00305970
0.00242630
0.00237230
0.00247300
0.00324210
0.00235860
0.00251450
0.00308800
0.00303510
0.00241090
0.00254610
0.00330310
0.00315430
0.00233510
0.00258390
0.00353930
0.00322100
0.00238100
0.00248110
0.00309330
0.00279930
0.00236030
0.00261430
0.00324200
0.00296090
0.00237810
0.00255670
0.00326210
0.00274680
0.00235060
0.00248860
0.00321960
0.00293830
0.00234020
0.00253600
0.00318730
0.00245850
0.00233400
0.00251220
0.00282300
0.00259960
0.00233100
0.00255370
0.00284840
0.00277060
0.00233520
0.00245160
0.00286770
0.00259130
0.00242220
0.00305780
0.00286660
0.00237610
0.00252620
0.00310340
0.00289880
0.00257850
0.00245810
0.00307990
0.00292340
0.00242500
0.00253910
0.00296460
0.00274280
0.00242430
0.00243220
0.00309360
0.00282270
0.00248280
0.00255860
0.00305160
0.00294180
0.00224640
0.00247090
0.00313080
0.00283290
0.00230840
0.00314330
0.00358000
0.00354170
0.00257420
0.00263920
0.00294250
0.00301630
0.00244520
0.00251100
0.00293670
0.00243490
0.00248030
0.00250120
0.00298970
0.00245640
0.00274390
0.00337610
0.00298620
0.00267600
0.00287820
0.00325980
0.00289870
0.00235220
0.00274260
0.00315650
0.00301240
0.00247400
0.00249960
0.00315030
0.00307850
0.00235730
0.00262880
0.00307220
0.00307420
0.00246250
0.00254480
0.00320720
0.00272450
0.00239040
0.00257130
0.00316390
0.00300130
0.00227900
0.00241190
0.00300390
0.00230270
0.00235830
0.00249920
0.00285820
0.00226680
0.00238350
0.00247220
0.00276650
0.00231360
0.00229830
0.00255170
0.00300590
0.00227780
0.00249790
0.00320160
0.00304150
0.00231210
0.00240730
0.00346710
0.00360390
0.00266660
0.00338400
0.00344010
0.00361220
0.00250880
0.00313380
0.00316540
0.00298310
0.00244290
0.00242710
0.00291020
0.00298690
0.00251180
0.00245180
0.00303220
0.00265270
0.00248140
0.00253060
0.00304490
0.00297600
0.00234980
0.00249630
0.00305420
0.00227900
0.00230970
0.00264150
0.00285560
0.00228270
0.00224820
0.00251950
0.00278070
0.00233320
0.00233870
0.00268410
0.00339130
0.00247030
0.00255670
0.00332960
0.00309060
0.00246950
0.00256210
0.00353330
0.00306590
0.00242020
0.00255660
0.00320550
0.00288670
0.00240040
