0.00003010
0.02294980
0.00044520
0.00040990
0.00041270
0.00041030
0.00042390
0.00041050
0.00053360
0.00040860
0.00041580
0.00041210
0.00041970
0.00043360
0.00054890
0.00067410
0.00061250
0.00054790
0.00049210
0.00046560
0.00056150
0.00047400
0.00047320
0.00045210
0.00046560
0.00044150
0.00062200
0.00042690
0.00044220
0.00042110
0.00046060
0.00044970
0.00049580
0.00062520
0.00056810
0.00057290
0.00043440
0.00041290
0.00042670
0.00049960
0.00044830
0.00058440
0.00050870
0.00042700
0.00045950
0.00040750
0.00044210
0.00040970
0.00094400
0.00065450
0.00043510
0.00052890
0.00041180
0.00040810
0.00040920
0.00059980
0.00047360
0.00048120
0.00041890
0.00040520
0.00044020
0.00043710
0.00041290
0.00073800
0.00046550
0.00048540
0.00043820
0.00040660
0.00040750
0.00049870
0.00082070
0.00068460
0.00044470
0.00041240
0.00040990
0.00041040
0.00041110
0.00048300
0.00061010
0.00046890
0.00069690
0.00058960
0.00058560
0.00044670
0.00095990
0.00118280
0.00046300
0.00042140
0.00042290
0.00045120
0.00057350
0.00102640
0.00042190
0.00040940
0.00041550
0.00040870
0.00044130
0.00040800
0.00055880
0.00040850
0.00041240
0.00040710
0.00041030
0.00040290
0.00041250
0.00041020
0.00044400
0.00041020
0.00042680
0.00047740
0.00041180
0.00045260
0.00049850
0.00045150
0.00041530
0.00040700
0.00040940
0.00040470
0.00040860
0.00040530
0.00042850
0.00040960
0.00040980
0.00040910
0.00040730
0.00043950
0.00042400
0.00040470
0.00058780
0.00042210
0.00046740
0.00041580
0.00042750
0.00042810
0.00049650
0.00043490
0.00044100
0.00053840
0.00048350
0.00047140
0.00054870
0.00066300
0.00048170
0.00065030
0.00077710
0.00048230
0.00056570
0.00063760
0.00047130
0.00049530
0.00052590
0.00047880
0.00046400
0.00079170
0.00057700
0.00048470
0.00043370
0.00041730
0.00048130
0.00051110
0.00043770
0.00042290
0.00049430
0.00055040
0.00055570
0.00043090
0.00043270
0.00042170
0.00042710
0.00042370
0.00043100
0.00042480
0.00045210
0.00042550
0.00043190
0.00042770
0.00043250
0.00043940
0.00044880
0.00042540
0.00074360
0.00065520
0.00044970
0.00046600
0.00043050
0.00042910
0.00047360
0.00047340
0.00000000
0.00000000
0.00000000
0.00000000
0.00010850
0.00662080
0.00104500
0.00106780
0.00101800
0.00112880
0.00112260
0.00101890
0.00116810
0.00115090
0.00104320
0.00105560
0.00112280
0.00117550
0.00129130
0.00120770
0.00143890
0.00374340
0.00122340
0.00128600
0.00176300
0.00155880
0.00124990
0.00109450
0.00154040
0.00133880
0.00120440
0.00132300
0.00114350
0.00117080
0.00129580
0.00137190
0.00138760
0.00121110
0.00117250
0.00115590
0.00105500
0.00158000
0.00108880
0.00115440
0.00105960
0.00103590
0.00174320
0.00108080
0.00108340
0.00113230
0.00111750
0.00119870
0.00110140
0.00105050
0.00114500
0.00104890
0.00103210
0.00170100
0.00122370
0.00105130
0.00104400
0.00101830
0.00155200
0.00163440
0.00133760
0.00111280
0.00104080
0.00110500
0.00113280
0.00114460
0.00100930
0.00104360
0.00161770
0.00108780
0.00101620
0.00102800
0.00110590
0.00150990
0.00106980
0.00111850
0.00100590
0.00099630
0.00109920
0.00119190
0.00105640
0.00101850
0.00104070
0.00121780
0.00167690
0.00107770
0.00107710
0.00114310
0.00114740
0.00110880
0.00105660
0.00114520
0.00100470
0.00103190
0.00101990
0.00163150
0.00104300
0.00101910
0.00087990
0.00064290
0.00058390
0.00058540
0.00083460
0.00060220
0.00058620
0.00058410
0.00059760
0.00058670
0.00058260
0.00102200
0.00062400
0.00059510
0.00058440
0.00086200
0.00071020
0.00063110
0.00113710
0.00065650
0.00072970
0.00061200
0.00059040
0.00060160
0.00058330
0.00105560
0.00068220
0.00058920
0.00059850
0.00059780
0.00058690
0.00060980
0.00058720
0.00065470
0.00060460
0.00064000
0.00058420
0.00058950
0.00058640
0.00058880
0.00077830
0.00062820
0.00060780
0.00063070
0.00060090
0.00059310
0.00060000
0.00109520
0.00063090
0.00058650
0.00059500
0.00059250
0.00066280
0.00058610
0.00058250
0.00096400
0.00114940
0.00120470
0.00115920
0.00106320
0.00132380
0.00103140
0.00114400
0.00127090
0.00103540
0.00103210
0.00102210
0.00114200
0.00181490
0.00103120
0.00105980
0.00105610
0.00121160
0.00105480
0.00110020
0.00107870
0.00104850
0.00106900
0.00099490
0.00173670
0.00100640
0.00100980
0.00116400
0.00102240
0.00102620
0.00114660
0.00115790
0.00108030
0.00106520
0.00104500
0.00118860
0.00104890
0.00118990
0.00113090
0.00101600
0.00155900
0.00117640
0.00106570
0.00102750
0.00127290
0.00163250
0.00113790
0.00111420
0.00105800
0.00105860
0.00120740
0.00102030
0.00101520
0.00105730
0.00159260
0.00104850
0.00100160
0.00103720
0.00106460
0.00106240
0.00138450
0.00111060
0.00104170
0.00101530
0.00100360
0.00100430
0.00108870
0.00100460
0.00100300
0.00102860
0.00098880
0.00168900
0.00106840
0.00109680
0.00109010
0.00106500
0.00115500
0.00121070
0.00101110
0.00098210
0.00100080
0.00101850
0.00113070
0.00125550
0.00103340
0.00102030
0.00102600
0.00108160
0.00158760
0.00112540
0.00102160
0.00104470
0.00104450
0.00103910
0.00112200
0.00131110
0.00099800
0.00114410
0.00101720
0.00125670
0.00110470
0.00095140
0.00081270
0.00097720
0.00066770
0.00062880
0.00058750
0.00072200
0.00093110
0.00058840
0.00064690
0.00054960
0.00070150
0.00087680
0.00070090
0.00058290
0.00058410
0.00070570
0.00089780
0.00058800
0.00066030
0.00058120
0.00067230
0.00084370
0.00058700
0.00057860
0.00057920
0.00068240
0.00091970
0.00063170
0.00058990
0.00058540
0.00071250
0.00089930
0.00055410
0.00056740
0.00057690
0.00069570
0.00098440
0.00059000
0.00058690
0.00058420
0.00069740
0.00086190
0.00057160
0.00079380
0.00067140
0.00075990
0.00088720
0.00058670
0.00061920
0.00064350
0.00071380
0.00095450
0.00058930
0.00057870
0.00055490
0.00069510
0.00089520
0.00059120
0.00068630
0.00071990
0.00071780
0.00102930
0.00059900
0.00058400
0.00055060
0.00070180
0.00094710
0.00058760
0.00057080
0.00054750
0.00072860
0.00087370
0.00062080
0.00058060
0.00059470
0.00070520
0.00092660
0.00058480
0.00058290
0.00055110
0.00069770
0.00085230
0.00055330
0.00055210
0.00058280
0.00082230
0.00084290
0.00058510
0.00057990
0.00057660
0.00069690
0.00091490
0.00059070
0.00058210
0.00058410
0.00079680
0.00089450
0.00058730
0.00058460
0.00060520
0.00074830
0.00090470
0.00058420
0.00058550
0.00059010
0.00070580
0.00088610
0.00066270
0.00060470
0.00061800
0.00072160
0.00088550
0.00063420
0.00062000
0.00059360
0.00074080
0.00100020
0.00063330
0.00059720
0.00060670
0.00074270
0.00091510
0.00063520
0.00061540
0.00059080
0.00071920
0.00091620
0.00062330
0.00059050
0.00059430
0.00072760
0.00124010
0.00064440
0.00072240
0.00061070
0.00073730
0.00093000
0.00065430
0.00061310
0.00060250
0.00081160
0.00102980
0.00057080
0.00068220
0.00056510
0.00068530
0.00088290
0.00056620
0.00077350
0.00071190
0.00072680
0.00090130
0.00062220
0.00059270
0.00073370
