1
153.00,94.00,19.00,49.00
152.00,94.00,19.00,49.00
151.00,91.00,19.00,49.00
150.00,89.00,19.00,49.00
150.00,88.00,19.00,49.00
151.00,87.00,19.00,49.00
152.00,86.00,19.00,49.00
153.00,85.00,19.00,49.00
155.00,85.00,19.00,49.00
157.00,85.00,19.00,49.00
158.00,85.00,19.00,49.00
157.00,85.00,19.00,49.00
156.00,85.00,19.00,49.00
155.00,85.00,19.00,49.00
153.00,85.00,19.00,49.00
150.00,85.00,19.00,49.00
145.00,85.00,19.00,49.00
140.00,85.00,19.00,49.00
136.00,85.00,19.00,49.00
133.00,85.00,19.00,49.00
132.00,84.00,19.00,49.00
132.00,84.00,19.00,49.00
133.00,84.00,19.00,49.00
134.00,83.00,19.00,49.00
135.00,83.00,19.00,49.00
136.00,82.00,19.00,49.00
138.00,82.00,19.00,49.00
140.00,82.00,19.00,49.00
142.00,82.00,19.00,49.00
144.00,82.00,19.00,49.00
146.00,82.00,19.00,49.00
149.00,82.00,19.00,49.00
151.00,82.00,19.00,49.00
153.00,82.00,19.00,49.00
153.00,82.00,19.00,49.00
153.00,82.00,19.00,49.00
153.00,82.00,19.00,49.00
154.00,82.00,19.00,49.00
155.00,82.00,19.00,49.00
156.00,82.00,19.00,49.00
158.00,83.00,19.00,49.00
159.00,83.00,19.00,49.00
159.00,83.00,19.00,49.00
160.00,84.00,19.00,49.00
161.00,84.00,19.00,49.00
163.00,84.00,19.00,49.00
164.00,84.00,19.00,49.00
166.00,84.00,19.00,49.00
168.00,84.00,19.00,49.00
168.00,84.00,19.00,49.00
168.00,84.00,19.00,49.00
167.00,84.00,19.00,49.00
166.00,84.00,19.00,49.00
164.00,85.00,19.00,49.00
162.00,85.00,19.00,49.00
159.00,85.00,19.00,49.00
155.00,86.00,19.00,49.00
148.00,86.00,19.00,49.00
141.00,86.00,19.00,49.00
135.00,85.00,19.00,49.00
132.00,84.00,19.00,49.00
132.00,82.00,19.00,49.00
132.00,81.00,19.00,49.00
134.00,81.00,19.00,49.00
138.00,80.00,19.00,49.00
143.00,79.00,19.00,49.00
148.00,79.00,19.00,49.00
153.00,78.00,19.00,49.00
159.00,78.00,19.00,49.00
166.00,78.00,19.00,49.00
171.00,78.00,19.00,49.00
175.00,79.00,19.00,49.00
178.00,79.00,19.00,49.00
181.00,79.00,19.00,49.00
182.00,80.00,19.00,49.00
182.00,80.00,19.00,49.00
181.00,81.00,19.00,49.00
181.00,82.00,19.00,49.00
181.00,84.00,19.00,49.00
182.00,85.00,19.00,49.00
183.00,86.00,19.00,49.00
184.00,86.00,19.00,49.00
186.00,87.00,19.00,49.00
188.00,87.00,19.00,49.00
190.00,88.00,19.00,49.00
192.00,88.00,19.00,49.00
194.00,88.00,19.00,49.00
197.00,89.00,19.00,49.00
199.00,89.00,19.00,49.00
201.00,89.00,19.00,49.00
202.00,88.00,19.00,49.00
202.00,87.00,19.00,49.00
201.00,86.00,19.00,49.00
201.00,84.00,19.00,49.00
201.00,81.00,19.00,49.00
198.00,80.00,19.00,49.00
194.00,78.00,19.00,49.00
191.00,77.00,19.00,49.00
190.00,76.00,19.00,49.00
189.00,75.00,19.00,49.00
188.00,74.00,19.00,49.00
188.00,74.00,19.00,49.00
188.00,73.00,19.00,49.00
188.00,73.00,19.00,49.00
189.00,73.00,19.00,49.00
190.00,73.00,19.00,49.00
190.00,73.00,19.00,49.00
188.00,73.00,19.00,49.00
184.00,73.00,19.00,49.00
182.00,73.00,19.00,49.00
181.00,73.00,19.00,49.00
179.00,73.00,19.00,49.00
176.00,73.00,19.00,49.00
173.00,73.00,19.00,49.00
170.00,73.00,19.00,49.00
168.00,74.00,19.00,49.00
165.00,75.00,19.00,49.00
163.00,76.00,19.00,49.00
162.00,76.00,19.00,49.00
161.00,78.00,19.00,49.00
159.00,81.00,19.00,49.00
157.00,82.00,19.00,49.00
156.00,83.00,19.00,49.00
155.00,85.00,19.00,49.00
158.00,86.00,19.00,49.00
164.00,86.00,19.00,49.00
171.00,87.00,19.00,49.00
177.00,86.00,19.00,49.00
182.00,85.00,19.00,49.00
185.00,83.00,19.00,49.00
189.00,81.00,19.00,49.00
193.00,79.00,19.00,49.00
197.00,79.00,19.00,49.00
201.00,78.00,19.00,49.00
204.00,76.00,19.00,49.00
207.00,75.00,19.00,49.00
209.00,74.00,19.00,49.00
210.00,74.00,19.00,49.00
210.00,74.00,19.00,49.00
208.00,75.00,19.00,49.00
200.00,77.00,19.00,49.00
191.00,81.00,19.00,49.00
190.00,80.00,19.00,49.00
2
0
0
0
0
1
148.00,83.00,24.00,62.00
149.00,81.00,24.00,62.00
152.00,77.00,24.00,62.00
154.00,75.00,24.00,62.00
155.00,74.00,24.00,62.00
156.00,73.00,24.00,62.00
155.00,71.00,24.00,62.00
153.00,70.00,24.00,62.00
154.00,70.00,24.00,62.00
153.00,69.00,24.00,62.00
151.00,69.00,24.00,62.00
148.00,68.00,24.00,62.00
145.00,68.00,24.00,62.00
140.00,67.00,24.00,62.00
136.00,67.00,24.00,62.00
132.00,68.00,24.00,62.00
130.00,68.00,24.00,62.00
132.00,68.00,24.00,62.00
132.00,69.00,24.00,62.00
134.00,68.00,24.00,62.00
134.00,68.00,24.00,62.00
133.00,67.00,24.00,62.00
130.00,65.00,24.00,62.00
129.00,64.00,24.00,62.00
127.00,63.00,24.00,62.00
128.00,63.00,24.00,62.00
130.00,63.00,24.00,62.00
131.00,63.00,24.00,62.00
130.00,64.00,24.00,62.00
128.00,66.00,24.00,62.00
124.00,69.00,24.00,62.00
120.00,72.00,24.00,62.00
116.00,75.00,24.00,62.00
113.00,77.00,24.00,62.00
113.00,78.00,24.00,62.00
117.00,78.00,24.00,62.00
121.00,79.00,24.00,62.00
125.00,79.00,24.00,62.00
128.00,79.00,24.00,62.00
131.00,79.00,24.00,62.00
134.00,79.00,24.00,62.00
136.00,79.00,24.00,62.00
138.00,79.00,24.00,62.00
141.00,79.00,24.00,62.00
143.00,79.00,24.00,62.00
144.00,79.00,24.00,62.00
143.00,78.00,24.00,62.00
143.00,78.00,24.00,62.00
142.00,77.00,24.00,62.00
142.00,77.00,24.00,62.00
143.00,77.00,24.00,62.00
143.00,77.00,24.00,62.00
141.00,77.00,24.00,62.00
139.00,77.00,24.00,62.00
136.00,77.00,24.00,62.00
136.00,77.00,24.00,62.00
139.00,77.00,24.00,62.00
141.00,75.00,24.00,62.00
142.00,74.00,24.00,62.00
142.00,73.00,24.00,62.00
140.00,73.00,24.00,62.00
138.00,73.00,24.00,62.00
137.00,73.00,24.00,62.00
137.00,73.00,24.00,62.00
137.00,72.00,24.00,62.00
136.00,71.00,24.00,62.00
134.00,71.00,24.00,62.00
132.00,71.00,24.00,62.00
131.00,71.00,24.00,62.00
129.00,72.00,24.00,62.00
127.00,73.00,24.00,62.00
128.00,73.00,24.00,62.00
133.00,74.00,24.00,62.00
138.00,74.00,24.00,62.00
141.00,74.00,24.00,62.00
144.00,74.00,24.00,62.00
145.00,73.00,24.00,62.00
146.00,73.00,24.00,62.00
149.00,73.00,24.00,62.00
153.00,73.00,24.00,62.00
156.00,73.00,24.00,62.00
158.00,72.00,24.00,62.00
159.00,72.00,24.00,62.00
160.00,72.00,24.00,62.00
160.00,72.00,24.00,62.00
161.00,72.00,24.00,62.00
162.00,72.00,24.00,62.00
162.00,72.00,24.00,62.00
162.00,72.00,24.00,62.00
161.00,72.00,24.00,62.00
161.00,72.00,24.00,62.00
162.00,72.00,24.00,62.00
164.00,72.00,24.00,62.00
167.00,71.00,24.00,62.00
168.00,71.00,24.00,62.00
169.00,70.00,24.00,62.00
171.00,70.00,24.00,62.00
173.00,70.00,24.00,62.00
174.00,70.00,24.00,62.00
175.00,70.00,24.00,62.00
176.00,70.00,24.00,62.00
176.00,70.00,24.00,62.00
176.00,71.00,24.00,62.00
176.00,72.00,24.00,62.00
176.00,73.00,24.00,62.00
175.00,75.00,24.00,62.00
175.00,76.00,24.00,62.00
174.00,77.00,24.00,62.00
173.00,78.00,24.00,62.00
173.00,78.00,24.00,62.00
172.00,79.00,24.00,62.00
171.00,79.00,24.00,62.00
170.00,79.00,24.00,62.00
169.00,80.00,24.00,62.00
168.00,80.00,24.00,62.00
167.00,80.00,24.00,62.00
167.00,80.00,24.00,62.00
167.00,80.00,24.00,62.00
168.00,80.00,24.00,62.00
169.00,80.00,24.00,62.00
170.00,80.00,24.00,62.00
