0.00345430
0.00103220
0.00081440
0.00086010
0.00085290
0.00074370
0.00073190
0.00067430
0.00070570
0.00204750
0.00087150
0.00067610
0.00071120
0.00070320
0.00077510
0.00089370
0.00080490
0.00084140
0.00077160
0.00088260
0.00151440
0.00074750
0.00067120
0.00065820
0.00066410
0.00065930
0.00065570
0.00071240
0.00065010
0.00061200
0.00064970
0.00064840
0.00061550
0.00074650
0.00067380
0.00061730
0.00065540
0.00064950
0.00061610
0.00061300
0.00086260
0.00074340
0.00062890
0.00061150
0.00061760
0.00061570
0.00072230
0.00064760
0.00065390
0.00064930
0.00061940
0.00065170
0.00065490
0.00072880
0.00062950
0.00062440
0.00062370
0.00061920
0.00061380
0.00071900
0.00074140
0.00088430
0.00115900
0.00062980
0.00062430
0.00061230
0.00069440
0.00071020
0.00075500
0.00071520
0.00066070
0.00062030
0.00064610
0.00061750
0.00062040
0.00082460
0.00075030
0.00064300
0.00074280
0.00065540
0.00066240
0.00063450
0.00065450
0.00064970
0.00065630
0.00064370
0.00062340
0.00061840
0.00067370
0.00061730
0.00061950
0.00061300
0.00145290
0.00067400
0.00066150
0.00061880
0.00067570
0.00065380
0.00065030
0.00061920
0.00065340
0.00065380
0.00062000
0.00066650
0.00065500
0.00086080
0.00109150
0.00065250
0.00064920
0.00065050
0.00063510
0.00061720
0.00066290
0.00072610
0.00062090
0.00065210
0.00066860
0.00061560
0.00066850
0.00065040
0.00061650
0.00065150
0.00065720
0.00061510
0.00065760
0.00073190
0.00074140
0.00061800
0.00065340
0.00068910
0.00064800
0.00068560
0.00066330
0.00061620
0.00071410
0.00065420
0.00062020
0.00065540
0.00080390
0.00072680
0.00070570
0.00071260
0.00070580
0.00071020
0.00078190
0.00000000
0.00000000
0.00000000
0.00000000
0.00860310
0.00283350
0.00269430
0.00273460
0.00265300
0.00321260
0.00269440
0.00261040
0.00309960
0.00301510
0.00290250
0.00296200
0.00293310
0.00273990
0.00295000
0.00278090
0.00273340
0.00271240
0.00275970
0.00281620
0.00316450
0.00321200
0.00279550
0.00264840
0.00267500
0.00258650
0.00257490
0.00259440
0.00260700
0.00267080
0.00256630
0.00269330
0.00257150
0.00256500
0.00257360
0.00262110
0.00266480
0.00256100
0.00274700
0.00262430
0.00270880
0.00256400
0.00303680
0.00269140
0.00266010
0.00275290
0.00273420
0.00273780
0.00262760
0.00271460
0.00256370
0.00330110
0.00277830
0.00273950
0.00293740
0.00282640
0.00267060
0.00265550
0.00275480
0.00294630
0.00293320
0.00257400
0.00324540
0.00315630
0.00274350
0.00289820
0.00273630
0.00318170
0.00289070
0.00268640
0.00298770
0.00274920
0.00289530
0.00286730
0.00279470
0.00305640
0.00267680
0.00298810
0.00288990
0.00309910
0.00276480
0.00321260
0.00313640
0.00258130
0.00327900
0.00298640
0.00300390
0.00307480
0.00282580
0.00273220
0.00266430
0.00274110
0.00269350
0.00260590
0.00271110
0.00269060
0.00259100
0.00277080
0.00263150
0.00279750
0.00278870
0.00307040
0.00288440
0.00289650
0.00303640
0.00294500
0.00292250
0.00320510
0.00459370
0.00301370
0.00323660
0.00298070
0.00302510
0.01860420
0.01256540
0.00462100
0.00556380
0.00258490
0.00254560
0.00267930
0.00254840
0.00254730
