0.00345430 0
0.00103220 1
0.00081440 1
0.00086010 1
0.00085290 1
0.00074370 1
0.00073190 1
0.00067430 1
0.00070570 1
0.00204750 1
0.00087150 1
0.00067610 1
0.00071120 1
0.00070320 1
0.00077510 1
0.00089370 1
0.00080490 1
0.00084140 1
0.00077160 1
0.00088260 1
0.00151440 1
0.00074750 1
0.00067120 1
0.00065820 1
0.00066410 1
0.00065930 1
0.00065570 1
0.00071240 1
0.00065010 1
0.00061200 1
0.00064970 1
0.00064840 1
0.00061550 1
0.00074650 1
0.00067380 1
0.00061730 1
0.00065540 1
0.00064950 1
0.00061610 1
0.00061300 1
0.00086260 1
0.00074340 1
0.00062890 1
0.00061150 1
0.00061760 1
0.00061570 1
0.00072230 1
0.00064760 1
0.00065390 1
0.00064930 1
0.00061940 1
0.00065170 1
0.00065490 1
0.00072880 1
0.00062950 1
0.00062440 1
0.00062370 1
0.00061920 1
0.00061380 1
0.00071900 1
0.00074140 1
0.00088430 1
0.00115900 1
0.00062980 1
0.00062430 1
0.00061230 1
0.00069440 1
0.00071020 1
0.00075500 1
0.00071520 1
0.00066070 1
0.00062030 1
0.00064610 1
0.00061750 1
0.00062040 1
0.00082460 1
0.00075030 1
0.00064300 1
0.00074280 1
0.00065540 1
0.00066240 1
0.00063450 1
0.00065450 1
0.00064970 1
0.00065630 1
0.00064370 1
0.00062340 1
0.00061840 1
0.00067370 1
0.00061730 1
0.00061950 1
0.00061300 1
0.00145290 1
0.00067400 1
0.00066150 1
0.00061880 1
0.00067570 1
0.00065380 1
0.00065030 1
0.00061920 1
0.00065340 1
0.00065380 1
0.00062000 1
0.00066650 1
0.00065500 1
0.00086080 1
0.00109150 1
0.00065250 1
0.00064920 1
0.00065050 1
0.00063510 1
0.00061720 1
0.00066290 1
0.00072610 1
0.00062090 1
0.00065210 1
0.00066860 1
0.00061560 1
0.00066850 1
0.00065040 1
0.00061650 1
0.00065150 1
0.00065720 1
0.00061510 1
0.00065760 1
0.00073190 1
0.00074140 1
0.00061800 1
0.00065340 1
0.00068910 1
0.00064800 1
0.00068560 1
0.00066330 1
0.00061620 1
0.00071410 1
0.00065420 1
0.00062020 1
0.00065540 1
0.00080390 1
0.00072680 1
0.00070570 1
0.00071260 1
0.00070580 1
0.00071020 1
0.00078190 1
-
-
-
-
0.00860310 0
0.00283350 1
0.00269430 1
0.00273460 1
0.00265300 1
0.00321260 1
0.00269440 1
0.00261040 1
0.00309960 1
0.00301510 1
0.00290250 1
0.00296200 1
0.00293310 1
0.00273990 1
0.00295000 1
0.00278090 1
0.00273340 1
0.00271240 1
0.00275970 1
0.00281620 1
0.00316450 1
0.00321200 1
0.00279550 1
0.00264840 1
0.00267500 1
0.00258650 1
0.00257490 1
0.00259440 1
0.00260700 1
0.00267080 1
0.00256630 1
0.00269330 1
0.00257150 1
0.00256500 1
0.00257360 1
0.00262110 1
0.00266480 1
0.00256100 1
0.00274700 1
0.00262430 1
0.00270880 1
0.00256400 1
0.00303680 1
0.00269140 1
0.00266010 1
0.00275290 1
0.00273420 1
0.00273780 1
0.00262760 1
0.00271460 1
0.00256370 1
0.00330110 1
0.00277830 1
0.00273950 1
0.00293740 1
0.00282640 1
0.00267060 1
0.00265550 1
0.00275480 1
0.00294630 1
0.00293320 1
0.00257400 1
0.00324540 1
0.00315630 1
0.00274350 1
0.00289820 1
0.00273630 1
0.00318170 1
0.00289070 1
0.00268640 1
0.00298770 1
0.00274920 1
0.00289530 1
0.00286730 1
0.00279470 1
0.00305640 1
0.00267680 1
0.00298810 1
0.00288990 1
0.00309910 1
0.00276480 1
0.00321260 1
0.00313640 1
0.00258130 1
0.00327900 1
0.00298640 1
0.00300390 1
0.00307480 1
0.00282580 1
0.00273220 1
0.00266430 1
0.00274110 1
0.00269350 1
0.00260590 1
0.00271110 1
0.00269060 1
0.00259100 1
0.00277080 1
0.00263150 1
0.00279750 1
0.00278870 1
0.00307040 1
0.00288440 1
0.00289650 1
0.00303640 1
0.00294500 1
0.00292250 1
0.00320510 1
0.00459370 1
0.00301370 1
0.00323660 1
0.00298070 1
0.00302510 1
0.01860420 1
0.01256540 1
0.00462100 1
0.00556380 1
0.00258490 1
0.00254560 1
0.00267930 1
0.00254840 1
0.00254730 1
