0.00911830
0.00217750
0.00236460
0.00308260
0.00233720
0.00344040
0.00277520
0.00291980
0.00287640
0.00229490
0.00235420
0.00264360
0.00309690
0.00000000
0.00000000
0.00000000
0.00000000
0.01065860
0.00522980
0.00432210
0.00518560
0.00474360
0.00590320
0.00436730
0.00465470
0.00370800
0.00000000
0.00000000
0.00000000
0.00000000
0.00605930
0.00352190
0.00269480
0.00370360
0.00317170
0.00371780
0.00292070
0.00337380
0.00268860
0.00331270
0.00262740
0.00331320
0.00273140
0.00332130
0.00267840
0.00342590
0.00264910
0.00331720
0.00278330
0.00338290
0.00273110
0.00310820
0.00261920
0.00324060
0.00259060
0.00328690
0.00259980
0.00316700
0.00264950
0.00406830
0.00263200
0.00323020
0.00374260
0.00330200
0.00263020
0.00393660
0.00264820
0.00358470
0.00272570
0.00000000
0.00000000
0.00000000
0.00000000
0.00535720
0.00271090
0.00355650
0.00280120
0.00412140
0.00281680
0.00381660
0.00299220
0.00378240
0.00262540
0.00349680
0.00242860
0.00286110
0.00221060
0.00280960
0.00242640
0.00348800
0.00220180
0.00279490
0.00344640
0.00284130
0.00220160
0.00291580
0.00236530
0.00317230
0.00223090
0.00301090
0.00314440
0.00351660
0.00260250
0.02166900
0.00245700
0.00297650
0.00208880
0.00260390
0.00205080
0.00317860
0.00208290
0.00255090
0.00319540
0.00262540
0.00202220
0.00267450
0.00205580
0.00297460
0.00249870
0.00376870
0.00347210
0.00296720
0.00255500
0.00358670
0.00383290
0.00278500
0.00238320
0.00310640
0.00219440
0.00435020
0.00220170
0.00301310
0.00371730
0.00283930
0.00229310
0.00313570
0.00476180
0.00345660
0.00278720
0.00300170
0.00236640
0.00382030
0.00225380
0.00540650
0.00301560
0.00302990
0.00225500
0.00298220
0.00246380
0.00308350
0.00309860
0.00430120
0.00486780
0.00376360
0.00240160
0.00374810
0.00426430
0.00348980
0.00266710
0.00000000
0.00000000
0.00000000
0.00000000
0.01583910
0.00506650
0.00687970
0.00528970
0.00622940
0.00489470
0.00456710
0.00457200
0.00461400
0.00531800
0.00418190
0.00512500
0.00400740
0.00443830
0.00416160
0.00408330
0.00467540
0.00502030
0.00406650
0.00370570
0.00397310
0.00402390
0.00391210
0.00402480
0.00426160
0.00443190
0.00357250
0.00360220
0.00456940
0.00386140
0.00371540
0.00346020
0.00349810
0.00401800
0.00395800
0.00365670
0.00383640
0.00524840
0.00405730
0.00403690
0.00371460
0.00444160
0.00378100
0.00409980
0.00349670
0.00456700
0.00348810
0.00350230
0.00450770
0.00389310
0.00390580
0.00380090
0.00406330
0.00438300
0.00402720
0.00362140
0.00370100
0.00506990
0.00380810
0.00410790
0.00363720
0.00390160
0.00379130
0.00424580
0.00355640
0.00391190
0.00352450
0.00354570
0.00501510
0.00431890
0.00353560
0.00362690
0.00360310
0.00406100
0.00408820
0.00346370
0.00363980
0.00397550
0.00348220
0.00371110
0.00364230
0.00397890
0.00369430
0.00399610
0.00355920
0.00408430
0.00350080
0.00349220
0.00434800
0.00384950
0.00349820
0.00349940
0.00355960
0.00420380
0.00425570
0.00359040
0.00389930
0.00443700
0.00355780
0.00372600
0.00354420
0.00386530
0.00383410
0.00397890
0.00351780
0.00393300
0.00345740
0.00380030
0.00436720
0.00386170
0.00366200
0.00346200
0.00347880
0.00418150
0.00398170
0.00351470
0.00390160
0.00441940
0.00406720
0.00465790
0.00372430
0.00439830
0.00424990
0.00371330
0.00353810
0.00380560
0.00350570
0.00347880
0.00430380
0.00385440
0.00358180
0.00344590
0.00346710
0.00411240
0.00427090
0.00358570
0.00388260
0.00425330
0.00346810
0.00392950
0.00359580
0.00399090
0.00349070
0.00358080
0.00350900
0.00491810
0.00370140
0.00354440
0.00441260
0.00416970
0.00352680
0.00354020
0.00363140
0.00397200
0.00397950
0.00346550
0.00371260
0.00428910
0.00347910
0.00390930
0.00368570
0.00388440
0.00353980
0.00354280
0.00350990
0.00527200
0.00353100
0.00347380
0.00452940
0.00406500
0.00381400
0.00380600
0.00349380
0.00406030
0.00391630
0.00347100
0.00387530
0.00428340
0.00360620
0.00369580
0.00418010
0.00393730
0.00356640
0.00348370
0.00360510
0.00522150
0.00365930
