0.00911830 0
0.00217750 1
0.00236460 1
0.00308260 1
0.00233720 1
0.00344040 1
0.00277520 1
0.00291980 1
0.00287640 1
0.00229490 1
0.00235420 1
0.00264360 1
0.00309690 1
-
-
-
-
0.01065860 0
0.00522980 1
0.00432210 1
0.00518560 1
0.00474360 1
0.00590320 1
0.00436730 1
0.00465470 1
0.00370800 1
-
-
-
-
0.00605930 0
0.00352190 1
0.00269480 1
0.00370360 1
0.00317170 1
0.00371780 1
0.00292070 1
0.00337380 1
0.00268860 1
0.00331270 1
0.00262740 1
0.00331320 1
0.00273140 1
0.00332130 1
0.00267840 1
0.00342590 1
0.00264910 1
0.00331720 1
0.00278330 1
0.00338290 1
0.00273110 1
0.00310820 1
0.00261920 1
0.00324060 1
0.00259060 1
0.00328690 1
0.00259980 1
0.00316700 1
0.00264950 1
0.00406830 1
0.00263200 1
0.00323020 1
0.00374260 1
0.00330200 1
0.00263020 1
0.00393660 1
0.00264820 1
0.00358470 1
0.00272570 1
-
-
-
-
0.00535720 0
0.00271090 1
0.00355650 1
0.00280120 1
0.00412140 1
0.00281680 1
0.00381660 1
0.00299220 1
0.00378240 1
0.00262540 1
0.00349680 1
0.00242860 1
0.00286110 1
0.00221060 1
0.00280960 1
0.00242640 1
0.00348800 1
0.00220180 1
0.00279490 1
0.00344640 1
0.00284130 1
0.00220160 1
0.00291580 1
0.00236530 1
0.00317230 1
0.00223090 1
0.00301090 1
0.00314440 1
0.00351660 1
0.00260250 1
0.02166900 1
0.00245700 1
0.00297650 1
0.00208880 1
0.00260390 1
0.00205080 1
0.00317860 1
0.00208290 1
0.00255090 1
0.00319540 1
0.00262540 1
0.00202220 1
0.00267450 1
0.00205580 1
0.00297460 1
0.00249870 1
0.00376870 1
0.00347210 1
0.00296720 1
0.00255500 1
0.00358670 1
0.00383290 1
0.00278500 1
0.00238320 1
0.00310640 1
0.00219440 1
0.00435020 1
0.00220170 1
0.00301310 1
0.00371730 1
0.00283930 1
0.00229310 1
0.00313570 1
0.00476180 1
0.00345660 1
0.00278720 1
0.00300170 1
0.00236640 1
0.00382030 1
0.00225380 1
0.00540650 1
0.00301560 1
0.00302990 1
0.00225500 1
0.00298220 1
0.00246380 1
0.00308350 1
0.00309860 1
0.00430120 1
0.00486780 1
0.00376360 1
0.00240160 1
0.00374810 1
0.00426430 1
0.00348980 1
0.00266710 1
-
-
-
-
0.01583910 0
0.00506650 1
0.00687970 1
0.00528970 1
0.00622940 1
0.00489470 1
0.00456710 1
0.00457200 1
0.00461400 1
0.00531800 1
0.00418190 1
0.00512500 1
0.00400740 1
0.00443830 1
0.00416160 1
0.00408330 1
0.00467540 1
0.00502030 1
0.00406650 1
0.00370570 1
0.00397310 1
0.00402390 1
0.00391210 1
0.00402480 1
0.00426160 1
0.00443190 1
0.00357250 1
0.00360220 1
0.00456940 1
0.00386140 1
0.00371540 1
0.00346020 1
0.00349810 1
0.00401800 1
0.00395800 1
0.00365670 1
0.00383640 1
0.00524840 1
0.00405730 1
0.00403690 1
0.00371460 1
0.00444160 1
0.00378100 1
0.00409980 1
0.00349670 1
0.00456700 1
0.00348810 1
0.00350230 1
0.00450770 1
0.00389310 1
0.00390580 1
0.00380090 1
0.00406330 1
0.00438300 1
0.00402720 1
0.00362140 1
0.00370100 1
0.00506990 1
0.00380810 1
0.00410790 1
0.00363720 1
0.00390160 1
0.00379130 1
0.00424580 1
0.00355640 1
0.00391190 1
0.00352450 1
0.00354570 1
0.00501510 1
0.00431890 1
0.00353560 1
0.00362690 1
0.00360310 1
0.00406100 1
0.00408820 1
0.00346370 1
0.00363980 1
0.00397550 1
0.00348220 1
0.00371110 1
0.00364230 1
0.00397890 1
0.00369430 1
0.00399610 1
0.00355920 1
0.00408430 1
0.00350080 1
0.00349220 1
0.00434800 1
0.00384950 1
0.00349820 1
0.00349940 1
0.00355960 1
0.00420380 1
0.00425570 1
0.00359040 1
0.00389930 1
0.00443700 1
0.00355780 1
0.00372600 1
0.00354420 1
0.00386530 1
0.00383410 1
0.00397890 1
0.00351780 1
0.00393300 1
0.00345740 1
0.00380030 1
0.00436720 1
0.00386170 1
0.00366200 1
0.00346200 1
0.00347880 1
0.00418150 1
0.00398170 1
0.00351470 1
0.00390160 1
0.00441940 1
0.00406720 1
0.00465790 1
0.00372430 1
0.00439830 1
0.00424990 1
0.00371330 1
0.00353810 1
0.00380560 1
0.00350570 1
0.00347880 1
0.00430380 1
0.00385440 1
0.00358180 1
0.00344590 1
0.00346710 1
0.00411240 1
0.00427090 1
0.00358570 1
0.00388260 1
0.00425330 1
0.00346810 1
0.00392950 1
0.00359580 1
0.00399090 1
0.00349070 1
0.00358080 1
0.00350900 1
0.00491810 1
0.00370140 1
0.00354440 1
0.00441260 1
0.00416970 1
0.00352680 1
0.00354020 1
0.00363140 1
0.00397200 1
0.00397950 1
0.00346550 1
0.00371260 1
0.00428910 1
0.00347910 1
0.00390930 1
0.00368570 1
0.00388440 1
0.00353980 1
0.00354280 1
0.00350990 1
0.00527200 1
0.00353100 1
0.00347380 1
0.00452940 1
0.00406500 1
0.00381400 1
0.00380600 1
0.00349380 1
0.00406030 1
0.00391630 1
0.00347100 1
0.00387530 1
0.00428340 1
0.00360620 1
0.00369580 1
0.00418010 1
0.00393730 1
0.00356640 1
0.00348370 1
0.00360510 1
0.00522150 1
0.00365930 1
