1
324.29,160.22,48.42,68.56
322.29,159.22,48.42,68.56
319.29,159.22,48.42,68.56
315.29,158.22,48.42,68.56
305.29,157.22,48.42,68.56
300.29,157.22,48.42,68.56
297.29,157.22,48.42,68.56
290.29,157.22,48.42,68.56
283.29,156.22,48.42,68.56
277.29,155.22,48.42,68.56
274.29,155.22,48.42,68.56
2
0
0
0
0
1
312.78,158.98,47.28,69.40
306.78,156.98,47.28,69.40
301.78,154.98,47.28,69.40
295.78,152.98,47.28,69.40
289.78,150.98,47.28,69.40
283.78,147.98,47.28,69.40
277.78,145.98,47.28,69.40
2
0
0
0
0
1
320.82,154.90,46.34,70.04
316.82,154.90,46.34,70.04
316.82,155.90,46.34,70.04
316.82,154.90,46.34,70.04
316.82,155.90,46.34,70.04
315.82,156.90,46.34,70.04
309.82,156.90,46.34,70.04
306.82,155.90,46.34,70.04
295.82,151.90,46.34,70.04
294.82,152.90,46.34,70.04
293.82,152.90,46.34,70.04
294.82,152.90,46.34,70.04
288.82,150.90,46.34,70.04
288.82,151.90,46.34,70.04
288.82,151.90,46.34,70.04
289.82,153.90,46.34,70.04
288.82,153.90,46.34,70.04
288.82,153.90,46.34,70.04
287.82,153.90,46.34,70.04
288.82,153.90,46.34,70.04
288.82,153.90,46.34,70.04
289.82,152.90,46.34,70.04
289.82,152.90,46.34,70.04
290.82,153.90,46.34,70.04
292.82,153.90,46.34,70.04
292.82,153.90,46.34,70.04
291.82,153.90,46.34,70.04
290.82,153.90,46.34,70.04
289.82,153.90,46.34,70.04
287.82,153.90,46.34,70.04
286.82,153.90,46.34,70.04
284.82,152.90,46.34,70.04
282.82,152.90,46.34,70.04
281.82,152.90,46.34,70.04
280.82,152.90,46.34,70.04
278.82,152.90,46.34,70.04
275.82,151.90,46.34,70.04
2
0
0
0
0
1
323.56,141.31,35.86,76.53
325.56,140.31,35.86,76.53
326.56,139.31,35.86,76.53
325.56,140.31,35.86,76.53
322.56,145.31,35.86,76.53
321.56,145.31,35.86,76.53
317.56,140.31,35.86,76.53
317.56,136.31,35.86,76.53
318.56,147.31,35.86,76.53
319.56,147.31,35.86,76.53
319.56,147.31,35.86,76.53
320.56,147.31,35.86,76.53
319.56,148.31,35.86,76.53
318.56,148.31,35.86,76.53
318.56,149.31,35.86,76.53
319.56,149.31,35.86,76.53
320.56,150.31,35.86,76.53
322.56,150.31,35.86,76.53
325.56,150.31,35.86,76.53
327.56,149.31,35.86,76.53
329.56,149.31,35.86,76.53
331.56,148.31,35.86,76.53
331.56,149.31,35.86,76.53
331.56,148.31,35.86,76.53
331.56,148.31,35.86,76.53
331.56,148.31,35.86,76.53
331.56,149.31,35.86,76.53
331.56,148.31,35.86,76.53
333.56,148.31,35.86,76.53
334.56,147.31,35.86,76.53
335.56,146.31,35.86,76.53
337.56,146.31,35.86,76.53
337.56,148.31,35.86,76.53
337.56,148.31,35.86,76.53
337.56,148.31,35.86,76.53
339.56,149.31,35.86,76.53
340.56,150.31,35.86,76.53
341.56,151.31,35.86,76.53
344.56,151.31,35.86,76.53
348.56,151.31,35.86,76.53
351.56,150.31,35.86,76.53
355.56,150.31,35.86,76.53
357.56,151.31,35.86,76.53
358.56,152.31,35.86,76.53
358.56,152.31,35.86,76.53
358.56,151.31,35.86,76.53
359.56,152.31,35.86,76.53
359.56,153.31,35.86,76.53
359.56,151.31,35.86,76.53
358.56,151.31,35.86,76.53
357.56,151.31,35.86,76.53
358.56,152.31,35.86,76.53
358.56,152.31,35.86,76.53
364.56,153.31,35.86,76.53
364.56,153.31,35.86,76.53
364.56,153.31,35.86,76.53
366.56,155.31,35.86,76.53
367.56,157.31,35.86,76.53
368.56,157.31,35.86,76.53
371.56,158.31,35.86,76.53
373.56,157.31,35.86,76.53
373.56,158.31,35.86,76.53
373.56,158.31,35.86,76.53
374.56,158.31,35.86,76.53
375.56,159.31,35.86,76.53
375.56,160.31,35.86,76.53
375.56,160.31,35.86,76.53
376.56,161.31,35.86,76.53
378.56,163.31,35.86,76.53
379.56,166.31,35.86,76.53
381.56,165.31,35.86,76.53
380.56,171.31,35.86,76.53
382.56,172.31,35.86,76.53
383.56,173.31,35.86,76.53
384.56,172.31,35.86,76.53
382.56,171.31,35.86,76.53
383.56,170.31,35.86,76.53
383.56,170.31,35.86,76.53
383.56,169.31,35.86,76.53
383.56,169.31,35.86,76.53
383.56,169.31,35.86,76.53
383.56,169.31,35.86,76.53
384.56,168.31,35.86,76.53
383.56,168.31,35.86,76.53
2
0
0
0
0
1
422.75,162.95,33.64,88.06
426.75,163.95,33.64,88.06
432.75,163.95,33.64,88.06
436.75,163.95,33.64,88.06
442.75,164.95,33.64,88.06
447.75,164.95,33.64,88.06
450.75,163.95,33.64,88.06
455.75,162.95,33.64,88.06
460.75,161.95,33.64,88.06
461.75,161.95,33.64,88.06
462.75,161.95,33.64,88.06
465.75,159.95,33.64,88.06
469.75,157.95,33.64,88.06
470.75,155.95,33.64,88.06
470.75,155.95,33.64,88.06
469.75,153.95,33.64,88.06
469.75,153.95,33.64,88.06
470.75,153.95,33.64,88.06
472.75,153.95,33.64,88.06
473.75,154.95,33.64,88.06
473.75,155.95,33.64,88.06
474.75,157.95,33.64,88.06
474.75,159.95,33.64,88.06
474.75,159.95,33.64,88.06
476.75,160.95,33.64,88.06
476.75,160.95,33.64,88.06
474.75,160.95,33.64,88.06
470.75,161.95,33.64,88.06
468.75,162.95,33.64,88.06
467.75,162.95,33.64,88.06
464.75,162.95,33.64,88.06
461.75,162.95,33.64,88.06
460.75,162.95,33.64,88.06
459.75,162.95,33.64,88.06
458.75,161.95,33.64,88.06
460.75,160.95,33.64,88.06
460.75,159.95,33.64,88.06
459.75,159.95,33.64,88.06
460.75,158.95,33.64,88.06
460.75,157.95,33.64,88.06
461.75,155.95,33.64,88.06
461.75,154.95,33.64,88.06
460.75,153.95,33.64,88.06
459.75,151.95,33.64,88.06
458.75,150.95,33.64,88.06
456.75,150.95,33.64,88.06
456.75,149.95,33.64,88.06
455.75,149.95,33.64,88.06
454.75,150.95,33.64,88.06
454.75,150.95,33.64,88.06
454.75,150.95,33.64,88.06
453.75,149.95,33.64,88.06
453.75,148.95,33.64,88.06
454.75,147.95,33.64,88.06
454.75,147.95,33.64,88.06
455.75,147.95,33.64,88.06
455.75,147.95,33.64,88.06
453.75,147.95,33.64,88.06
453.75,146.95,33.64,88.06
453.75,146.95,33.64,88.06
454.75,147.95,33.64,88.06
455.75,146.95,33.64,88.06
454.75,145.95,33.64,88.06
454.75,143.95,33.64,88.06
454.75,143.95,33.64,88.06
455.75,142.95,33.64,88.06
456.75,141.95,33.64,88.06
457.75,141.95,33.64,88.06
458.75,140.95,33.64,88.06
459.75,138.95,33.64,88.06
472.75,161.95,33.64,88.06
475.75,161.95,33.64,88.06
480.75,160.95,33.64,88.06
485.75,159.95,33.64,88.06
487.75,157.95,33.64,88.06
485.75,149.95,33.64,88.06
492.75,147.95,33.64,88.06
495.75,146.95,33.64,88.06
501.75,144.95,33.64,88.06
509.75,142.95,33.64,88.06
514.75,140.95,33.64,88.06
516.75,139.95,33.64,88.06
520.75,137.95,33.64,88.06
523.75,135.95,33.64,88.06
524.75,134.95,33.64,88.06
524.75,134.95,33.64,88.06
523.75,133.95,33.64,88.06
523.75,131.95,33.64,88.06
522.75,130.95,33.64,88.06
520.75,129.95,33.64,88.06
518.75,129.95,33.64,88.06
516.75,129.95,33.64,88.06
513.75,130.95,33.64,88.06
511.75,130.95,33.64,88.06
509.75,129.95,33.64,88.06
507.75,129.95,33.64,88.06
504.75,128.95,33.64,88.06
502.75,129.95,33.64,88.06
499.75,127.95,33.64,88.06
497.75,125.95,33.64,88.06
496.75,124.95,33.64,88.06
494.75,122.95,33.64,88.06
490.75,119.95,33.64,88.06
488.75,117.95,33.64,88.06
487.75,117.95,33.64,88.06
486.75,114.95,33.64,88.06
484.75,110.95,33.64,88.06
481.75,107.95,33.64,88.06
480.75,106.95,33.64,88.06
477.75,105.95,33.64,88.06
476.75,103.95,33.64,88.06
475.75,101.95,33.64,88.06
474.75,98.95,33.64,88.06
474.75,96.95,33.64,88.06
474.75,95.95,33.64,88.06
474.75,95.95,33.64,88.06
475.75,96.95,33.64,88.06
475.75,95.95,33.64,88.06
475.75,93.95,33.64,88.06
476.75,92.95,33.64,88.06
476.75,91.95,33.64,88.06
478.75,92.95,33.64,88.06
479.75,92.95,33.64,88.06
479.75,91.95,33.64,88.06
480.75,90.95,33.64,88.06
481.75,88.95,33.64,88.06
481.75,86.95,33.64,88.06
481.75,86.95,33.64,88.06
481.75,87.95,33.64,88.06
480.75,89.95,33.64,88.06
480.75,89.95,33.64,88.06
479.75,89.95,33.64,88.06
477.75,89.95,33.64,88.06
475.75,89.95,33.64,88.06
473.75,91.95,33.64,88.06
470.75,91.95,33.64,88.06
466.75,90.95,33.64,88.06
461.75,89.95,33.64,88.06
455.75,88.95,33.64,88.06
453.75,90.95,33.64,88.06
449.75,91.95,33.64,88.06
446.75,93.95,33.64,88.06
442.75,95.95,33.64,88.06
438.75,96.95,33.64,88.06
431.75,96.95,33.64,88.06
428.75,96.95,33.64,88.06
427.75,97.95,33.64,88.06
427.75,98.95,33.64,88.06
424.75,99.95,33.64,88.06
423.75,98.95,33.64,88.06
421.75,98.95,33.64,88.06
421.75,98.95,33.64,88.06
418.75,98.95,33.64,88.06
419.75,99.95,33.64,88.06
419.75,100.95,33.64,88.06
418.75,101.95,33.64,88.06
418.75,100.95,33.64,88.06
418.75,100.95,33.64,88.06
417.75,100.95,33.64,88.06
416.75,101.95,33.64,88.06
415.75,102.95,33.64,88.06
415.75,99.95,33.64,88.06
413.75,99.95,33.64,88.06
412.75,99.95,33.64,88.06
411.75,100.95,33.64,88.06
408.75,103.95,33.64,88.06
406.75,103.95,33.64,88.06
403.75,100.95,33.64,88.06
401.75,100.95,33.64,88.06
400.75,100.95,33.64,88.06
397.75,102.95,33.64,88.06
396.75,102.95,33.64,88.06
395.75,102.95,33.64,88.06
393.75,101.95,33.64,88.06
389.75,100.95,33.64,88.06
388.75,101.95,33.64,88.06
384.75,102.95,33.64,88.06
382.75,102.95,33.64,88.06
380.75,101.95,33.64,88.06
377.75,101.95,33.64,88.06
373.75,101.95,33.64,88.06
368.75,101.95,33.64,88.06
364.75,100.95,33.64,88.06
361.75,99.95,33.64,88.06
361.75,99.95,33.64,88.06
361.75,99.95,33.64,88.06
