0.00443330
0.00154570
0.00284250
0.00212360
0.00241200
0.00133750
0.00127820
0.00131870
0.00122870
0.00204360
0.00257630
0.00133840
0.00138980
0.00121600
0.00123370
0.00208680
0.00148430
0.00142650
0.00134830
0.00126100
0.00123800
0.00150210
0.00124150
0.00132080
0.00121940
0.00132650
0.00123820
0.00125690
0.00138400
0.00121030
0.00119720
0.00134640
0.00133140
0.00120850
0.00120300
0.00140020
0.00135790
0.00120590
0.00119240
0.00119780
0.00122100
0.00131520
0.00132300
0.00127650
0.00119940
0.00137220
0.00122110
0.00120750
0.00119840
0.00121180
0.00137110
0.00120230
0.00119090
0.00128350
0.00243910
0.00130110
0.00141290
0.00139660
0.00134650
0.00130960
0.00134590
0.00135350
0.00149610
0.00159810
0.00155880
0.00142570
0.00143990
0.00145950
0.00160400
0.00150150
0.00125130
0.00127540
0.00164600
0.00138720
0.00134730
0.00132620
0.00138990
0.00221250
0.00145220
0.00151700
0.00161030
0.00145840
0.00149850
0.00594580
0.00150440
0.00133100
0.00132200
0.00141220
0.00136630
0.00136150
0.00159640
0.00151990
0.00140210
0.00177060
0.00364730
0.00127690
0.00127530
0.00129650
0.00136560
0.00119670
0.00118680
0.00118690
0.00118480
0.00136560
0.00118650
0.00118480
0.00118070
0.00128290
0.00118350
0.00118410
0.00132660
0.00128080
0.00122690
0.00113790
0.00111870
0.00112030
0.00122200
0.00116110
0.00113920
0.00112350
0.00111760
0.00122710
0.00111810
0.00112260
0.00111570
0.00126670
0.00152160
0.00118050
0.00112320
0.00112050
0.00111500
0.00112190
0.00139460
0.00144420
0.00113580
0.00122960
0.00189150
0.00114420
0.00125280
0.00136200
0.00120570
0.00120250
0.00119490
0.00120210
0.00145800
0.00188140
0.00122020
0.00119830
0.00129020
0.00120040
0.00119190
0.00119590
0.00127060
0.00121460
0.00119390
0.00121380
0.00120270
0.00132960
0.00119780
0.00145130
0.00125050
0.00123980
0.00130020
0.00119790
0.00118600
0.00123040
0.00151340
0.00142550
0.00146930
0.00120920
0.00119380
0.00129680
0.00119050
0.00121400
0.00123070
0.00119920
0.00119630
0.00119680
0.00119350
0.00120540
0.00130550
0.00120060
0.00118610
0.00119500
0.00123300
0.00120290
0.00121950
0.00123040
0.00121570
0.00129360
0.00119240
0.00119550
0.00119150
0.00120330
0.00144030
0.00131940
0.00139430
0.00127110
0.00130000
0.00123650
0.00133690
0.00126930
0.00123150
0.00123590
0.00120650
0.00121020
0.00119840
0.00130660
0.00123030
0.00120630
0.00119760
0.00119860
0.00124230
0.00120870
0.00120000
0.00124370
0.00130300
0.00120220
0.00119450
0.00119960
0.00119700
0.00120790
0.00127780
0.00120270
0.00120030
0.00130130
0.00119880
0.00119620
0.00119690
0.00120230
0.00131770
0.00126710
0.00124050
0.00124430
0.00126490
0.00123410
0.00126120
0.00122760
0.00122310
0.00123210
0.00124330
0.00123860
0.00122690
0.00133290
0.00120380
0.00120090
0.00119020
0.00119580
0.00121010
0.00120840
0.00145930
0.00128440
0.00130210
0.00120250
0.00120230
0.00139260
0.00131050
0.00170900
0.00124970
0.00127990
0.00123360
0.00123450
0.00123920
0.00128140
0.00150230
0.00132480
0.00124020
0.00135970
0.00160780
0.00133120
0.00124700
0.00146530
0.00132070
0.00129310
0.00125870
0.00154610
0.00128940
0.00132580
0.00131690
0.00125000
0.00123400
0.00120010
