0.00443330 0
0.00154570 1
0.00284250 1
0.00212360 1
0.00241200 1
0.00133750 1
0.00127820 1
0.00131870 1
0.00122870 1
0.00204360 1
0.00257630 1
0.00133840 1
0.00138980 1
0.00121600 1
0.00123370 1
0.00208680 1
0.00148430 1
0.00142650 1
0.00134830 1
0.00126100 1
0.00123800 1
0.00150210 1
0.00124150 1
0.00132080 1
0.00121940 1
0.00132650 1
0.00123820 1
0.00125690 1
0.00138400 1
0.00121030 1
0.00119720 1
0.00134640 1
0.00133140 1
0.00120850 1
0.00120300 1
0.00140020 1
0.00135790 1
0.00120590 1
0.00119240 1
0.00119780 1
0.00122100 1
0.00131520 1
0.00132300 1
0.00127650 1
0.00119940 1
0.00137220 1
0.00122110 1
0.00120750 1
0.00119840 1
0.00121180 1
0.00137110 1
0.00120230 1
0.00119090 1
0.00128350 1
0.00243910 1
0.00130110 1
0.00141290 1
0.00139660 1
0.00134650 1
0.00130960 1
0.00134590 1
0.00135350 1
0.00149610 1
0.00159810 1
0.00155880 1
0.00142570 1
0.00143990 1
0.00145950 1
0.00160400 1
0.00150150 1
0.00125130 1
0.00127540 1
0.00164600 1
0.00138720 1
0.00134730 1
0.00132620 1
0.00138990 1
0.00221250 1
0.00145220 1
0.00151700 1
0.00161030 1
0.00145840 1
0.00149850 1
0.00594580 1
0.00150440 1
0.00133100 1
0.00132200 1
0.00141220 1
0.00136630 1
0.00136150 1
0.00159640 1
0.00151990 1
0.00140210 1
0.00177060 1
0.00364730 1
0.00127690 1
0.00127530 1
0.00129650 1
0.00136560 1
0.00119670 1
0.00118680 1
0.00118690 1
0.00118480 1
0.00136560 1
0.00118650 1
0.00118480 1
0.00118070 1
0.00128290 1
0.00118350 1
0.00118410 1
0.00132660 1
0.00128080 1
0.00122690 1
0.00113790 1
0.00111870 1
0.00112030 1
0.00122200 1
0.00116110 1
0.00113920 1
0.00112350 1
0.00111760 1
0.00122710 1
0.00111810 1
0.00112260 1
0.00111570 1
0.00126670 1
0.00152160 1
0.00118050 1
0.00112320 1
0.00112050 1
0.00111500 1
0.00112190 1
0.00139460 1
0.00144420 1
0.00113580 1
0.00122960 1
0.00189150 1
0.00114420 1
0.00125280 1
0.00136200 1
0.00120570 1
0.00120250 1
0.00119490 1
0.00120210 1
0.00145800 1
0.00188140 1
0.00122020 1
0.00119830 1
0.00129020 1
0.00120040 1
0.00119190 1
0.00119590 1
0.00127060 1
0.00121460 1
0.00119390 1
0.00121380 1
0.00120270 1
0.00132960 1
0.00119780 1
0.00145130 1
0.00125050 1
0.00123980 1
0.00130020 1
0.00119790 1
0.00118600 1
0.00123040 1
0.00151340 1
0.00142550 1
0.00146930 1
0.00120920 1
0.00119380 1
0.00129680 1
0.00119050 1
0.00121400 1
0.00123070 1
0.00119920 1
0.00119630 1
0.00119680 1
0.00119350 1
0.00120540 1
0.00130550 1
0.00120060 1
0.00118610 1
0.00119500 1
0.00123300 1
0.00120290 1
0.00121950 1
0.00123040 1
0.00121570 1
0.00129360 1
0.00119240 1
0.00119550 1
0.00119150 1
0.00120330 1
0.00144030 1
0.00131940 1
0.00139430 1
0.00127110 1
0.00130000 1
0.00123650 1
0.00133690 1
0.00126930 1
0.00123150 1
0.00123590 1
0.00120650 1
0.00121020 1
0.00119840 1
0.00130660 1
0.00123030 1
0.00120630 1
0.00119760 1
0.00119860 1
0.00124230 1
0.00120870 1
0.00120000 1
0.00124370 1
0.00130300 1
0.00120220 1
0.00119450 1
0.00119960 1
0.00119700 1
0.00120790 1
0.00127780 1
0.00120270 1
0.00120030 1
0.00130130 1
0.00119880 1
0.00119620 1
0.00119690 1
0.00120230 1
0.00131770 1
0.00126710 1
0.00124050 1
0.00124430 1
0.00126490 1
0.00123410 1
0.00126120 1
0.00122760 1
0.00122310 1
0.00123210 1
0.00124330 1
0.00123860 1
0.00122690 1
0.00133290 1
0.00120380 1
0.00120090 1
0.00119020 1
0.00119580 1
0.00121010 1
0.00120840 1
0.00145930 1
0.00128440 1
0.00130210 1
0.00120250 1
0.00120230 1
0.00139260 1
0.00131050 1
0.00170900 1
0.00124970 1
0.00127990 1
0.00123360 1
0.00123450 1
0.00123920 1
0.00128140 1
0.00150230 1
0.00132480 1
0.00124020 1
0.00135970 1
0.00160780 1
0.00133120 1
0.00124700 1
0.00146530 1
0.00132070 1
0.00129310 1
0.00125870 1
0.00154610 1
0.00128940 1
0.00132580 1
0.00131690 1
0.00125000 1
0.00123400 1
0.00120010 1
