0.00002900
0.01297120
0.00547340
0.00707170
0.00563810
0.00497670
0.00578170
0.00554450
0.00566020
0.00471930
0.00463400
0.00494500
0.00490110
0.00514900
0.00497760
0.00582060
0.00546750
0.00579070
0.00573710
0.00523360
0.00520550
0.00540890
0.00509650
0.00932120
0.00505360
0.00536870
0.00523330
0.00496530
0.00494330
0.00509360
0.00489290
0.00512040
0.00522330
0.00492810
0.00486410
0.00499980
0.00000000
0.00000000
0.00000000
0.00000000
0.00023040
0.00399420
0.00340280
0.00380370
0.00351030
0.00357020
0.00362460
0.00341980
0.00339560
0.00351720
0.00360510
0.00367240
0.00352330
0.00369910
0.00351450
0.00369810
0.00360390
0.00381820
0.00363310
0.00393010
0.00394120
0.00357660
0.00349750
0.00360340
0.00360260
0.00370570
0.00353650
0.00366240
0.00339010
0.00352770
0.00344530
0.00358900
0.00428250
0.00429720
0.00438470
0.00398410
0.00380200
0.00345820
0.00364200
0.00416800
0.00431840
0.00450550
0.00417300
0.00422920
0.00397690
0.00385950
0.00383850
0.00449480
0.00419700
0.00437590
0.00376740
0.00362620
0.00356120
0.00350520
0.00364100
0.00389890
0.00343720
0.00435080
0.00339890
0.00376300
0.00348540
0.00341600
0.00370930
0.00300600
0.00382280
0.00370220
0.00426470
0.00432650
0.00292710
0.00281740
0.00325460
0.00300370
0.00285830
0.00339280
0.00360130
0.00339790
0.00354160
0.00463330
0.00470800
0.00545580
0.00357690
0.00407410
0.00000000
0.00000000
0.00000000
0.00000000
0.00019680
0.00289780
0.00265900
0.00298650
0.00256180
0.00268040
0.00254450
0.00280510
0.00244420
0.00266740
0.00235180
0.00263650
0.00219410
0.00252670
0.00218250
0.00314400
0.00225510
0.00251130
0.00273950
0.00262540
0.00231410
0.00304670
0.00222490
0.00247030
0.00230100
0.00241780
0.00230920
0.00275260
0.00224340
0.00229460
0.00215290
0.00295930
0.00210450
0.00224950
0.00204350
0.00223630
0.00192920
0.00208660
0.00221690
0.00210380
0.00183120
0.00182760
0.00198830
0.00200350
0.00000000
0.00000000
0.00000000
0.00000000
0.00012140
0.00206390
0.00167750
0.00186610
0.00184210
0.00170070
0.00177430
0.00172560
0.00166090
0.00160100
0.00159960
0.00152280
0.00149100
0.00115130
0.00000000
0.00000000
0.00000000
0.00000000
0.00008360
0.00264180
0.00224770
0.00252460
0.00321030
0.00271340
0.00260230
0.00366440
0.00397020
0.00253420
0.00222740
0.00316430
0.00240810
0.00304270
0.00246290
0.00239110
0.00243520
0.00240920
0.00216630
0.00240250
0.00237430
0.00258780
0.00248810
0.00292960
0.00000000
0.00000000
0.00000000
