0.00022330
0.00075620
0.00179180
0.00068580
0.00057800
0.00057520
0.00054510
0.00053760
0.00101180
0.00057100
0.00054020
0.00052320
0.00053100
0.00103160
0.00055020
0.00053180
0.00054500
0.00052480
0.00107570
0.00057590
0.00058050
0.00055970
0.00066200
0.00075780
0.00000000
0.00000000
0.00000000
0.00000000
0.00003260
0.00067610
0.00088960
0.00059210
0.00053780
0.00055180
0.00053850
0.00053200
0.00059190
0.00054450
0.00053310
0.00065220
0.00055230
0.00068370
0.00076550
0.00054660
0.00068070
0.00058490
0.00099710
0.00061250
0.00079080
0.00054650
0.00054670
0.00054380
0.00063030
0.00054400
0.00055830
0.00054760
0.00057450
0.00059510
0.00059060
0.00059730
0.00054210
0.00000000
0.00000000
0.00000000
0.00000000
0.00001480
0.00056090
0.00066100
0.00078910
0.00064010
0.00067810
0.00065320
0.00057930
0.00062710
0.00062700
0.00077510
0.00057380
0.00058830
0.00083970
0.00058270
0.00058030
0.00058700
0.00057790
0.00061350
0.00055220
0.00055440
0.00053820
0.00062300
0.00063600
0.00055960
0.00053820
0.00054190
0.00054010
0.00054050
0.00052460
0.00055370
0.00050500
0.00054080
0.00053550
0.00054030
0.00055930
0.00051310
0.00053550
0.00057790
0.00065180
0.00067040
0.00067500
0.00070760
0.00084680
0.00063560
0.00054430
0.00127510
0.00057240
0.00054860
0.00053620
0.00057750
0.00084000
0.00057430
0.00058500
0.00059890
0.00059140
0.00056660
0.00054750
0.00061050
0.00056400
0.00059400
0.00065380
0.00059710
0.00058330
0.00058760
0.00057660
0.00066270
0.00060400
0.00056710
0.00104330
0.00057030
0.00059060
0.00061230
0.00057400
0.00063840
0.00000000
0.00000000
0.00000000
0.00000000
0.00016270
0.00089370
0.00075050
0.00058170
0.00057670
0.00057450
0.00061450
0.00065290
0.00063390
0.00060730
0.00073390
0.00061380
0.00061600
0.00056810
0.00058510
0.00058030
0.00066510
0.00063340
0.00079250
0.00065300
0.00067760
0.00000000
0.00000000
0.00000000
0.00000000
0.00002740
0.00075070
0.00087740
0.00064760
0.00053080
0.00052950
0.00048810
0.00048370
0.00051290
0.00051760
0.00046940
0.00046710
0.00047010
0.00000000
0.00000000
0.00000000
0.00000000
0.00001400
0.00070230
0.00064120
0.00053760
0.00053750
0.00053730
0.00054030
0.00054410
0.00054110
0.00050280
0.00057790
0.00072100
0.00063210
0.00062580
0.00065980
0.00076360
0.00059270
0.00054420
0.00076210
0.00083560
0.00072690
0.00054490
0.00055070
0.00055600
0.00055890
0.00054750
0.00054920
0.00067650
0.00054500
0.00077900
0.00058080
0.00053980
0.00069300
0.00000000
0.00000000
0.00000000
0.00000000
0.00001610
0.00050530
0.00043740
0.00051730
0.00045380
0.00046090
0.00043140
0.00040880
0.00043190
0.00043870
0.00046050
0.00047010
0.00045990
0.00047460
0.00049950
0.00046320
0.00044790
0.00086850
0.00079950
0.00055090
0.00052460
0.00062530
0.00054140
0.00052310
0.00080430
0.00058150
0.00051060
0.00050310
0.00048520
0.00085520
0.00053140
0.00052370
0.00051440
0.00051140
0.00048080
0.00069060
0.00047380
0.00046860
0.00051830
0.00047970
0.00045450
