1
168.00,80.00,50.00,51.00
167.00,79.00,50.00,51.00
166.00,79.00,50.00,51.00
165.00,79.00,50.00,51.00
165.00,79.00,50.00,51.00
165.00,79.00,50.00,51.00
164.00,78.00,50.00,51.00
163.00,78.00,50.00,51.00
162.00,77.00,50.00,51.00
160.00,76.00,50.00,51.00
156.00,75.00,50.00,51.00
153.00,74.00,50.00,51.00
150.00,73.00,50.00,51.00
147.00,72.00,50.00,51.00
143.00,71.00,50.00,51.00
140.00,69.00,50.00,51.00
137.00,69.00,50.00,51.00
163.00,89.00,50.00,51.00
164.00,89.00,50.00,51.00
164.00,89.00,50.00,51.00
164.00,89.00,50.00,51.00
164.00,89.00,50.00,51.00
2
0
0
0
0
1
90.00,63.00,50.00,52.00
87.00,65.00,50.00,52.00
85.00,66.00,50.00,52.00
83.00,67.00,50.00,52.00
82.00,68.00,50.00,52.00
82.00,69.00,50.00,52.00
82.00,69.00,50.00,52.00
82.00,70.00,50.00,52.00
83.00,70.00,50.00,52.00
84.00,71.00,50.00,52.00
84.00,72.00,50.00,52.00
103.00,54.00,50.00,52.00
101.00,54.00,50.00,52.00
98.00,60.00,50.00,52.00
95.00,62.00,50.00,52.00
95.00,62.00,50.00,52.00
95.00,62.00,50.00,52.00
95.00,62.00,50.00,52.00
93.00,63.00,50.00,52.00
93.00,63.00,50.00,52.00
93.00,63.00,50.00,52.00
96.00,62.00,50.00,52.00
96.00,62.00,50.00,52.00
96.00,62.00,50.00,52.00
96.00,62.00,50.00,52.00
96.00,62.00,50.00,52.00
96.00,62.00,50.00,52.00
96.00,62.00,50.00,52.00
96.00,62.00,50.00,52.00
97.00,62.00,50.00,52.00
97.00,62.00,50.00,52.00
2
0
0
0
0
1
174.00,106.00,53.00,53.00
179.00,106.00,53.00,53.00
185.00,108.00,53.00,53.00
189.00,109.00,53.00,53.00
193.00,111.00,53.00,53.00
196.00,112.00,53.00,53.00
198.00,114.00,53.00,53.00
199.00,117.00,53.00,53.00
203.00,119.00,53.00,53.00
206.00,121.00,53.00,53.00
207.00,123.00,53.00,53.00
209.00,125.00,53.00,53.00
208.00,129.00,53.00,53.00
207.00,131.00,53.00,53.00
207.00,136.00,53.00,53.00
206.00,138.00,53.00,53.00
205.00,139.00,53.00,53.00
200.00,143.00,53.00,53.00
197.00,146.00,53.00,53.00
196.00,147.00,53.00,53.00
194.00,147.00,53.00,53.00
192.00,147.00,53.00,53.00
188.00,148.00,53.00,53.00
185.00,148.00,53.00,53.00
183.00,147.00,53.00,53.00
180.00,146.00,53.00,53.00
178.00,145.00,53.00,53.00
177.00,143.00,53.00,53.00
176.00,140.00,53.00,53.00
176.00,136.00,53.00,53.00
175.00,131.00,53.00,53.00
175.00,126.00,53.00,53.00
174.00,121.00,53.00,53.00
174.00,118.00,53.00,53.00
173.00,114.00,53.00,53.00
173.00,109.00,53.00,53.00
173.00,106.00,53.00,53.00
172.00,104.00,53.00,53.00
174.00,98.00,53.00,53.00
175.00,93.00,53.00,53.00
176.00,90.00,53.00,53.00
176.00,88.00,53.00,53.00
176.00,87.00,53.00,53.00
174.00,87.00,53.00,53.00
173.00,88.00,53.00,53.00
171.00,90.00,53.00,53.00
169.00,91.00,53.00,53.00
168.00,92.00,53.00,53.00
168.00,93.00,53.00,53.00
171.00,104.00,53.00,53.00
171.00,104.00,53.00,53.00
171.00,104.00,53.00,53.00
171.00,104.00,53.00,53.00
171.00,104.00,53.00,53.00
171.00,104.00,53.00,53.00
171.00,104.00,53.00,53.00
171.00,104.00,53.00,53.00
171.00,104.00,53.00,53.00
171.00,104.00,53.00,53.00
171.00,104.00,53.00,53.00
171.00,104.00,53.00,53.00
171.00,103.00,53.00,53.00
161.00,123.00,53.00,53.00
167.00,105.00,53.00,53.00
165.00,105.00,53.00,53.00
166.00,105.00,53.00,53.00
167.00,105.00,53.00,53.00
167.00,105.00,53.00,53.00
168.00,105.00,53.00,53.00
167.00,105.00,53.00,53.00
166.00,105.00,53.00,53.00
171.00,105.00,53.00,53.00
171.00,105.00,53.00,53.00
2
0
0
0
0
1
198.00,37.00,33.00,52.00
197.00,36.00,33.00,52.00
196.00,36.00,33.00,52.00
194.00,36.00,33.00,52.00
192.00,36.00,33.00,52.00
190.00,37.00,33.00,52.00
186.00,38.00,33.00,52.00
182.00,39.00,33.00,52.00
178.00,43.00,33.00,52.00
175.00,46.00,33.00,52.00
171.00,52.00,33.00,52.00
168.00,54.00,33.00,52.00
169.00,57.00,33.00,52.00
170.00,61.00,33.00,52.00
171.00,65.00,33.00,52.00
172.00,69.00,33.00,52.00
173.00,74.00,33.00,52.00
174.00,75.00,33.00,52.00
175.00,76.00,33.00,52.00
2
0
0
0
0
1
178.00,93.00,47.00,50.00
179.00,94.00,47.00,50.00
178.00,94.00,47.00,50.00
175.00,92.00,47.00,50.00
173.00,92.00,47.00,50.00
167.00,90.00,47.00,50.00
162.00,89.00,47.00,50.00
155.00,86.00,47.00,50.00
148.00,85.00,47.00,50.00
175.00,92.00,47.00,50.00
175.00,92.00,47.00,50.00
2
0
0
0
0
1
75.00,70.00,47.00,52.00
68.00,68.00,47.00,52.00
61.00,67.00,47.00,52.00
56.00,67.00,47.00,52.00
50.00,68.00,47.00,52.00
44.00,70.00,47.00,52.00
39.00,72.00,47.00,52.00
35.00,75.00,47.00,52.00
33.00,79.00,47.00,52.00
33.00,83.00,47.00,52.00
34.00,85.00,47.00,52.00
37.00,88.00,47.00,52.00
40.00,90.00,47.00,52.00
44.00,93.00,47.00,52.00
48.00,98.00,47.00,52.00
51.00,102.00,47.00,52.00
54.00,108.00,47.00,52.00
56.00,113.00,47.00,52.00
58.00,119.00,47.00,52.00
61.00,125.00,47.00,52.00
65.00,131.00,47.00,52.00
67.00,135.00,47.00,52.00
70.00,139.00,47.00,52.00
74.00,141.00,47.00,52.00
77.00,144.00,47.00,52.00
80.00,146.00,47.00,52.00
84.00,148.00,47.00,52.00
88.00,149.00,47.00,52.00
92.00,150.00,47.00,52.00
72.00,126.00,47.00,52.00
72.00,126.00,47.00,52.00
2
0
0
0
0
1
134.00,183.00,50.00,44.00
139.00,184.00,50.00,44.00
144.00,184.00,50.00,44.00
149.00,183.00,50.00,44.00
154.00,182.00,50.00,44.00
159.00,180.00,50.00,44.00
164.00,178.00,50.00,44.00
169.00,176.00,50.00,44.00
172.00,172.00,50.00,44.00
173.00,169.00,50.00,44.00
175.00,166.00,50.00,44.00
177.00,162.00,50.00,44.00
179.00,159.00,50.00,44.00
180.00,157.00,50.00,44.00
182.00,154.00,50.00,44.00
184.00,151.00,50.00,44.00
188.00,148.00,50.00,44.00
189.00,146.00,50.00,44.00
189.00,145.00,50.00,44.00
189.00,143.00,50.00,44.00
189.00,142.00,50.00,44.00
189.00,140.00,50.00,44.00
189.00,138.00,50.00,44.00
188.00,135.00,50.00,44.00
188.00,130.00,50.00,44.00
188.00,125.00,50.00,44.00
186.00,123.00,50.00,44.00
187.00,115.00,50.00,44.00
186.00,111.00,50.00,44.00
186.00,120.00,50.00,44.00
185.00,117.00,50.00,44.00
183.00,96.00,50.00,44.00
181.00,93.00,50.00,44.00
179.00,92.00,50.00,44.00
178.00,91.00,50.00,44.00
177.00,91.00,50.00,44.00
177.00,90.00,50.00,44.00
177.00,90.00,50.00,44.00
176.00,90.00,50.00,44.00
176.00,89.00,50.00,44.00
