0.00259620
0.00329630
0.00350800
0.00221530
0.00230830
0.00322260
0.00303600
0.00232870
0.00246470
0.00231220
0.00241910
0.00355770
0.00311990
0.00225070
0.00208250
0.00243090
0.00246440
0.00215040
0.00221530
0.00217760
0.00231280
0.00212100
0.00212110
0.00229500
0.00210710
0.00211410
0.00211170
0.00227150
0.00213170
0.00233580
0.00212630
0.00222890
0.00211030
0.00210470
0.00241740
0.00235500
0.00231560
0.00206740
0.00206980
0.00225680
0.00205700
0.00204900
0.00225400
0.00238150
0.00226200
0.00214510
0.00210190
0.00233580
0.00213750
0.00217100
0.00207390
0.00222040
0.00213460
0.00211310
0.00214190
0.00249890
0.00212120
0.00220820
0.00218290
0.00237430
0.00213190
0.00212780
0.00221640
0.00210580
0.00217000
0.00211120
0.00214590
0.00222250
0.00225070
0.00210370
0.00205850
0.00222600
0.00249510
0.00214540
0.00211350
0.00219800
0.00210270
0.00207210
0.00204990
0.00205140
0.00255600
0.00219980
0.00219970
0.00220900
0.00211530
0.00241820
0.00211190
0.00237820
0.00222220
0.00233740
0.00224490
0.00240700
0.00243190
0.00268020
0.00218100
0.00234080
0.00215780
0.00232320
0.00224310
0.00235240
0.00223850
0.00235190
0.00229790
0.00219140
0.00217090
0.00229180
0.00224130
0.00221010
0.00220650
0.00216470
0.00224320
0.00216850
0.00224840
0.00227850
0.00268060
0.00222020
0.00221610
0.00232760
0.00239120
0.00238790
0.00231280
0.00233330
0.00228850
0.00230220
0.00241670
0.00245000
0.00217620
0.00216190
0.00221780
0.00239270
0.00218630
0.00226970
0.00215890
0.00222460
0.00218600
0.00215550
0.00257920
0.00362790
0.00232060
0.00218830
0.00243140
0.00394140
0.00250660
0.00224690
0.00215690
0.00234760
0.00231670
0.00236960
0.00235030
0.00223720
0.00234330
0.00247770
0.00235550
0.00218920
0.00238810
0.00216760
0.00216440
0.00231730
0.00224330
0.00215230
0.00220110
0.00264030
0.00264830
0.00241960
0.00228150
0.00238090
0.00219670
0.00223760
0.00222510
0.00240510
0.00222740
0.00228330
