0.00259620 0
0.00329630 1
0.00350800 1
0.00221530 1
0.00230830 1
0.00322260 1
0.00303600 1
0.00232870 1
0.00246470 1
0.00231220 1
0.00241910 1
0.00355770 1
0.00311990 1
0.00225070 1
0.00208250 1
0.00243090 1
0.00246440 1
0.00215040 1
0.00221530 1
0.00217760 1
0.00231280 1
0.00212100 1
0.00212110 1
0.00229500 1
0.00210710 1
0.00211410 1
0.00211170 1
0.00227150 1
0.00213170 1
0.00233580 1
0.00212630 1
0.00222890 1
0.00211030 1
0.00210470 1
0.00241740 1
0.00235500 1
0.00231560 1
0.00206740 1
0.00206980 1
0.00225680 1
0.00205700 1
0.00204900 1
0.00225400 1
0.00238150 1
0.00226200 1
0.00214510 1
0.00210190 1
0.00233580 1
0.00213750 1
0.00217100 1
0.00207390 1
0.00222040 1
0.00213460 1
0.00211310 1
0.00214190 1
0.00249890 1
0.00212120 1
0.00220820 1
0.00218290 1
0.00237430 1
0.00213190 1
0.00212780 1
0.00221640 1
0.00210580 1
0.00217000 1
0.00211120 1
0.00214590 1
0.00222250 1
0.00225070 1
0.00210370 1
0.00205850 1
0.00222600 1
0.00249510 1
0.00214540 1
0.00211350 1
0.00219800 1
0.00210270 1
0.00207210 1
0.00204990 1
0.00205140 1
0.00255600 1
0.00219980 1
0.00219970 1
0.00220900 1
0.00211530 1
0.00241820 1
0.00211190 1
0.00237820 1
0.00222220 1
0.00233740 1
0.00224490 1
0.00240700 1
0.00243190 1
0.00268020 1
0.00218100 1
0.00234080 1
0.00215780 1
0.00232320 1
0.00224310 1
0.00235240 1
0.00223850 1
0.00235190 1
0.00229790 1
0.00219140 1
0.00217090 1
0.00229180 1
0.00224130 1
0.00221010 1
0.00220650 1
0.00216470 1
0.00224320 1
0.00216850 1
0.00224840 1
0.00227850 1
0.00268060 1
0.00222020 1
0.00221610 1
0.00232760 1
0.00239120 1
0.00238790 1
0.00231280 1
0.00233330 1
0.00228850 1
0.00230220 1
0.00241670 1
0.00245000 1
0.00217620 1
0.00216190 1
0.00221780 1
0.00239270 1
0.00218630 1
0.00226970 1
0.00215890 1
0.00222460 1
0.00218600 1
0.00215550 1
0.00257920 1
0.00362790 1
0.00232060 1
0.00218830 1
0.00243140 1
0.00394140 1
0.00250660 1
0.00224690 1
0.00215690 1
0.00234760 1
0.00231670 1
0.00236960 1
0.00235030 1
0.00223720 1
0.00234330 1
0.00247770 1
0.00235550 1
0.00218920 1
0.00238810 1
0.00216760 1
0.00216440 1
0.00231730 1
0.00224330 1
0.00215230 1
0.00220110 1
0.00264030 1
0.00264830 1
0.00241960 1
0.00228150 1
0.00238090 1
0.00219670 1
0.00223760 1
0.00222510 1
0.00240510 1
0.00222740 1
0.00228330 1
