0.00225210
0.00622110
0.00261490
0.00240880
0.00744060
0.00240330
0.00249330
0.00239640
0.00254550
0.00270810
0.00336420
0.00220730
0.00271090
0.00228850
0.00225750
0.00249690
0.00227730
0.00246640
0.00248590
0.00248420
0.00221720
0.00222130
0.00279080
0.00245820
0.00000000
0.00000000
0.00000000
0.00000000
0.00143280
0.00189170
0.00195160
0.00210920
0.00209920
0.00244750
0.00219500
0.00208610
0.00213980
0.00261880
0.00505720
0.00194560
0.00233010
0.00228100
0.00207430
0.00498740
0.00225430
0.00381210
0.00212870
0.00206290
0.00198440
0.00193000
0.00916020
0.00190090
0.00194980
0.00179870
0.00178640
0.00179840
0.00196890
0.00183890
0.00179930
0.00182100
0.00182120
0.00179690
0.00177940
0.00178810
0.00000000
0.00000000
0.00000000
0.00000000
0.00156730
0.00225380
0.00245180
0.00209750
0.00219870
0.00259200
0.00211170
0.00206700
0.00207390
0.00238160
0.00204950
0.00208180
0.00209030
0.00230130
0.00227120
0.00192780
0.00204890
0.00224540
0.00205720
0.00215160
0.00194110
0.00195040
0.00220340
0.00199970
0.00200090
0.00200880
0.00197520
0.00207910
0.00195430
0.00199230
0.00203160
0.00199320
0.00197750
0.00188130
0.00186720
0.00208020
0.00211970
0.00341960
0.00192230
0.00236360
0.00189150
0.00208740
0.00201960
0.00199130
0.00194530
0.00192220
0.00186880
0.00206250
0.00211010
0.00188810
0.00192700
0.00193970
0.00189060
0.00190350
0.00186180
0.00198500
0.00194320
0.00214030
0.00197250
0.00187150
0.00186980
0.00187280
0.00190760
0.00187030
0.00197200
0.00191790
0.00218400
0.00186810
0.00209470
0.00197850
0.00208800
0.00195740
0.00192920
0.00197320
0.00194790
0.00195920
0.00200500
0.00194150
0.00000000
0.00000000
0.00000000
0.00000000
0.00115350
0.00097290
0.00083110
0.00086830
0.00080290
0.00077960
0.00080360
0.00077910
0.00084080
0.00087870
0.00093190
0.00091200
0.00082210
0.00085790
0.00123500
0.00086750
0.00082790
0.00082640
0.00081220
0.00086130
0.00098570
0.00091930
0.00082510
0.00082220
0.00086620
0.00089290
0.01124570
0.00091920
0.00099140
0.00093620
0.00081710
0.00080380
0.00000000
0.00000000
0.00000000
0.00000000
0.00211730
0.00328890
0.00288050
0.00282470
0.00301910
0.00312540
0.00281080
0.00289800
0.00303700
0.00282210
0.00283730
0.00273780
0.00300050
0.00283310
0.00275570
0.00282700
0.00277630
0.00296120
0.00271810
0.00311630
0.00273080
0.00274430
0.00302310
0.00304290
0.00292570
0.00296770
0.00315390
0.00295970
0.00292860
0.00296310
0.00290680
0.00289210
0.00276340
0.00331230
0.00279110
0.00277680
0.00283940
0.00283970
0.00280750
0.00270740
0.00313750
0.00284790
0.00283340
0.00280080
0.00278390
0.00286300
0.00272800
0.00297500
0.00274050
0.00283350
0.00273990
0.00306050
0.00271430
0.00271900
0.00279690
0.00275380
0.00271950
0.00295760
0.00291600
0.00282700
0.00289060
0.00274800
0.00298580
0.00276520
0.00286640
0.00288950
0.00276160
0.00276410
0.00273140
0.00301040
0.00274530
0.00321190
0.00281820
0.00372550
0.00278010
0.00323230
0.00347280
0.00308160
