0.00225210 0
0.00622110 1
0.00261490 1
0.00240880 1
0.00744060 1
0.00240330 1
0.00249330 1
0.00239640 1
0.00254550 1
0.00270810 1
0.00336420 1
0.00220730 1
0.00271090 1
0.00228850 1
0.00225750 1
0.00249690 1
0.00227730 1
0.00246640 1
0.00248590 1
0.00248420 1
0.00221720 1
0.00222130 1
0.00279080 1
0.00245820 1
-
-
-
-
0.00143280 0
0.00189170 1
0.00195160 1
0.00210920 1
0.00209920 1
0.00244750 1
0.00219500 1
0.00208610 1
0.00213980 1
0.00261880 1
0.00505720 1
0.00194560 1
0.00233010 1
0.00228100 1
0.00207430 1
0.00498740 1
0.00225430 1
0.00381210 1
0.00212870 1
0.00206290 1
0.00198440 1
0.00193000 1
0.00916020 1
0.00190090 1
0.00194980 1
0.00179870 1
0.00178640 1
0.00179840 1
0.00196890 1
0.00183890 1
0.00179930 1
0.00182100 1
0.00182120 1
0.00179690 1
0.00177940 1
0.00178810 1
-
-
-
-
0.00156730 0
0.00225380 1
0.00245180 1
0.00209750 1
0.00219870 1
0.00259200 1
0.00211170 1
0.00206700 1
0.00207390 1
0.00238160 1
0.00204950 1
0.00208180 1
0.00209030 1
0.00230130 1
0.00227120 1
0.00192780 1
0.00204890 1
0.00224540 1
0.00205720 1
0.00215160 1
0.00194110 1
0.00195040 1
0.00220340 1
0.00199970 1
0.00200090 1
0.00200880 1
0.00197520 1
0.00207910 1
0.00195430 1
0.00199230 1
0.00203160 1
0.00199320 1
0.00197750 1
0.00188130 1
0.00186720 1
0.00208020 1
0.00211970 1
0.00341960 1
0.00192230 1
0.00236360 1
0.00189150 1
0.00208740 1
0.00201960 1
0.00199130 1
0.00194530 1
0.00192220 1
0.00186880 1
0.00206250 1
0.00211010 1
0.00188810 1
0.00192700 1
0.00193970 1
0.00189060 1
0.00190350 1
0.00186180 1
0.00198500 1
0.00194320 1
0.00214030 1
0.00197250 1
0.00187150 1
0.00186980 1
0.00187280 1
0.00190760 1
0.00187030 1
0.00197200 1
0.00191790 1
0.00218400 1
0.00186810 1
0.00209470 1
0.00197850 1
0.00208800 1
0.00195740 1
0.00192920 1
0.00197320 1
0.00194790 1
0.00195920 1
0.00200500 1
0.00194150 1
-
-
-
-
0.00115350 0
0.00097290 1
0.00083110 1
0.00086830 1
0.00080290 1
0.00077960 1
0.00080360 1
0.00077910 1
0.00084080 1
0.00087870 1
0.00093190 1
0.00091200 1
0.00082210 1
0.00085790 1
0.00123500 1
0.00086750 1
0.00082790 1
0.00082640 1
0.00081220 1
0.00086130 1
0.00098570 1
0.00091930 1
0.00082510 1
0.00082220 1
0.00086620 1
0.00089290 1
0.01124570 1
0.00091920 1
0.00099140 1
0.00093620 1
0.00081710 1
0.00080380 1
-
-
-
-
0.00211730 0
0.00328890 1
0.00288050 1
0.00282470 1
0.00301910 1
0.00312540 1
0.00281080 1
0.00289800 1
0.00303700 1
0.00282210 1
0.00283730 1
0.00273780 1
0.00300050 1
0.00283310 1
0.00275570 1
0.00282700 1
0.00277630 1
0.00296120 1
0.00271810 1
0.00311630 1
0.00273080 1
0.00274430 1
0.00302310 1
0.00304290 1
0.00292570 1
0.00296770 1
0.00315390 1
0.00295970 1
0.00292860 1
0.00296310 1
0.00290680 1
0.00289210 1
0.00276340 1
0.00331230 1
0.00279110 1
0.00277680 1
0.00283940 1
0.00283970 1
0.00280750 1
0.00270740 1
0.00313750 1
0.00284790 1
0.00283340 1
0.00280080 1
0.00278390 1
0.00286300 1
0.00272800 1
0.00297500 1
0.00274050 1
0.00283350 1
0.00273990 1
0.00306050 1
0.00271430 1
0.00271900 1
0.00279690 1
0.00275380 1
0.00271950 1
0.00295760 1
0.00291600 1
0.00282700 1
0.00289060 1
0.00274800 1
0.00298580 1
0.00276520 1
0.00286640 1
0.00288950 1
0.00276160 1
0.00276410 1
0.00273140 1
0.00301040 1
0.00274530 1
0.00321190 1
0.00281820 1
0.00372550 1
0.00278010 1
0.00323230 1
0.00347280 1
0.00308160 1
