1
168.00,80.00,50.00,51.00
167.00,80.00,50.00,51.00
167.00,79.00,50.00,51.00
167.00,79.00,50.00,51.00
167.00,79.00,50.00,51.00
167.00,79.00,50.00,51.00
167.00,79.00,50.00,51.00
166.00,79.00,50.00,51.00
166.00,79.00,50.00,51.00
166.00,79.00,50.00,51.00
166.00,79.00,50.00,51.00
165.00,79.00,50.00,51.00
164.00,78.00,50.00,51.00
163.00,78.00,50.00,51.00
162.00,77.00,50.00,51.00
163.00,78.00,50.00,51.00
164.00,78.00,50.00,51.00
164.00,78.00,50.00,51.00
164.00,78.00,50.00,51.00
164.00,78.00,50.00,51.00
164.00,78.00,50.00,51.00
164.00,78.00,50.00,51.00
2
0
0
0
0
1
91.00,63.00,50.00,52.00
88.00,65.00,50.00,52.00
86.00,66.00,50.00,52.00
84.00,67.00,50.00,52.00
83.00,68.00,50.00,52.00
82.00,68.00,50.00,52.00
82.00,69.00,50.00,52.00
82.00,69.00,50.00,52.00
82.00,70.00,50.00,52.00
83.00,70.00,50.00,52.00
83.00,71.00,50.00,52.00
84.00,73.00,50.00,52.00
85.00,76.00,50.00,52.00
86.00,79.00,50.00,52.00
86.00,83.00,50.00,52.00
86.00,86.00,50.00,52.00
88.00,89.00,50.00,52.00
90.00,91.00,50.00,52.00
93.00,94.00,50.00,52.00
95.00,96.00,50.00,52.00
98.00,98.00,50.00,52.00
101.00,100.00,50.00,52.00
103.00,101.00,50.00,52.00
110.00,102.00,50.00,52.00
111.00,102.00,50.00,52.00
111.00,101.00,50.00,52.00
111.00,101.00,50.00,52.00
111.00,101.00,50.00,52.00
111.00,101.00,50.00,52.00
111.00,101.00,50.00,52.00
111.00,101.00,50.00,52.00
111.00,101.00,50.00,52.00
111.00,101.00,50.00,52.00
111.00,101.00,50.00,52.00
2
0
0
0
0
1
184.00,108.00,53.00,53.00
189.00,111.00,53.00,53.00
191.00,113.00,53.00,53.00
198.00,115.00,53.00,53.00
200.00,117.00,53.00,53.00
202.00,119.00,53.00,53.00
204.00,120.00,53.00,53.00
205.00,121.00,53.00,53.00
207.00,125.00,53.00,53.00
207.00,127.00,53.00,53.00
206.00,129.00,53.00,53.00
206.00,131.00,53.00,53.00
205.00,133.00,53.00,53.00
204.00,134.00,53.00,53.00
200.00,138.00,53.00,53.00
199.00,139.00,53.00,53.00
198.00,139.00,53.00,53.00
196.00,139.00,53.00,53.00
193.00,140.00,53.00,53.00
190.00,141.00,53.00,53.00
187.00,141.00,53.00,53.00
184.00,141.00,53.00,53.00
181.00,140.00,53.00,53.00
179.00,139.00,53.00,53.00
177.00,138.00,53.00,53.00
176.00,135.00,53.00,53.00
177.00,130.00,53.00,53.00
176.00,126.00,53.00,53.00
176.00,121.00,53.00,53.00
175.00,116.00,53.00,53.00
175.00,112.00,53.00,53.00
175.00,109.00,53.00,53.00
174.00,106.00,53.00,53.00
174.00,102.00,53.00,53.00
175.00,96.00,53.00,53.00
175.00,93.00,53.00,53.00
175.00,88.00,53.00,53.00
175.00,85.00,53.00,53.00
176.00,83.00,53.00,53.00
175.00,83.00,53.00,53.00
174.00,83.00,53.00,53.00
173.00,84.00,53.00,53.00
172.00,85.00,53.00,53.00
171.00,86.00,53.00,53.00
170.00,87.00,53.00,53.00
170.00,88.00,53.00,53.00
170.00,88.00,53.00,53.00
170.00,89.00,53.00,53.00
171.00,89.00,53.00,53.00
171.00,89.00,53.00,53.00
171.00,90.00,53.00,53.00
171.00,90.00,53.00,53.00
171.00,90.00,53.00,53.00
172.00,90.00,53.00,53.00
172.00,90.00,53.00,53.00
172.00,90.00,53.00,53.00
172.00,90.00,53.00,53.00
172.00,89.00,53.00,53.00
173.00,89.00,53.00,53.00
173.00,88.00,53.00,53.00
173.00,88.00,53.00,53.00
173.00,88.00,53.00,53.00
173.00,87.00,53.00,53.00
173.00,88.00,53.00,53.00
173.00,88.00,53.00,53.00
173.00,88.00,53.00,53.00
172.00,88.00,53.00,53.00
172.00,88.00,53.00,53.00
172.00,88.00,53.00,53.00
172.00,88.00,53.00,53.00
172.00,88.00,53.00,53.00
172.00,88.00,53.00,53.00
172.00,88.00,53.00,53.00
172.00,88.00,53.00,53.00
172.00,88.00,53.00,53.00
172.00,88.00,53.00,53.00
2
0
0
0
0
1
192.00,34.00,28.00,52.00
187.00,38.00,28.00,52.00
184.00,39.00,28.00,52.00
180.00,43.00,28.00,52.00
176.00,47.00,28.00,52.00
175.00,49.00,28.00,52.00
174.00,52.00,28.00,52.00
174.00,52.00,28.00,52.00
173.00,53.00,28.00,52.00
173.00,53.00,28.00,52.00
173.00,53.00,28.00,52.00
173.00,53.00,28.00,52.00
173.00,52.00,28.00,52.00
173.00,53.00,28.00,52.00
173.00,53.00,28.00,52.00
173.00,53.00,28.00,52.00
173.00,53.00,28.00,52.00
173.00,53.00,28.00,52.00
173.00,53.00,28.00,52.00
173.00,53.00,28.00,52.00
173.00,53.00,28.00,52.00
173.00,53.00,28.00,52.00
173.00,53.00,28.00,52.00
173.00,53.00,28.00,52.00
173.00,53.00,28.00,52.00
173.00,53.00,28.00,52.00
173.00,53.00,28.00,52.00
173.00,53.00,28.00,52.00
173.00,53.00,28.00,52.00
172.00,53.00,28.00,52.00
2
0
0
0
0
1
76.00,70.00,47.00,52.00
70.00,70.00,47.00,52.00
64.00,69.00,47.00,52.00
58.00,68.00,47.00,52.00
52.00,69.00,47.00,52.00
46.00,70.00,47.00,52.00
41.00,72.00,47.00,52.00
37.00,75.00,47.00,52.00
35.00,79.00,47.00,52.00
34.00,83.00,47.00,52.00
36.00,86.00,47.00,52.00
39.00,88.00,47.00,52.00
41.00,90.00,47.00,52.00
45.00,93.00,47.00,52.00
49.00,98.00,47.00,52.00
53.00,103.00,47.00,52.00
56.00,108.00,47.00,52.00
58.00,113.00,47.00,52.00
60.00,119.00,47.00,52.00
63.00,125.00,47.00,52.00
67.00,131.00,47.00,52.00
70.00,136.00,47.00,52.00
73.00,140.00,47.00,52.00
76.00,142.00,47.00,52.00
79.00,143.00,47.00,52.00
82.00,145.00,47.00,52.00
86.00,146.00,47.00,52.00
90.00,148.00,47.00,52.00
94.00,149.00,47.00,52.00
98.00,150.00,47.00,52.00
103.00,152.00,47.00,52.00
106.00,155.00,47.00,52.00
111.00,160.00,47.00,52.00
115.00,165.00,47.00,52.00
121.00,169.00,47.00,52.00
127.00,174.00,47.00,52.00
133.00,178.00,47.00,52.00
138.00,181.00,47.00,52.00
143.00,182.00,47.00,52.00
148.00,182.00,47.00,52.00
152.00,181.00,47.00,52.00
157.00,180.00,47.00,52.00
162.00,179.00,47.00,52.00
167.00,177.00,47.00,52.00
171.00,174.00,47.00,52.00
174.00,171.00,47.00,52.00
176.00,167.00,47.00,52.00
177.00,164.00,47.00,52.00
178.00,161.00,47.00,52.00
180.00,158.00,47.00,52.00
181.00,155.00,47.00,52.00
183.00,153.00,47.00,52.00
185.00,150.00,47.00,52.00
186.00,148.00,47.00,52.00
187.00,146.00,47.00,52.00
187.00,145.00,47.00,52.00
187.00,144.00,47.00,52.00
187.00,142.00,47.00,52.00
187.00,141.00,47.00,52.00
187.00,139.00,47.00,52.00
187.00,135.00,47.00,52.00
186.00,132.00,47.00,52.00
186.00,133.00,47.00,52.00
186.00,132.00,47.00,52.00
186.00,132.00,47.00,52.00
185.00,132.00,47.00,52.00
185.00,132.00,47.00,52.00
185.00,132.00,47.00,52.00
185.00,132.00,47.00,52.00
184.00,132.00,47.00,52.00
183.00,131.00,47.00,52.00
182.00,131.00,47.00,52.00
181.00,131.00,47.00,52.00
181.00,131.00,47.00,52.00
180.00,130.00,47.00,52.00
180.00,130.00,47.00,52.00
180.00,130.00,47.00,52.00
