0.02554100
0.00711670
0.00845870
0.00658510
0.00705530
0.00759620
0.00656430
0.00692650
0.00629650
0.00652160
0.00609980
0.00657350
0.00685160
0.00691430
0.00626090
0.00641330
0.00657450
0.00728360
0.00721590
0.00611500
0.00614400
0.00613420
0.00670880
0.00893160
0.00711480
0.00647180
0.00622060
0.00621380
0.00603390
0.00617350
0.00606620
0.00615190
0.00597740
0.00617610
0.00604850
0.00646160
0.00649400
0.00686600
0.00625590
0.00707170
0.00680380
0.00653590
0.00654040
0.00664940
0.00645240
0.00657990
0.00653110
0.00642750
0.00644790
0.00725150
0.00705610
0.00687370
0.00661220
0.00685050
0.00699210
0.00708460
0.00768830
0.00671690
0.00640420
0.00647280
0.00648200
0.00644410
0.00646160
0.00659950
0.00659900
0.00641760
0.00659370
0.00656230
0.00682130
0.00705180
0.00677680
0.00639130
0.00649560
0.00654380
0.00639460
0.00806740
0.00691510
0.00691780
0.00710390
0.00650110
0.00652180
0.00751110
0.00758280
0.00686910
0.00700050
0.00712800
0.00781070
0.00740280
0.00652300
0.00726060
0.00716790
0.00669230
0.00663890
0.00659390
0.00670080
0.00904740
0.00718230
0.00754820
0.00750430
0.00723300
0.00763350
0.00797990
0.00735030
0.01675980
0.00928880
0.00676040
0.00627170
0.00764160
0.00644100
0.00643880
0.00639780
0.00639730
0.00636510
0.00672810
0.00710660
0.00677670
0.00632770
0.00609770
0.00604870
0.00682560
0.00602430
0.00645170
0.00638390
0.00661610
0.00633930
0.00642510
0.00652850
0.00695550
0.00622190
0.00613760
0.00626100
0.00612680
0.00670350
0.00693680
0.00689390
0.00637440
0.00640160
0.00611190
0.00636700
0.00613590
0.00624110
0.00606230
0.00604490
0.00595090
0.00615400
0.00628660
0.00679380
0.00608290
0.00601870
0.00602480
0.00609460
0.00617590
0.00607970
0.00623360
0.00721490
0.00689880
0.00674450
0.00705770
0.00701990
0.00688810
0.00626610
0.00640160
0.00621130
0.00622920
0.00657080
0.00667930
0.00616700
0.00610440
0.00589620
0.00600490
0.00601680
0.00624510
0.00607420
0.00600460
0.00596760
0.00608060
0.00601170
0.00680500
0.00670260
0.00599180
0.00610000
0.00651150
0.00607340
0.00648680
0.00624650
0.00629290
0.00625300
0.00626800
0.00615560
0.00614930
0.00658960
0.00684450
0.00657070
0.00632660
0.00618890
0.00618040
0.00637400
0.00620700
0.00622760
0.00613200
0.00652270
0.00610680
0.00654090
0.00627990
0.00714270
0.00621060
0.00634380
0.00640020
0.00636990
0.00645970
0.00660130
0.00631030
0.00628340
0.00632180
0.00614000
0.00611460
0.00751340
0.00637700
0.00631350
0.00611150
0.00593600
0.00621590
0.00635790
0.00682880
0.00631640
0.00633270
0.00628680
0.00634770
0.00615390
0.00623350
0.00607660
0.00628850
0.00618860
0.00634640
0.00616280
0.00645980
0.00680290
0.00641300
0.00646530
0.00594440
0.00596420
0.00642900
0.00738640
0.00673670
0.00653720
0.00683070
0.00644200
0.00623270
0.00725230
0.00639540
0.00626810
0.00592530
0.00625920
0.00623210
0.00678170
0.00722750
0.00635470
0.00639190
0.00615780
0.00616810
0.00607790
0.00593880
0.00590980
0.00613970
0.00606470
0.00621650
0.00640940
0.00716850
0.00674350
0.00624490
0.00617410
0.00615170
0.00598720
0.00710600
0.00660340
0.00623440
0.00632790
0.00660420
0.00639820
0.00634900
0.00609450
0.00607920
0.00594130
0.00605710
0.00602700
0.00618100
0.00625820
0.00661940
0.00678690
0.00667560
0.00669640
0.00632330
0.00607130
0.00592660
0.00619290
0.00604190
0.00591950
0.00669700
0.00632680
0.00654930
0.00687700
0.00601720
0.00622800
0.00605770
0.00675420
0.00633850
0.00637140
0.00623660
0.00621780
0.00608760
0.00617130
0.00592570
0.00639650
0.00657760
0.00619510
0.00616490
0.00614470
0.00591190
0.00656280
0.00667540
0.00618800
0.00600780
0.00635890
0.00625240
0.00637010
0.00650850
0.00675850
0.00638800
0.00617510
0.00603670
0.00607350
0.00676590
0.00699530
0.00654360
0.00662550
0.00626160
0.00614600
0.00607840
0.00622690
0.00640660
0.00615670
0.00624420
0.00617650
0.00629730
0.00636210
0.00689320
0.00603850
0.00644900
0.00623990
0.00628160
0.00655030
0.00693080
0.00603200
0.00622520
0.00627400
0.00620110
0.00611980
0.00620890
0.00621600
0.00624970
0.00623930
0.00613310
0.00629780
0.00639070
0.00670670
0.00609520
0.00694560
0.00629720
0.00622250
0.00626450
0.00626760
0.00605050
0.00602030
0.00597570
0.00637800
0.00625410
0.00644460
0.00675520
0.00631340
0.00631050
0.00637010
0.00620610
0.00651580
0.00673210
0.00858260
0.00772770
0.00806900
0.00721870
0.00757030
0.00760890
0.00738550
0.00650730
0.00647180
0.00647300
0.00640220
0.00672940
0.00709840
0.00708390
0.00814630
0.01052920
0.00795620
0.00813580
0.00689610
0.00761750
0.00831960
0.00713310
0.00993590
0.00868340
0.00815070
0.00761400
0.00778850
0.00875850
0.00728030
0.00940590
0.01178830
0.01152490
0.00838100
0.00793900
0.01243300
0.00807380
0.01355550
0.01064410
0.03897310
0.00731920
0.01203840
0.00717700
0.00806710
0.00918940
0.00787980
0.00846200
0.00809100
0.00673910
0.00663000
0.00684130
0.00660120
0.00668520
0.00659450
0.00662880
0.00687510
0.00744610
0.00685900
0.00848980
0.00652000
0.00699810
0.00611860
0.00674610
0.00614090
0.00657750
0.00623390
0.00670510
0.00633130
0.00628300
0.00621610
0.00661310
0.00687710
0.00612100
0.00627200
0.00620620
0.00628710
0.00658560
0.00708980
0.00626730
0.00635740
0.00650300
0.00815910
0.00689530
0.00638780
0.00664570
0.00628090
0.00655120
0.00627870
0.00631340
0.00641180
0.00732030
0.00637690
0.00717150
0.00686050
0.00635210
0.00656470
0.00634480
0.00645210
0.00607170
0.00619000
0.00599110
0.00620100
0.00631270
0.00695100
0.00619440
0.00778240
0.00628380
0.00619970
0.00648110
0.00691930
0.00644230
0.00708530
0.00614090
0.00593060
0.00646050
0.00623380
0.00624780
0.00592300
0.00607340
0.00607180
0.00621690
0.00697920
0.00739090
0.00651340
0.00659770
0.00646540
0.00605190
0.00652400
0.00620200
0.00628280
0.00610490
0.00622200
0.00611680
0.00610500
0.00621740
0.00672970
0.00636090
0.00640810
0.00616590
0.00645110
0.00613680
0.00619580
0.00624820
0.00637420
0.00624920
0.00619070
0.00614160
0.00637980
0.00719260
0.00619690
0.00655370
0.00594910
0.00654520
0.00650730
0.00697400
0.00614190
0.00625890
0.00602530
0.00605010
0.00602330
0.00633520
0.00623430
0.00641270
0.00615290
0.00608630
0.00609130
0.00652660
0.00755990
0.00602270
0.00609980
0.00614530
0.00641750
0.00596420
0.00608680
0.00602140
0.00623480
0.00604070
0.00621040
0.00599480
0.00687380
0.00675190
0.00631240
0.00614790
0.00604580
0.00599530
0.00636420
0.00653780
0.00615170
0.00602500
0.00683970
0.00641550
0.00656240
0.00628830
0.00611680
0.00612180
0.00596670
0.00631310
0.00604230
0.00641000
0.00650470
0.00619240
0.00614730
0.00613470
0.00604540
0.00643050
0.00727590
0.00635360
0.00650460
0.00668840
0.00631110
0.00595310
0.00677530
0.00679630
0.00647860
0.00630450
0.00647200
0.00612190
0.00644550
0.00623470
0.00638950
0.00624450
0.00654120
0.00623860
0.00617110
0.00667150
0.00671310
0.00662010
0.00848090
0.00658280
0.00622430
0.00762770
0.00689570
0.00633030
0.00648090
0.00622000
0.00636420
0.00615780
0.00738380
0.00631770
0.00663630
0.00603640
0.00614060
0.00624190
0.00649620
0.00699720
0.00614080
0.00626400
0.00607020
0.00603380
0.00594700
0.00617320
0.00631780
0.00692430
0.00651880
0.00628410
0.00717630
0.00727430
0.00772000
0.00644930
0.00643380
0.00612550
0.00638060
0.00796980
0.00664620
0.00608400
0.00653910
0.00618950
0.00593510
0.00591330
0.00626180
0.00618160
0.00659920
0.00621420
0.00599480
0.00640250
0.00662290
0.00691210
0.00632210
0.00630270
0.00615850
0.00623830
0.00622610
0.00630020
0.00609890
0.00619310
0.00618140
0.00620770
0.00618580
0.00698660
0.00701170
0.00621730
0.00627450
0.00620030
0.00620590
0.00643810
0.00722060
0.00680500
0.00644680
0.00633420
0.00611740
0.00603700
0.00626400
0.00606000
0.00604040
0.00611130
0.00605660
0.00597330
0.00650940
0.00687140
0.00617680
0.00631220
0.00631510
0.00626970
0.00625740
0.00628920
0.00628680
0.00648400
0.00621800
0.00631460
0.00606210
0.00702430
0.00687550
0.00645370
0.00619620
0.00629310
0.00636210
0.00607860
0.00623210
0.00656260
0.00663220
0.00627210
0.00623950
0.00653820
0.00712900
0.00765500
0.00640420
0.00672700
0.00626760
0.00641750
0.00636500
0.00670220
0.00603250
0.00631420
0.00619900
0.00649430
0.00622830
0.00775030
0.00642590
