0.02554100 0
0.00711670 1
0.00845870 1
0.00658510 1
0.00705530 1
0.00759620 1
0.00656430 1
0.00692650 1
0.00629650 1
0.00652160 1
0.00609980 1
0.00657350 1
0.00685160 1
0.00691430 1
0.00626090 1
0.00641330 1
0.00657450 1
0.00728360 1
0.00721590 1
0.00611500 1
0.00614400 1
0.00613420 1
0.00670880 1
0.00893160 1
0.00711480 1
0.00647180 1
0.00622060 1
0.00621380 1
0.00603390 1
0.00617350 1
0.00606620 1
0.00615190 1
0.00597740 1
0.00617610 1
0.00604850 1
0.00646160 1
0.00649400 1
0.00686600 1
0.00625590 1
0.00707170 1
0.00680380 1
0.00653590 1
0.00654040 1
0.00664940 1
0.00645240 1
0.00657990 1
0.00653110 1
0.00642750 1
0.00644790 1
0.00725150 1
0.00705610 1
0.00687370 1
0.00661220 1
0.00685050 1
0.00699210 1
0.00708460 1
0.00768830 1
0.00671690 1
0.00640420 1
0.00647280 1
0.00648200 1
0.00644410 1
0.00646160 1
0.00659950 1
0.00659900 1
0.00641760 1
0.00659370 1
0.00656230 1
0.00682130 1
0.00705180 1
0.00677680 1
0.00639130 1
0.00649560 1
0.00654380 1
0.00639460 1
0.00806740 1
0.00691510 1
0.00691780 1
0.00710390 1
0.00650110 1
0.00652180 1
0.00751110 1
0.00758280 1
0.00686910 1
0.00700050 1
0.00712800 1
0.00781070 1
0.00740280 1
0.00652300 1
0.00726060 1
0.00716790 1
0.00669230 1
0.00663890 1
0.00659390 1
0.00670080 1
0.00904740 1
0.00718230 1
0.00754820 1
0.00750430 1
0.00723300 1
0.00763350 1
0.00797990 1
0.00735030 1
0.01675980 1
0.00928880 1
0.00676040 1
0.00627170 1
0.00764160 1
0.00644100 1
0.00643880 1
0.00639780 1
0.00639730 1
0.00636510 1
0.00672810 1
0.00710660 1
0.00677670 1
0.00632770 1
0.00609770 1
0.00604870 1
0.00682560 1
0.00602430 1
0.00645170 1
0.00638390 1
0.00661610 1
0.00633930 1
0.00642510 1
0.00652850 1
0.00695550 1
0.00622190 1
0.00613760 1
0.00626100 1
0.00612680 1
0.00670350 1
0.00693680 1
0.00689390 1
0.00637440 1
0.00640160 1
0.00611190 1
0.00636700 1
0.00613590 1
0.00624110 1
0.00606230 1
0.00604490 1
0.00595090 1
0.00615400 1
0.00628660 1
0.00679380 1
0.00608290 1
0.00601870 1
0.00602480 1
0.00609460 1
0.00617590 1
0.00607970 1
0.00623360 1
0.00721490 1
0.00689880 1
0.00674450 1
0.00705770 1
0.00701990 1
0.00688810 1
0.00626610 1
0.00640160 1
0.00621130 1
0.00622920 1
0.00657080 1
0.00667930 1
0.00616700 1
0.00610440 1
0.00589620 1
0.00600490 1
0.00601680 1
0.00624510 1
0.00607420 1
0.00600460 1
0.00596760 1
0.00608060 1
0.00601170 1
0.00680500 1
0.00670260 1
0.00599180 1
0.00610000 1
0.00651150 1
0.00607340 1
0.00648680 1
0.00624650 1
0.00629290 1
0.00625300 1
0.00626800 1
0.00615560 1
0.00614930 1
0.00658960 1
0.00684450 1
0.00657070 1
0.00632660 1
0.00618890 1
0.00618040 1
0.00637400 1
0.00620700 1
0.00622760 1
0.00613200 1
0.00652270 1
0.00610680 1
0.00654090 1
0.00627990 1
0.00714270 1
0.00621060 1
0.00634380 1
0.00640020 1
0.00636990 1
0.00645970 1
0.00660130 1
0.00631030 1
0.00628340 1
0.00632180 1
0.00614000 1
0.00611460 1
0.00751340 1
0.00637700 1
0.00631350 1
0.00611150 1
0.00593600 1
0.00621590 1
0.00635790 1
0.00682880 1
0.00631640 1
0.00633270 1
0.00628680 1
0.00634770 1
0.00615390 1
0.00623350 1
0.00607660 1
0.00628850 1
0.00618860 1
0.00634640 1
0.00616280 1
0.00645980 1
0.00680290 1
0.00641300 1
0.00646530 1
0.00594440 1
0.00596420 1
0.00642900 1
0.00738640 1
0.00673670 1
0.00653720 1
0.00683070 1
0.00644200 1
0.00623270 1
0.00725230 1
0.00639540 1
0.00626810 1
0.00592530 1
0.00625920 1
0.00623210 1
0.00678170 1
0.00722750 1
0.00635470 1
0.00639190 1
0.00615780 1
0.00616810 1
0.00607790 1
0.00593880 1
0.00590980 1
0.00613970 1
0.00606470 1
0.00621650 1
0.00640940 1
0.00716850 1
0.00674350 1
0.00624490 1
0.00617410 1
0.00615170 1
0.00598720 1
0.00710600 1
0.00660340 1
0.00623440 1
0.00632790 1
0.00660420 1
0.00639820 1
0.00634900 1
0.00609450 1
0.00607920 1
0.00594130 1
0.00605710 1
0.00602700 1
0.00618100 1
0.00625820 1
0.00661940 1
0.00678690 1
0.00667560 1
0.00669640 1
0.00632330 1
0.00607130 1
0.00592660 1
0.00619290 1
0.00604190 1
0.00591950 1
0.00669700 1
0.00632680 1
0.00654930 1
0.00687700 1
0.00601720 1
0.00622800 1
0.00605770 1
0.00675420 1
0.00633850 1
0.00637140 1
0.00623660 1
0.00621780 1
0.00608760 1
0.00617130 1
0.00592570 1
0.00639650 1
0.00657760 1
0.00619510 1
0.00616490 1
0.00614470 1
0.00591190 1
0.00656280 1
0.00667540 1
0.00618800 1
0.00600780 1
0.00635890 1
0.00625240 1
0.00637010 1
0.00650850 1
0.00675850 1
0.00638800 1
0.00617510 1
0.00603670 1
0.00607350 1
0.00676590 1
0.00699530 1
0.00654360 1
0.00662550 1
0.00626160 1
0.00614600 1
0.00607840 1
0.00622690 1
0.00640660 1
0.00615670 1
0.00624420 1
0.00617650 1
0.00629730 1
0.00636210 1
0.00689320 1
0.00603850 1
0.00644900 1
0.00623990 1
0.00628160 1
0.00655030 1
0.00693080 1
0.00603200 1
0.00622520 1
0.00627400 1
0.00620110 1
0.00611980 1
0.00620890 1
0.00621600 1
0.00624970 1
0.00623930 1
0.00613310 1
0.00629780 1
0.00639070 1
0.00670670 1
0.00609520 1
0.00694560 1
0.00629720 1
0.00622250 1
0.00626450 1
0.00626760 1
0.00605050 1
0.00602030 1
0.00597570 1
0.00637800 1
0.00625410 1
0.00644460 1
0.00675520 1
0.00631340 1
0.00631050 1
0.00637010 1
0.00620610 1
0.00651580 1
0.00673210 1
0.00858260 1
0.00772770 1
0.00806900 1
0.00721870 1
0.00757030 1
0.00760890 1
0.00738550 1
0.00650730 1
0.00647180 1
0.00647300 1
0.00640220 1
0.00672940 1
0.00709840 1
0.00708390 1
0.00814630 1
0.01052920 1
0.00795620 1
0.00813580 1
0.00689610 1
0.00761750 1
0.00831960 1
0.00713310 1
0.00993590 1
0.00868340 1
0.00815070 1
0.00761400 1
0.00778850 1
0.00875850 1
0.00728030 1
0.00940590 1
0.01178830 1
0.01152490 1
0.00838100 1
0.00793900 1
0.01243300 1
0.00807380 1
0.01355550 1
0.01064410 1
0.03897310 1
0.00731920 1
0.01203840 1
0.00717700 1
0.00806710 1
0.00918940 1
0.00787980 1
0.00846200 1
0.00809100 1
0.00673910 1
0.00663000 1
0.00684130 1
0.00660120 1
0.00668520 1
0.00659450 1
0.00662880 1
0.00687510 1
0.00744610 1
0.00685900 1
0.00848980 1
0.00652000 1
0.00699810 1
0.00611860 1
0.00674610 1
0.00614090 1
0.00657750 1
0.00623390 1
0.00670510 1
0.00633130 1
0.00628300 1
0.00621610 1
0.00661310 1
0.00687710 1
0.00612100 1
0.00627200 1
0.00620620 1
0.00628710 1
0.00658560 1
0.00708980 1
0.00626730 1
0.00635740 1
0.00650300 1
0.00815910 1
0.00689530 1
0.00638780 1
0.00664570 1
0.00628090 1
0.00655120 1
0.00627870 1
0.00631340 1
0.00641180 1
0.00732030 1
0.00637690 1
0.00717150 1
0.00686050 1
0.00635210 1
0.00656470 1
0.00634480 1
0.00645210 1
0.00607170 1
0.00619000 1
0.00599110 1
0.00620100 1
0.00631270 1
0.00695100 1
0.00619440 1
0.00778240 1
0.00628380 1
0.00619970 1
0.00648110 1
0.00691930 1
0.00644230 1
0.00708530 1
0.00614090 1
0.00593060 1
0.00646050 1
0.00623380 1
0.00624780 1
0.00592300 1
0.00607340 1
0.00607180 1
0.00621690 1
0.00697920 1
0.00739090 1
0.00651340 1
0.00659770 1
0.00646540 1
0.00605190 1
0.00652400 1
0.00620200 1
0.00628280 1
0.00610490 1
0.00622200 1
0.00611680 1
0.00610500 1
0.00621740 1
0.00672970 1
0.00636090 1
0.00640810 1
0.00616590 1
0.00645110 1
0.00613680 1
0.00619580 1
0.00624820 1
0.00637420 1
0.00624920 1
0.00619070 1
0.00614160 1
0.00637980 1
0.00719260 1
0.00619690 1
0.00655370 1
0.00594910 1
0.00654520 1
0.00650730 1
0.00697400 1
0.00614190 1
0.00625890 1
0.00602530 1
0.00605010 1
0.00602330 1
0.00633520 1
0.00623430 1
0.00641270 1
0.00615290 1
0.00608630 1
0.00609130 1
0.00652660 1
0.00755990 1
0.00602270 1
0.00609980 1
0.00614530 1
0.00641750 1
0.00596420 1
0.00608680 1
0.00602140 1
0.00623480 1
0.00604070 1
0.00621040 1
0.00599480 1
0.00687380 1
0.00675190 1
0.00631240 1
0.00614790 1
0.00604580 1
0.00599530 1
0.00636420 1
0.00653780 1
0.00615170 1
0.00602500 1
0.00683970 1
0.00641550 1
0.00656240 1
0.00628830 1
0.00611680 1
0.00612180 1
0.00596670 1
0.00631310 1
0.00604230 1
0.00641000 1
0.00650470 1
0.00619240 1
0.00614730 1
0.00613470 1
0.00604540 1
0.00643050 1
0.00727590 1
0.00635360 1
0.00650460 1
0.00668840 1
0.00631110 1
0.00595310 1
0.00677530 1
0.00679630 1
0.00647860 1
0.00630450 1
0.00647200 1
0.00612190 1
0.00644550 1
0.00623470 1
0.00638950 1
0.00624450 1
0.00654120 1
0.00623860 1
0.00617110 1
0.00667150 1
0.00671310 1
0.00662010 1
0.00848090 1
0.00658280 1
0.00622430 1
0.00762770 1
0.00689570 1
0.00633030 1
0.00648090 1
0.00622000 1
0.00636420 1
0.00615780 1
0.00738380 1
0.00631770 1
0.00663630 1
0.00603640 1
0.00614060 1
0.00624190 1
0.00649620 1
0.00699720 1
0.00614080 1
0.00626400 1
0.00607020 1
0.00603380 1
0.00594700 1
0.00617320 1
0.00631780 1
0.00692430 1
0.00651880 1
0.00628410 1
0.00717630 1
0.00727430 1
0.00772000 1
0.00644930 1
0.00643380 1
0.00612550 1
0.00638060 1
0.00796980 1
0.00664620 1
0.00608400 1
0.00653910 1
0.00618950 1
0.00593510 1
0.00591330 1
0.00626180 1
0.00618160 1
0.00659920 1
0.00621420 1
0.00599480 1
0.00640250 1
0.00662290 1
0.00691210 1
0.00632210 1
0.00630270 1
0.00615850 1
0.00623830 1
0.00622610 1
0.00630020 1
0.00609890 1
0.00619310 1
0.00618140 1
0.00620770 1
0.00618580 1
0.00698660 1
0.00701170 1
0.00621730 1
0.00627450 1
0.00620030 1
0.00620590 1
0.00643810 1
0.00722060 1
0.00680500 1
0.00644680 1
0.00633420 1
0.00611740 1
0.00603700 1
0.00626400 1
0.00606000 1
0.00604040 1
0.00611130 1
0.00605660 1
0.00597330 1
0.00650940 1
0.00687140 1
0.00617680 1
0.00631220 1
0.00631510 1
0.00626970 1
0.00625740 1
0.00628920 1
0.00628680 1
0.00648400 1
0.00621800 1
0.00631460 1
0.00606210 1
0.00702430 1
0.00687550 1
0.00645370 1
0.00619620 1
0.00629310 1
0.00636210 1
0.00607860 1
0.00623210 1
0.00656260 1
0.00663220 1
0.00627210 1
0.00623950 1
0.00653820 1
0.00712900 1
0.00765500 1
0.00640420 1
0.00672700 1
0.00626760 1
0.00641750 1
0.00636500 1
0.00670220 1
0.00603250 1
0.00631420 1
0.00619900 1
0.00649430 1
0.00622830 1
0.00775030 1
0.00642590 1
