0.00675350 0
0.00688250 1
0.00725480 1
0.00711460 1
0.00979700 1
0.00694960 1
0.00715580 1
0.00667040 1
0.00626890 1
0.00620610 1
0.00600140 1
0.00617800 1
0.00616320 1
0.00590820 1
0.00643920 1
0.00682470 1
0.00630330 1
0.00613840 1
0.00784960 1
0.00652900 1
0.00599600 1
0.00616210 1
0.00599170 1
0.00608010 1
0.00590340 1
0.00635660 1
0.00684510 1
0.00641450 1
0.00606820 1
0.00698700 1
0.00629550 1
0.00686850 1
0.00623050 1
0.00652560 1
0.00640220 1
0.00610310 1
0.00648570 1
0.00702450 1
0.00711540 1
0.00709370 1
0.00805340 1
0.00742040 1
0.00651530 1
0.00681500 1
0.00645140 1
0.00660720 1
0.00678400 1
0.00724580 1
0.00787380 1
0.00646010 1
0.00786030 1
0.00650010 1
0.00702580 1
0.00671310 1
0.00675120 1
0.00659860 1
0.00701060 1
0.00643870 1
0.00647600 1
0.00650970 1
0.00662470 1
0.00640920 1
0.00654290 1
0.00636010 1
0.00658660 1
0.00650460 1
0.00677450 1
0.00639260 1
0.00674950 1
0.00635710 1
0.00678930 1
0.00641220 1
0.00702200 1
0.00638360 1
0.00656390 1
0.00632600 1
0.00778070 1
0.00663700 1
0.00674700 1
0.00644750 1
0.00679890 1
0.00652060 1
0.00665900 1
0.00702240 1
0.00758930 1
0.00855370 1
0.00712520 1
0.00715590 1
0.00656940 1
0.00657730 1
0.00720240 1
0.00721670 1
0.00724900 1
0.00689940 1
0.00681630 1
0.00721460 1
0.00796100 1
0.00783950 1
0.00701380 1
0.00994060 1
0.02117870 1
0.00905420 1
0.00703370 1
0.00749170 1
0.00675750 1
0.00690170 1
0.01121190 1
0.00757560 1
0.00602650 1
0.00662720 1
0.00620990 1
0.00600090 1
0.00604130 1
0.00587180 1
0.00649490 1
0.00622470 1
0.00670320 1
0.00591930 1
0.00676640 1
0.00625860 1
0.00655090 1
0.00623920 1
0.00711610 1
0.00596770 1
0.00628180 1
0.00598060 1
0.00671290 1
0.00601280 1
0.00658560 1
0.00667140 1
0.00632660 1
0.00598610 1
0.00647470 1
0.00667660 1
0.00625000 1
0.00604130 1
0.00627690 1
0.00606450 1
0.00711020 1
0.00687140 1
0.00779610 1
0.00656570 1
0.00679480 1
0.00675000 1
0.00744490 1
0.00651020 1
0.00685820 1
0.00639040 1
0.00685830 1
0.00633190 1
0.00711430 1
0.00701020 1
0.00795270 1
0.00750510 1
0.00685100 1
0.00707120 1
0.00628750 1
0.00677340 1
0.00645770 1
0.00673900 1
0.00642220 1
0.00778940 1
0.00749140 1
0.00671320 1
0.00709430 1
0.00662230 1
0.00692740 1
0.00630580 1
0.00600040 1
0.00744480 1
0.00609590 1
0.00641760 1
0.00645880 1
0.00703880 1
0.00642710 1
0.00622230 1
0.00597940 1
0.00629690 1
0.00610760 1
0.00664600 1
0.00608320 1
0.00654380 1
0.00618300 1
0.00692470 1
0.00700330 1
0.00658530 1
0.00627150 1
0.00665890 1
0.00688070 1
0.00663000 1
0.00631370 1
0.00647320 1
0.00624600 1
0.00628630 1
0.00628290 1
0.00704550 1
0.00644820 1
0.00642720 1
0.00663890 1
0.00755130 1
0.00633750 1
0.00648790 1
0.00614900 1
0.00665570 1
0.00642640 1
0.00689630 1
0.00684770 1
0.00649630 1
0.00614530 1
0.00728950 1
0.00787510 1
0.00641390 1
0.00653050 1
0.00660620 1
0.00602970 1
0.00643540 1
0.00662060 1
0.00684480 1
0.00687510 1
0.00627300 1
0.00703420 1
0.00704780 1
0.00637340 1
0.00632870 1
0.00776100 1
0.00644300 1
0.00632070 1
0.00630300 1
0.00685130 1
0.00635910 1
0.00636630 1
0.00706790 1
0.00662300 1
0.00592780 1
0.00612570 1
0.00708980 1
0.00642460 1
0.00605590 1
0.00647020 1
0.00700270 1
0.00665040 1
0.00660050 1
0.00671280 1
0.00680190 1
0.00678920 1
0.00670980 1
0.00760380 1
0.00768600 1
0.00680380 1
0.00702020 1
0.00708480 1
0.00702480 1
0.00627250 1
0.00628210 1
0.00589770 1
0.00586220 1
0.00623630 1
0.00624040 1
0.00664500 1
0.00606160 1
0.00649710 1
0.00658030 1
0.00646260 1
0.00594410 1
0.00632920 1
0.00592410 1
0.00655500 1
0.00601230 1
0.00635670 1
0.00620920 1
0.00688100 1
0.00655130 1
0.00757280 1
0.00639410 1
0.00767410 1
0.00624860 1
0.00675280 1
0.00606640 1
0.00675580 1
0.00631440 1
0.00652450 1
0.00622800 1
0.00677910 1
0.00684170 1
0.00651370 1
0.00623120 1
0.00626910 1
0.00619600 1
0.00628780 1
0.00628810 1
0.00642920 1
0.00626890 1
0.00586100 1
0.00649060 1
0.00713580 1
0.00619050 1
0.00597030 1
0.00603900 1
0.00589630 1
0.00617820 1
0.00618440 1
0.00618440 1
0.00620680 1
0.00637710 1
0.00654470 1
0.00767610 1
0.00637510 1
0.00613410 1
0.00592570 1
0.00615260 1
0.00638660 1
0.00642610 1
0.00600790 1
0.00613390 1
0.00602430 1
0.00632380 1
0.00610300 1
0.00639770 1
0.00673930 1
0.00733630 1
0.00670990 1
0.00714180 1
0.00626730 1
0.00690100 1
0.00632260 1
0.00657380 1
0.00602950 1
0.00614420 1
0.00608870 1
0.00699240 1
0.00613780 1
0.00805880 1
0.00626610 1
0.00695050 1
0.00618650 1
0.00722900 1
0.00632230 1
0.00638080 1
0.00631430 1
0.00645500 1
0.00630790 1
0.00783700 1
0.00744120 1
0.00651920 1
0.00627290 1
0.00652200 1
0.00627560 1
0.00652630 1
0.00624240 1
0.00643330 1
0.00617100 1
0.00627330 1
0.00646500 1
0.00694770 1
0.00599490 1
0.00628270 1
0.00600180 1
0.00636500 1
0.00604130 1
0.00603290 1
0.00589700 1
0.00669640 1
0.00605180 1
0.00649100 1
0.00690720 1
0.00632850 1
0.00590680 1
0.00612710 1
0.00627060 1
0.00608820 1
0.00617930 1
0.00614620 1
0.00633220 1
0.00639030 1
0.00642730 1
0.00624720 1
0.00646560 1
0.00636640 1
0.00653950 1
0.00661780 1
0.00652460 1
0.00616380 1
0.00653940 1
0.00603720 1
0.00625630 1
0.00618330 1
0.00723380 1
0.00624860 1
0.00718630 1
0.00902910 1
0.00873420 1
0.00845650 1
0.00792990 1
0.01048770 1
0.00781080 1
0.00648670 1
0.00710810 1
0.00738840 1
0.00669590 1
0.00672850 1
0.00845890 1
0.01271730 1
0.00769440 1
0.00805010 1
0.00723360 1
0.00800500 1
0.00838020 1
0.00842560 1
0.01338270 1
0.00753250 1
0.00771130 1
0.00719100 1
0.00769960 1
0.00909870 1
0.00687700 1
0.01242270 1
0.01163690 1
0.01049110 1
0.00738120 1
0.01257990 1
0.00984760 1
0.01014250 1
0.01071100 1
0.01010960 1
0.00795060 1
0.00720060 1
0.00862550 1
0.00870300 1
0.00723120 1
0.00905150 1
0.00702950 1
0.00638060 1
0.00661400 1
0.00663710 1
0.00698250 1
0.00655820 1
0.00682160 1
0.00665010 1
0.00747980 1
0.00677620 1
0.00709170 1
0.02704410 1
0.00858420 1
0.00693140 1
0.00733100 1
0.00707820 1
0.00655610 1
0.00633420 1
0.00628070 1
0.00607260 1
0.00646880 1
0.00656330 1
0.00739910 1
0.00689330 1
0.00626700 1
0.00676420 1
0.00658480 1
0.00633360 1
0.00606110 1
0.00603980 1
0.00618360 1
0.00623980 1
0.00711370 1
0.01108120 1
0.00657810 1
0.00679390 1
0.00692460 1
0.00634460 1
0.00682530 1
0.00630390 1
0.00620450 1
0.00623830 1
0.00611380 1
0.00638400 1
0.00650440 1
0.00653450 1
0.00621940 1
0.00683170 1
0.00613280 1
0.00619480 1
0.00599050 1
0.00786520 1
0.00632790 1
0.00622180 1
0.00645080 1
0.00697780 1
0.00612470 1
0.00608430 1
0.00681270 1
0.00620590 1
0.00672700 1
0.00600680 1
0.00914230 1
0.00638220 1
0.00762870 1
0.00685110 1
0.00712540 1
0.00638000 1
0.00629850 1
0.00603350 1
0.00613830 1
0.00640390 1
0.00655520 1
0.00629270 1
0.00707450 1
0.00619540 1
0.00676710 1
0.00695180 1
0.00667070 1
0.00623140 1
0.00649690 1
0.00605620 1
0.00677190 1
0.00618180 1
0.00666280 1
0.00628770 1
0.00652380 1
0.00659050 1
0.00682810 1
0.00634350 1
0.00607350 1
0.00608020 1
0.00628870 1
0.00603950 1
0.00614320 1
0.00609060 1
0.00621730 1
0.00615900 1
0.00639510 1
0.00674170 1
0.00637830 1
0.00606370 1
0.00624990 1
0.00592650 1
0.00609590 1
0.00818350 1
0.00659860 1
0.00621870 1
0.00647840 1
0.00642440 1
0.00712240 1
0.00615200 1
0.00660910 1
0.00615940 1
0.00668800 1
0.00603970 1
0.00625150 1
0.00590560 1
0.00627170 1
0.00640340 1
0.00673730 1
0.00742090 1
0.00716400 1
0.00646180 1
0.00654950 1
0.00626420 1
0.00635540 1
0.00618380 1
0.00632710 1
0.00620800 1
0.00632520 1
0.00616360 1
0.00774750 1
0.00625770 1
0.00635980 1
0.00613070 1
0.00659430 1
0.00612830 1
0.00643810 1
0.00654170 1
0.00621910 1
0.00613750 1
0.00654990 1
0.00620010 1
0.00641650 1
0.00634200 1
0.00642580 1
0.00629060 1
0.00659380 1
0.00643290 1
0.00662230 1
0.00634240 1
0.00637400 1
0.00639860 1
0.00645190 1
0.00623700 1
0.00655350 1
0.00632580 1
0.00636950 1
0.00617910 1
0.00652100 1
0.00614830 1
0.00638030 1
0.00756300 1
0.00699390 1
0.00625820 1
0.00631220 1
0.00591940 1
0.00673940 1
0.00696560 1
0.00628940 1
0.00623760 1
0.00658320 1
0.00669990 1
0.00663550 1
0.00655110 1
0.00617460 1
0.00611820 1
0.00598410 1
0.00632420 1
0.00688720 1
0.00808150 1
0.00639120 1
0.00884440 1
0.00666190 1
0.00660800 1
0.00621910 1
0.00624320 1
0.00586480 1
0.00623880 1
0.00626000 1
0.00745090 1
0.00627370 1
0.00676030 1
0.00640920 1
0.00654900 1
0.00619720 1
0.00648210 1
0.00602520 1
0.00732630 1
0.00615810 1
0.00648750 1
0.00616960 1
0.00654360 1
0.00630620 1
0.00676200 1
0.00690980 1
0.00653850 1
0.00615040 1
0.00673450 1
0.00628230 1
0.00666700 1
0.00645680 1
0.00690480 1
0.00606610 1
0.00635260 1
0.00640460 1
0.00701440 1
0.00634160 1
0.00624110 1
0.00586300 1
0.00649350 1
0.00621250 1
0.00683250 1
0.00691120 1
0.00633640 1
0.00626130 1
0.00627530 1
0.00674530 1
0.00616110 1
0.00612380 1
0.00600180 1
0.00634300 1
0.00644270 1
0.00667080 1
0.00672400 1
0.00636930 1
0.00604590 1
0.00622290 1
0.00634180 1
0.00611980 1
0.00636890 1
0.00756870 1
0.00678090 1
0.00608260 1
0.00720240 1
0.00708760 1
0.00621810 1
0.00601570 1
0.00658700 1
0.00720080 1
0.00656340 1
0.00640220 1
0.00693160 1
0.00659600 1
0.00605650 1
0.00673440 1
0.00668810 1
0.00653250 1
0.00620010 1
0.00637910 1
0.00620760 1
0.00637260 1
0.00611990 1
0.00645380 1
0.00627640 1
0.00658320 1
0.00671120 1
0.00718550 1
0.00624360 1
0.00620760 1
0.00643590 1
0.00692800 1
0.00678550 1
0.00642590 1
0.00618450 1
0.00637630 1
0.00614710 1
0.00680930 1
0.00659410 1
0.00629340 1
0.00612340 1
0.00674740 1
0.00698480 1
0.00656390 1
0.00616440 1
0.00639260 1
0.00613610 1
0.00650990 1
0.00631290 1
0.00693970 1
0.00626760 1
0.00617970 1
0.00701790 1
0.00660220 1
0.00618510 1
0.00631260 1
0.00610810 1
0.00624310 1
0.00598830 1
0.00646360 1
