0.00675350
0.00688250
0.00725480
0.00711460
0.00979700
0.00694960
0.00715580
0.00667040
0.00626890
0.00620610
0.00600140
0.00617800
0.00616320
0.00590820
0.00643920
0.00682470
0.00630330
0.00613840
0.00784960
0.00652900
0.00599600
0.00616210
0.00599170
0.00608010
0.00590340
0.00635660
0.00684510
0.00641450
0.00606820
0.00698700
0.00629550
0.00686850
0.00623050
0.00652560
0.00640220
0.00610310
0.00648570
0.00702450
0.00711540
0.00709370
0.00805340
0.00742040
0.00651530
0.00681500
0.00645140
0.00660720
0.00678400
0.00724580
0.00787380
0.00646010
0.00786030
0.00650010
0.00702580
0.00671310
0.00675120
0.00659860
0.00701060
0.00643870
0.00647600
0.00650970
0.00662470
0.00640920
0.00654290
0.00636010
0.00658660
0.00650460
0.00677450
0.00639260
0.00674950
0.00635710
0.00678930
0.00641220
0.00702200
0.00638360
0.00656390
0.00632600
0.00778070
0.00663700
0.00674700
0.00644750
0.00679890
0.00652060
0.00665900
0.00702240
0.00758930
0.00855370
0.00712520
0.00715590
0.00656940
0.00657730
0.00720240
0.00721670
0.00724900
0.00689940
0.00681630
0.00721460
0.00796100
0.00783950
0.00701380
0.00994060
0.02117870
0.00905420
0.00703370
0.00749170
0.00675750
0.00690170
0.01121190
0.00757560
0.00602650
0.00662720
0.00620990
0.00600090
0.00604130
0.00587180
0.00649490
0.00622470
0.00670320
0.00591930
0.00676640
0.00625860
0.00655090
0.00623920
0.00711610
0.00596770
0.00628180
0.00598060
0.00671290
0.00601280
0.00658560
0.00667140
0.00632660
0.00598610
0.00647470
0.00667660
0.00625000
0.00604130
0.00627690
0.00606450
0.00711020
0.00687140
0.00779610
0.00656570
0.00679480
0.00675000
0.00744490
0.00651020
0.00685820
0.00639040
0.00685830
0.00633190
0.00711430
0.00701020
0.00795270
0.00750510
0.00685100
0.00707120
0.00628750
0.00677340
0.00645770
0.00673900
0.00642220
0.00778940
0.00749140
0.00671320
0.00709430
0.00662230
0.00692740
0.00630580
0.00600040
0.00744480
0.00609590
0.00641760
0.00645880
0.00703880
0.00642710
0.00622230
0.00597940
0.00629690
0.00610760
0.00664600
0.00608320
0.00654380
0.00618300
0.00692470
0.00700330
0.00658530
0.00627150
0.00665890
0.00688070
0.00663000
0.00631370
0.00647320
0.00624600
0.00628630
0.00628290
0.00704550
0.00644820
0.00642720
0.00663890
0.00755130
0.00633750
0.00648790
0.00614900
0.00665570
0.00642640
0.00689630
0.00684770
0.00649630
0.00614530
0.00728950
0.00787510
0.00641390
0.00653050
0.00660620
0.00602970
0.00643540
0.00662060
0.00684480
0.00687510
0.00627300
0.00703420
0.00704780
0.00637340
0.00632870
0.00776100
0.00644300
0.00632070
0.00630300
0.00685130
0.00635910
0.00636630
0.00706790
0.00662300
0.00592780
0.00612570
0.00708980
0.00642460
0.00605590
0.00647020
0.00700270
0.00665040
0.00660050
0.00671280
0.00680190
0.00678920
0.00670980
0.00760380
0.00768600
0.00680380
0.00702020
0.00708480
0.00702480
0.00627250
0.00628210
0.00589770
0.00586220
0.00623630
0.00624040
0.00664500
0.00606160
0.00649710
0.00658030
0.00646260
0.00594410
0.00632920
0.00592410
0.00655500
0.00601230
0.00635670
0.00620920
0.00688100
0.00655130
0.00757280
0.00639410
0.00767410
0.00624860
0.00675280
0.00606640
0.00675580
0.00631440
0.00652450
0.00622800
0.00677910
0.00684170
0.00651370
0.00623120
0.00626910
0.00619600
0.00628780
0.00628810
0.00642920
0.00626890
0.00586100
0.00649060
0.00713580
0.00619050
0.00597030
0.00603900
0.00589630
0.00617820
0.00618440
0.00618440
0.00620680
0.00637710
0.00654470
0.00767610
0.00637510
0.00613410
0.00592570
0.00615260
0.00638660
0.00642610
0.00600790
0.00613390
0.00602430
0.00632380
0.00610300
0.00639770
0.00673930
0.00733630
0.00670990
0.00714180
0.00626730
0.00690100
0.00632260
0.00657380
0.00602950
0.00614420
0.00608870
0.00699240
0.00613780
0.00805880
0.00626610
0.00695050
0.00618650
0.00722900
0.00632230
0.00638080
0.00631430
0.00645500
0.00630790
0.00783700
0.00744120
0.00651920
0.00627290
0.00652200
0.00627560
0.00652630
0.00624240
0.00643330
0.00617100
0.00627330
0.00646500
0.00694770
0.00599490
0.00628270
0.00600180
0.00636500
0.00604130
0.00603290
0.00589700
0.00669640
0.00605180
0.00649100
0.00690720
0.00632850
0.00590680
0.00612710
0.00627060
0.00608820
0.00617930
0.00614620
0.00633220
0.00639030
0.00642730
0.00624720
0.00646560
0.00636640
0.00653950
0.00661780
0.00652460
0.00616380
0.00653940
0.00603720
0.00625630
0.00618330
0.00723380
0.00624860
0.00718630
0.00902910
0.00873420
0.00845650
0.00792990
0.01048770
0.00781080
0.00648670
0.00710810
0.00738840
0.00669590
0.00672850
0.00845890
0.01271730
0.00769440
0.00805010
0.00723360
0.00800500
0.00838020
0.00842560
0.01338270
0.00753250
0.00771130
0.00719100
0.00769960
0.00909870
0.00687700
0.01242270
0.01163690
0.01049110
0.00738120
0.01257990
0.00984760
0.01014250
0.01071100
0.01010960
0.00795060
0.00720060
0.00862550
0.00870300
0.00723120
0.00905150
0.00702950
0.00638060
0.00661400
0.00663710
0.00698250
0.00655820
0.00682160
0.00665010
0.00747980
0.00677620
0.00709170
0.02704410
0.00858420
0.00693140
0.00733100
0.00707820
0.00655610
0.00633420
0.00628070
0.00607260
0.00646880
0.00656330
0.00739910
0.00689330
0.00626700
0.00676420
0.00658480
0.00633360
0.00606110
0.00603980
0.00618360
0.00623980
0.00711370
0.01108120
0.00657810
0.00679390
0.00692460
0.00634460
0.00682530
0.00630390
0.00620450
0.00623830
0.00611380
0.00638400
0.00650440
0.00653450
0.00621940
0.00683170
0.00613280
0.00619480
0.00599050
0.00786520
0.00632790
0.00622180
0.00645080
0.00697780
0.00612470
0.00608430
0.00681270
0.00620590
0.00672700
0.00600680
0.00914230
0.00638220
0.00762870
0.00685110
0.00712540
0.00638000
0.00629850
0.00603350
0.00613830
0.00640390
0.00655520
0.00629270
0.00707450
0.00619540
0.00676710
0.00695180
0.00667070
0.00623140
0.00649690
0.00605620
0.00677190
0.00618180
0.00666280
0.00628770
0.00652380
0.00659050
0.00682810
0.00634350
0.00607350
0.00608020
0.00628870
0.00603950
0.00614320
0.00609060
0.00621730
0.00615900
0.00639510
0.00674170
0.00637830
0.00606370
0.00624990
0.00592650
0.00609590
0.00818350
0.00659860
0.00621870
0.00647840
0.00642440
0.00712240
0.00615200
0.00660910
0.00615940
0.00668800
0.00603970
0.00625150
0.00590560
0.00627170
0.00640340
0.00673730
0.00742090
0.00716400
0.00646180
0.00654950
0.00626420
0.00635540
0.00618380
0.00632710
0.00620800
0.00632520
0.00616360
0.00774750
0.00625770
0.00635980
0.00613070
0.00659430
0.00612830
0.00643810
0.00654170
0.00621910
0.00613750
0.00654990
0.00620010
0.00641650
0.00634200
0.00642580
0.00629060
0.00659380
0.00643290
0.00662230
0.00634240
0.00637400
0.00639860
0.00645190
0.00623700
0.00655350
0.00632580
0.00636950
0.00617910
0.00652100
0.00614830
0.00638030
0.00756300
0.00699390
0.00625820
0.00631220
0.00591940
0.00673940
0.00696560
0.00628940
0.00623760
0.00658320
0.00669990
0.00663550
0.00655110
0.00617460
0.00611820
0.00598410
0.00632420
0.00688720
0.00808150
0.00639120
0.00884440
0.00666190
0.00660800
0.00621910
0.00624320
0.00586480
0.00623880
0.00626000
0.00745090
0.00627370
0.00676030
0.00640920
0.00654900
0.00619720
0.00648210
0.00602520
0.00732630
0.00615810
0.00648750
0.00616960
0.00654360
0.00630620
0.00676200
0.00690980
0.00653850
0.00615040
0.00673450
0.00628230
0.00666700
0.00645680
0.00690480
0.00606610
0.00635260
0.00640460
0.00701440
0.00634160
0.00624110
0.00586300
0.00649350
0.00621250
0.00683250
0.00691120
0.00633640
0.00626130
0.00627530
0.00674530
0.00616110
0.00612380
0.00600180
0.00634300
0.00644270
0.00667080
0.00672400
0.00636930
0.00604590
0.00622290
0.00634180
0.00611980
0.00636890
0.00756870
0.00678090
0.00608260
0.00720240
0.00708760
0.00621810
0.00601570
0.00658700
0.00720080
0.00656340
0.00640220
0.00693160
0.00659600
0.00605650
0.00673440
0.00668810
0.00653250
0.00620010
0.00637910
0.00620760
0.00637260
0.00611990
0.00645380
0.00627640
0.00658320
0.00671120
0.00718550
0.00624360
0.00620760
0.00643590
0.00692800
0.00678550
0.00642590
0.00618450
0.00637630
0.00614710
0.00680930
0.00659410
0.00629340
0.00612340
0.00674740
0.00698480
0.00656390
0.00616440
0.00639260
0.00613610
0.00650990
0.00631290
0.00693970
0.00626760
0.00617970
0.00701790
0.00660220
0.00618510
0.00631260
0.00610810
0.00624310
0.00598830
0.00646360
