1
265.00,121.13,113.00,81.74
263.00,122.13,113.00,81.74
262.00,123.13,113.00,81.74
260.00,124.13,113.00,81.74
259.00,125.13,113.00,81.74
257.00,125.13,113.00,81.74
256.00,126.13,113.00,81.74
255.00,126.13,113.00,81.74
254.00,126.13,113.00,81.74
254.00,126.13,113.00,81.74
254.00,126.13,113.00,81.74
254.00,126.13,113.00,81.74
254.00,126.13,113.00,81.74
254.00,126.13,113.00,81.74
254.00,126.13,113.00,81.74
254.00,126.13,113.00,81.74
254.00,126.13,113.00,81.74
254.00,126.13,113.00,81.74
254.00,126.13,113.00,81.74
254.00,126.13,113.00,81.74
254.00,126.13,113.00,81.74
254.00,125.13,113.00,81.74
254.00,125.13,113.00,81.74
254.00,125.13,113.00,81.74
252.00,125.13,113.00,81.74
250.00,125.13,113.00,81.74
248.00,125.13,113.00,81.74
246.00,124.13,113.00,81.74
243.00,122.13,113.00,81.74
241.00,121.13,113.00,81.74
238.00,119.13,113.00,81.74
235.00,118.13,113.00,81.74
232.00,116.13,113.00,81.74
2
0
0
0
0
1
350.48,143.16,119.24,96.04
347.48,142.16,119.24,96.04
345.48,141.16,119.24,96.04
343.48,141.16,119.24,96.04
341.48,141.16,119.24,96.04
340.48,141.16,119.24,96.04
338.48,141.16,119.24,96.04
337.48,141.16,119.24,96.04
335.48,141.16,119.24,96.04
334.48,141.16,119.24,96.04
332.48,141.16,119.24,96.04
331.48,141.16,119.24,96.04
330.48,141.16,119.24,96.04
329.48,141.16,119.24,96.04
328.48,140.16,119.24,96.04
326.48,138.16,119.24,96.04
324.48,136.16,119.24,96.04
322.48,134.16,119.24,96.04
318.48,131.16,119.24,96.04
316.48,129.16,119.24,96.04
312.48,125.16,119.24,96.04
309.48,122.16,119.24,96.04
304.48,118.16,119.24,96.04
300.48,115.16,119.24,96.04
295.48,111.16,119.24,96.04
291.48,108.16,119.24,96.04
287.48,105.16,119.24,96.04
283.48,102.16,119.24,96.04
279.48,100.16,119.24,96.04
275.48,98.16,119.24,96.04
271.48,97.16,119.24,96.04
267.48,96.16,119.24,96.04
263.48,95.16,119.24,96.04
259.48,95.16,119.24,96.04
255.48,95.16,119.24,96.04
251.48,95.16,119.24,96.04
247.48,95.16,119.24,96.04
2
0
0
0
0
1
352.00,135.00,22.00,51.00
352.00,136.00,22.00,51.00
351.00,137.00,22.00,51.00
350.00,139.00,22.00,51.00
349.00,140.00,22.00,51.00
348.00,141.00,22.00,51.00
348.00,142.00,22.00,51.00
348.00,144.00,22.00,51.00
348.00,145.00,22.00,51.00
348.00,146.00,22.00,51.00
347.00,147.00,22.00,51.00
347.00,148.00,22.00,51.00
347.00,150.00,22.00,51.00
347.00,153.00,22.00,51.00
347.00,156.00,22.00,51.00
347.00,158.00,22.00,51.00
347.00,159.00,22.00,51.00
347.00,161.00,22.00,51.00
347.00,163.00,22.00,51.00
347.00,165.00,22.00,51.00
347.00,167.00,22.00,51.00
347.00,169.00,22.00,51.00
2
0
0
0
0
1
331.00,136.00,19.00,36.00
331.00,138.00,19.00,36.00
331.00,139.00,19.00,36.00
331.00,140.00,19.00,36.00
331.00,140.00,19.00,36.00
331.00,140.00,19.00,36.00
331.00,141.00,19.00,36.00
331.00,141.00,19.00,36.00
331.00,142.00,19.00,36.00
331.00,143.00,19.00,36.00
331.00,145.00,19.00,36.00
330.00,147.00,19.00,36.00
330.00,148.00,19.00,36.00
330.00,149.00,19.00,36.00
330.00,150.00,19.00,36.00
331.00,152.00,19.00,36.00
330.00,153.00,19.00,36.00
330.00,154.00,19.00,36.00
330.00,155.00,19.00,36.00
330.00,156.00,19.00,36.00
330.00,157.00,19.00,36.00
330.00,158.00,19.00,36.00
330.00,159.00,19.00,36.00
330.00,160.00,19.00,36.00
330.00,161.00,19.00,36.00
330.00,161.00,19.00,36.00
330.00,161.00,19.00,36.00
330.00,161.00,19.00,36.00
330.00,162.00,19.00,36.00
329.00,163.00,19.00,36.00
328.00,163.00,19.00,36.00
326.00,164.00,19.00,36.00
324.00,164.00,19.00,36.00
322.00,165.00,19.00,36.00
321.00,165.00,19.00,36.00
319.00,166.00,19.00,36.00
318.00,166.00,19.00,36.00
316.00,167.00,19.00,36.00
315.00,169.00,19.00,36.00
2
0
0
0
0
1
306.09,139.19,68.82,40.42
304.09,141.19,68.82,40.42
302.09,143.19,68.82,40.42
301.09,144.19,68.82,40.42
299.09,145.19,68.82,40.42
298.09,146.19,68.82,40.42
296.09,147.19,68.82,40.42
294.09,148.19,68.82,40.42
293.09,150.19,68.82,40.42
292.09,151.19,68.82,40.42
290.09,152.19,68.82,40.42
290.09,152.19,68.82,40.42
290.09,152.19,68.82,40.42
290.09,152.19,68.82,40.42
290.09,152.19,68.82,40.42
290.09,152.19,68.82,40.42
290.09,152.19,68.82,40.42
290.09,152.19,68.82,40.42
290.09,152.19,68.82,40.42
2
0
0
0
0
1
349.00,121.00,72.00,25.00
348.00,121.00,72.00,25.00
348.00,121.00,72.00,25.00
347.00,121.00,72.00,25.00
347.00,121.00,72.00,25.00
347.00,121.00,72.00,25.00
347.00,120.00,72.00,25.00
347.00,120.00,72.00,25.00
347.00,120.00,72.00,25.00
346.00,120.00,72.00,25.00
345.00,120.00,72.00,25.00
345.00,120.00,72.00,25.00
344.00,120.00,72.00,25.00
344.00,120.00,72.00,25.00
344.00,120.00,72.00,25.00
344.00,120.00,72.00,25.00
343.00,120.00,72.00,25.00
2
0
0
0
0
1
398.54,89.65,73.92,46.70
393.54,90.65,73.92,46.70
389.54,90.65,73.92,46.70
386.54,90.65,73.92,46.70
383.54,91.65,73.92,46.70
380.54,93.65,73.92,46.70
378.54,94.65,73.92,46.70
376.54,95.65,73.92,46.70
375.54,96.65,73.92,46.70
373.54,98.65,73.92,46.70
371.54,99.65,73.92,46.70
369.54,101.65,73.92,46.70
367.54,103.65,73.92,46.70
366.54,104.65,73.92,46.70
364.54,107.65,73.92,46.70
364.54,109.65,73.92,46.70
362.54,111.65,73.92,46.70
361.54,113.65,73.92,46.70
359.54,115.65,73.92,46.70
358.54,116.65,73.92,46.70
357.54,118.65,73.92,46.70
357.54,120.65,73.92,46.70
357.54,120.65,73.92,46.70
357.54,121.65,73.92,46.70
2
0
0
0
0
1
437.07,116.42,63.43,43.82
436.07,116.42,63.43,43.82
436.07,116.42,63.43,43.82
436.07,117.42,63.43,43.82
435.07,119.42,63.43,43.82
434.07,124.42,63.43,43.82
432.07,126.42,63.43,43.82
431.07,128.42,63.43,43.82
429.07,131.42,63.43,43.82
428.07,133.42,63.43,43.82
427.07,135.42,63.43,43.82
425.07,138.42,63.43,43.82
423.07,141.42,63.43,43.82
420.07,143.42,63.43,43.82
418.07,144.42,63.43,43.82
415.07,146.42,63.43,43.82
413.07,148.42,63.43,43.82
412.07,150.42,63.43,43.82
412.07,151.42,63.43,43.82
410.07,152.42,63.43,43.82
408.07,153.42,63.43,43.82
407.07,154.42,63.43,43.82
405.07,155.42,63.43,43.82
404.07,155.42,63.43,43.82
403.07,155.42,63.43,43.82
402.07,155.42,63.43,43.82
401.07,155.42,63.43,43.82
401.07,155.42,63.43,43.82
401.07,155.42,63.43,43.82
401.07,155.42,63.43,43.82
401.07,155.42,63.43,43.82
401.07,155.42,63.43,43.82
401.07,155.42,63.43,43.82
401.07,155.42,63.43,43.82
401.07,155.42,63.43,43.82
401.07,155.42,63.43,43.82
400.07,155.42,63.43,43.82
400.07,155.42,63.43,43.82
400.07,154.42,63.43,43.82
401.07,154.42,63.43,43.82
401.07,154.42,63.43,43.82
401.07,154.42,63.43,43.82
401.07,153.42,63.43,43.82
401.07,153.42,63.43,43.82
401.07,152.42,63.43,43.82
401.07,152.42,63.43,43.82
401.07,152.42,63.43,43.82
401.07,152.42,63.43,43.82
401.07,151.42,63.43,43.82
400.07,151.42,63.43,43.82
400.07,151.42,63.43,43.82
400.07,151.42,63.43,43.82
401.07,151.42,63.43,43.82
400.07,151.42,63.43,43.82
401.07,151.42,63.43,43.82
401.07,151.42,63.43,43.82
401.07,151.42,63.43,43.82
401.07,151.42,63.43,43.82
401.07,151.42,63.43,43.82
401.07,151.42,63.43,43.82
401.07,151.42,63.43,43.82
401.07,151.42,63.43,43.82
401.07,151.42,63.43,43.82
401.07,151.42,63.43,43.82
401.07,151.42,63.43,43.82
401.07,151.42,63.43,43.82
402.07,150.42,63.43,43.82
403.07,149.42,63.43,43.82
404.07,148.42,63.43,43.82
2
0
0
0
0
1
348.17,195.46,87.28,92.08
