0.03321960
0.01194220
0.00894500
0.00772820
0.00786900
0.00789510
0.01004410
0.00766540
0.00856690
0.00933570
0.00832900
0.00687230
0.00696720
0.00694090
0.00710090
0.00769930
0.00714350
0.00669860
0.00672710
0.00688160
0.00699320
0.00757140
0.00867160
0.00799540
0.00735870
0.00741280
0.00987290
0.00802220
0.00698750
0.00724690
0.00740510
0.00777910
0.00856520
0.00741480
0.00742970
0.00000000
0.00000000
0.00000000
0.00000000
0.02292240
0.00851610
0.00833580
0.00713200
0.00747450
0.00689440
0.00797210
0.00752700
0.00702550
0.00815050
0.00774470
0.00681670
0.00722120
0.00829860
0.00782740
0.00833830
0.00767480
0.00684490
0.00738630
0.00784920
0.00684710
0.00719030
0.00738780
0.00661560
0.00725740
0.00756240
0.00690170
0.00729990
0.00900940
0.00759850
0.00865490
0.01076460
0.00713110
0.00909490
0.00935110
0.00766620
0.00747980
0.00783890
0.00827370
0.00000000
0.00000000
0.00000000
0.00000000
0.00509210
0.00213220
0.00207800
0.00157450
0.00145520
0.00142630
0.00159210
0.00152840
0.00145340
0.00162050
0.00169770
0.00147220
0.00176220
0.00166820
0.00155880
0.01999850
0.00172170
0.00145570
0.00160920
0.00159310
0.00131700
0.00138280
0.00140120
0.00130280
0.00000000
0.00000000
0.00000000
0.00000000
0.00161870
0.00075020
0.00069590
0.00074650
0.00070110
0.00072380
0.00072170
0.00073090
0.00072180
0.00071360
0.00072440
0.00071320
0.00073690
0.00072390
0.00071550
0.00069930
0.00074270
0.00072230
0.00070860
0.00073220
0.00100930
0.00079870
0.00073680
0.00072900
0.00074420
0.00071060
0.00071000
0.00073550
0.00072830
0.00068990
0.00073020
0.00074460
0.00068710
0.00073920
0.00069090
0.00073910
0.00068970
0.00073280
0.00073470
0.00073900
0.00068220
0.00000000
0.00000000
0.00000000
0.00000000
0.00867190
0.00320240
0.00326330
0.00312070
0.00324160
0.00306850
0.00319130
0.00343190
0.00390720
0.00321880
0.00303070
0.00306180
0.00317020
0.00304080
0.00440620
0.00304300
0.00329060
0.00298450
0.00306680
0.00348840
0.00302890
0.00000000
0.00000000
0.00000000
0.00000000
0.00699800
0.00234920
0.00228950
0.00226300
0.00220110
0.00226700
0.00232760
0.00233670
0.00221040
0.00278590
0.00238720
0.00242720
0.00228990
0.00229270
0.00225040
0.00224210
0.00225310
0.00223830
0.00225480
0.00000000
0.00000000
0.00000000
0.00000000
0.00618470
0.00238120
0.00229170
0.00256210
0.00314980
0.00224130
0.00221180
0.00220130
0.00241990
0.00272230
0.00294560
0.00226250
0.00220920
0.00218840
0.00242890
0.00222990
0.00229010
0.00243150
0.00229870
0.00222520
0.00220670
0.00231270
0.00249230
0.00286680
0.00227510
0.00229450
0.00000000
0.00000000
0.00000000
0.00000000
0.00509270
0.00186090
0.00189330
0.00303260
0.00239930
0.00198520
0.00228330
0.00188830
0.00187160
0.00202080
0.00190760
0.00184120
0.00186890
0.00187650
0.00185030
0.00188400
0.00192450
0.00185890
0.00184400
0.00184220
0.00193530
0.00183600
0.00185900
0.00213900
0.00292250
0.00212350
0.00185020
0.00190440
0.00193940
0.00184410
0.00251030
0.00238070
0.00191780
0.00188430
0.00187350
0.00187060
0.00194890
0.00186210
0.00184320
0.00193370
0.00201020
0.00189960
0.00190030
0.00222190
0.00201960
0.00185240
0.00192150
0.00188420
0.00182810
0.00182840
0.00216830
0.00268930
0.00200330
0.00196350
0.00183540
0.00195040
0.00191200
0.00236500
0.00249090
0.00182640
0.00187210
0.00187690
0.00190480
0.00190750
0.00190940
0.00212720
0.00198880
0.00207930
0.00221630
0.00205410
0.00190130
0.00000000
0.00000000
0.00000000
0.00000000
0.01459510
0.00563300
