0.03321960 0
0.01194220 1
0.00894500 1
0.00772820 1
0.00786900 1
0.00789510 1
0.01004410 1
0.00766540 1
0.00856690 1
0.00933570 1
0.00832900 1
0.00687230 1
0.00696720 1
0.00694090 1
0.00710090 1
0.00769930 1
0.00714350 1
0.00669860 1
0.00672710 1
0.00688160 1
0.00699320 1
0.00757140 1
0.00867160 1
0.00799540 1
0.00735870 1
0.00741280 1
0.00987290 1
0.00802220 1
0.00698750 1
0.00724690 1
0.00740510 1
0.00777910 1
0.00856520 1
0.00741480 1
0.00742970 1
-
-
-
-
0.02292240 0
0.00851610 1
0.00833580 1
0.00713200 1
0.00747450 1
0.00689440 1
0.00797210 1
0.00752700 1
0.00702550 1
0.00815050 1
0.00774470 1
0.00681670 1
0.00722120 1
0.00829860 1
0.00782740 1
0.00833830 1
0.00767480 1
0.00684490 1
0.00738630 1
0.00784920 1
0.00684710 1
0.00719030 1
0.00738780 1
0.00661560 1
0.00725740 1
0.00756240 1
0.00690170 1
0.00729990 1
0.00900940 1
0.00759850 1
0.00865490 1
0.01076460 1
0.00713110 1
0.00909490 1
0.00935110 1
0.00766620 1
0.00747980 1
0.00783890 1
0.00827370 1
-
-
-
-
0.00509210 0
0.00213220 1
0.00207800 1
0.00157450 1
0.00145520 1
0.00142630 1
0.00159210 1
0.00152840 1
0.00145340 1
0.00162050 1
0.00169770 1
0.00147220 1
0.00176220 1
0.00166820 1
0.00155880 1
0.01999850 1
0.00172170 1
0.00145570 1
0.00160920 1
0.00159310 1
0.00131700 1
0.00138280 1
0.00140120 1
0.00130280 1
-
-
-
-
0.00161870 0
0.00075020 1
0.00069590 1
0.00074650 1
0.00070110 1
0.00072380 1
0.00072170 1
0.00073090 1
0.00072180 1
0.00071360 1
0.00072440 1
0.00071320 1
0.00073690 1
0.00072390 1
0.00071550 1
0.00069930 1
0.00074270 1
0.00072230 1
0.00070860 1
0.00073220 1
0.00100930 1
0.00079870 1
0.00073680 1
0.00072900 1
0.00074420 1
0.00071060 1
0.00071000 1
0.00073550 1
0.00072830 1
0.00068990 1
0.00073020 1
0.00074460 1
0.00068710 1
0.00073920 1
0.00069090 1
0.00073910 1
0.00068970 1
0.00073280 1
0.00073470 1
0.00073900 1
0.00068220 1
-
-
-
-
0.00867190 0
0.00320240 1
0.00326330 1
0.00312070 1
0.00324160 1
0.00306850 1
0.00319130 1
0.00343190 1
0.00390720 1
0.00321880 1
0.00303070 1
0.00306180 1
0.00317020 1
0.00304080 1
0.00440620 1
0.00304300 1
0.00329060 1
0.00298450 1
0.00306680 1
0.00348840 1
0.00302890 1
-
-
-
-
0.00699800 0
0.00234920 1
0.00228950 1
0.00226300 1
0.00220110 1
0.00226700 1
0.00232760 1
0.00233670 1
0.00221040 1
0.00278590 1
0.00238720 1
0.00242720 1
0.00228990 1
0.00229270 1
0.00225040 1
0.00224210 1
0.00225310 1
0.00223830 1
0.00225480 1
-
-
-
-
0.00618470 0
0.00238120 1
0.00229170 1
0.00256210 1
0.00314980 1
0.00224130 1
0.00221180 1
0.00220130 1
0.00241990 1
0.00272230 1
0.00294560 1
0.00226250 1
0.00220920 1
0.00218840 1
0.00242890 1
0.00222990 1
0.00229010 1
0.00243150 1
0.00229870 1
0.00222520 1
0.00220670 1
0.00231270 1
0.00249230 1
0.00286680 1
0.00227510 1
0.00229450 1
-
-
-
-
0.00509270 0
0.00186090 1
0.00189330 1
0.00303260 1
0.00239930 1
0.00198520 1
0.00228330 1
0.00188830 1
0.00187160 1
0.00202080 1
0.00190760 1
0.00184120 1
0.00186890 1
0.00187650 1
0.00185030 1
0.00188400 1
0.00192450 1
0.00185890 1
0.00184400 1
0.00184220 1
0.00193530 1
0.00183600 1
0.00185900 1
0.00213900 1
0.00292250 1
0.00212350 1
0.00185020 1
0.00190440 1
0.00193940 1
0.00184410 1
0.00251030 1
0.00238070 1
0.00191780 1
0.00188430 1
0.00187350 1
0.00187060 1
0.00194890 1
0.00186210 1
0.00184320 1
0.00193370 1
0.00201020 1
0.00189960 1
0.00190030 1
0.00222190 1
0.00201960 1
0.00185240 1
0.00192150 1
0.00188420 1
0.00182810 1
0.00182840 1
0.00216830 1
0.00268930 1
0.00200330 1
0.00196350 1
0.00183540 1
0.00195040 1
0.00191200 1
0.00236500 1
0.00249090 1
0.00182640 1
0.00187210 1
0.00187690 1
0.00190480 1
0.00190750 1
0.00190940 1
0.00212720 1
0.00198880 1
0.00207930 1
0.00221630 1
0.00205410 1
0.00190130 1
-
-
-
-
0.01459510 0
0.00563300 1
