1
125.80,20.18,47.40,36.64
127.80,20.18,47.40,36.64
129.80,20.18,47.40,36.64
130.80,19.18,47.40,36.64
130.80,19.18,47.40,36.64
130.80,19.18,47.40,36.64
129.80,19.18,47.40,36.64
128.80,19.18,47.40,36.64
127.80,19.18,47.40,36.64
126.80,19.18,47.40,36.64
126.80,19.18,47.40,36.64
126.80,19.18,47.40,36.64
125.80,20.18,47.40,36.64
126.80,20.18,47.40,36.64
128.80,20.18,47.40,36.64
130.80,20.18,47.40,36.64
131.80,20.18,47.40,36.64
132.80,20.18,47.40,36.64
132.80,20.18,47.40,36.64
133.80,20.18,47.40,36.64
134.80,20.18,47.40,36.64
135.80,20.18,47.40,36.64
136.80,20.18,47.40,36.64
138.80,20.18,47.40,36.64
140.80,20.18,47.40,36.64
142.80,20.18,47.40,36.64
143.80,19.18,47.40,36.64
145.80,19.18,47.40,36.64
146.80,19.18,47.40,36.64
146.80,19.18,47.40,36.64
146.80,19.18,47.40,36.64
147.80,19.18,47.40,36.64
147.80,19.18,47.40,36.64
147.80,19.18,47.40,36.64
2
0
0
0
0
1
124.00,59.00,15.00,30.00
124.00,59.00,15.00,30.00
124.00,59.00,15.00,30.00
124.00,59.00,15.00,30.00
124.00,59.00,15.00,30.00
123.00,59.00,15.00,30.00
123.00,59.00,15.00,30.00
124.00,59.00,15.00,30.00
2
0
0
0
0
1
102.00,70.00,16.00,29.00
102.00,71.00,16.00,29.00
102.00,71.00,16.00,29.00
102.00,71.00,16.00,29.00
102.00,71.00,16.00,29.00
102.00,71.00,16.00,29.00
103.00,71.00,16.00,29.00
103.00,71.00,16.00,29.00
103.00,71.00,16.00,29.00
103.00,71.00,16.00,29.00
103.00,71.00,16.00,29.00
103.00,71.00,16.00,29.00
103.00,71.00,16.00,29.00
104.00,71.00,16.00,29.00
104.00,71.00,16.00,29.00
104.00,71.00,16.00,29.00
104.00,72.00,16.00,29.00
104.00,72.00,16.00,29.00
105.00,72.00,16.00,29.00
106.00,72.00,16.00,29.00
109.00,72.00,16.00,29.00
112.00,72.00,16.00,29.00
114.00,71.00,16.00,29.00
116.00,71.00,16.00,29.00
119.00,71.00,16.00,29.00
121.00,71.00,16.00,29.00
122.00,70.00,16.00,29.00
124.00,69.00,16.00,29.00
125.00,69.00,16.00,29.00
126.00,70.00,16.00,29.00
127.00,70.00,16.00,29.00
127.00,70.00,16.00,29.00
127.00,70.00,16.00,29.00
127.00,70.00,16.00,29.00
127.00,70.00,16.00,29.00
127.00,70.00,16.00,29.00
127.00,70.00,16.00,29.00
127.00,70.00,16.00,29.00
128.00,70.00,16.00,29.00
129.00,69.00,16.00,29.00
129.00,69.00,16.00,29.00
130.00,69.00,16.00,29.00
132.00,68.00,16.00,29.00
134.00,67.00,16.00,29.00
136.00,66.00,16.00,29.00
138.00,66.00,16.00,29.00
139.00,66.00,16.00,29.00
140.00,65.00,16.00,29.00
140.00,65.00,16.00,29.00
140.00,65.00,16.00,29.00
140.00,65.00,16.00,29.00
140.00,65.00,16.00,29.00
140.00,65.00,16.00,29.00
141.00,65.00,16.00,29.00
141.00,65.00,16.00,29.00
141.00,65.00,16.00,29.00
141.00,66.00,16.00,29.00
141.00,66.00,16.00,29.00
141.00,66.00,16.00,29.00
141.00,66.00,16.00,29.00
141.00,66.00,16.00,29.00
141.00,66.00,16.00,29.00
142.00,66.00,16.00,29.00
142.00,65.00,16.00,29.00
142.00,66.00,16.00,29.00
142.00,66.00,16.00,29.00
142.00,66.00,16.00,29.00
2
0
0
0
0
1
168.40,80.48,75.71,47.20
168.40,80.48,75.71,47.20
169.40,80.48,75.71,47.20
170.40,80.48,75.71,47.20
170.40,80.48,75.71,47.20
170.40,80.48,75.71,47.20
170.40,80.48,75.71,47.20
170.40,80.48,75.71,47.20
170.40,80.48,75.71,47.20
171.40,80.48,75.71,47.20
171.40,80.48,75.71,47.20
171.40,80.48,75.71,47.20
171.40,80.48,75.71,47.20
171.40,80.48,75.71,47.20
171.40,80.48,75.71,47.20
171.40,80.48,75.71,47.20
172.40,80.48,75.71,47.20
172.40,80.48,75.71,47.20
172.40,80.48,75.71,47.20
172.40,80.48,75.71,47.20
172.40,80.48,75.71,47.20
2
0
0
0
0
1
263.00,71.00,44.00,37.00
263.00,71.00,44.00,37.00
263.00,71.00,44.00,37.00
263.00,70.00,44.00,37.00
263.00,70.00,44.00,37.00
263.00,70.00,44.00,37.00
263.00,70.00,44.00,37.00
263.00,70.00,44.00,37.00
263.00,70.00,44.00,37.00
263.00,70.00,44.00,37.00
263.00,70.00,44.00,37.00
263.00,70.00,44.00,37.00
263.00,70.00,44.00,37.00
263.00,70.00,44.00,37.00
263.00,70.00,44.00,37.00
263.00,70.00,44.00,37.00
263.00,70.00,44.00,37.00
263.00,70.00,44.00,37.00
262.00,70.00,44.00,37.00
262.00,70.00,44.00,37.00
263.00,70.00,44.00,37.00
262.00,70.00,44.00,37.00
262.00,70.00,44.00,37.00
262.00,70.00,44.00,37.00
262.00,70.00,44.00,37.00
262.00,70.00,44.00,37.00
262.00,70.00,44.00,37.00
262.00,70.00,44.00,37.00
262.00,70.00,44.00,37.00
263.00,70.00,44.00,37.00
263.00,70.00,44.00,37.00
2
0
0
0
0
1
165.91,57.32,72.48,38.93
165.91,57.32,72.48,38.93
165.91,57.32,72.48,38.93
165.91,57.32,72.48,38.93
165.91,57.32,72.48,38.93
165.91,56.32,72.48,38.93
165.91,57.32,72.48,38.93
165.91,57.32,72.48,38.93
165.91,57.32,72.48,38.93
165.91,57.32,72.48,38.93
165.91,57.32,72.48,38.93
165.91,57.32,72.48,38.93
165.91,57.32,72.48,38.93
165.91,57.32,72.48,38.93
165.91,57.32,72.48,38.93
165.91,57.32,72.48,38.93
165.91,57.32,72.48,38.93
2
0
0
0
0
1
83.98,78.17,61.40,41.55
83.98,78.17,61.40,41.55
83.98,78.17,61.40,41.55
83.98,78.17,61.40,41.55
83.98,78.17,61.40,41.55
83.98,78.17,61.40,41.55
83.98,78.17,61.40,41.55
83.98,78.17,61.40,41.55
84.98,78.17,61.40,41.55
83.98,78.17,61.40,41.55
83.98,78.17,61.40,41.55
84.98,78.17,61.40,41.55
84.98,78.17,61.40,41.55
84.98,78.17,61.40,41.55
84.98,78.17,61.40,41.55
84.98,78.17,61.40,41.55
84.98,78.17,61.40,41.55
84.98,78.17,61.40,41.55
84.98,78.17,61.40,41.55
84.98,78.17,61.40,41.55
84.98,78.17,61.40,41.55
84.98,78.17,61.40,41.55
84.98,78.17,61.40,41.55
84.98,78.17,61.40,41.55
2
0
0
0
0
1
52.00,112.00,27.00,45.00
51.00,112.00,27.00,45.00
51.00,112.00,27.00,45.00
51.00,112.00,27.00,45.00
51.00,111.00,27.00,45.00
51.00,111.00,27.00,45.00
51.00,111.00,27.00,45.00
51.00,111.00,27.00,45.00
51.00,111.00,27.00,45.00
51.00,111.00,27.00,45.00
51.00,111.00,27.00,45.00
51.00,111.00,27.00,45.00
51.00,112.00,27.00,45.00
51.00,112.00,27.00,45.00
51.00,112.00,27.00,45.00
51.00,112.00,27.00,45.00
52.00,111.00,27.00,45.00
52.00,112.00,27.00,45.00
51.00,112.00,27.00,45.00
51.00,112.00,27.00,45.00
51.00,112.00,27.00,45.00
51.00,112.00,27.00,45.00
51.00,113.00,27.00,45.00
51.00,113.00,27.00,45.00
52.00,112.00,27.00,45.00
53.00,112.00,27.00,45.00
53.00,112.00,27.00,45.00
53.00,112.00,27.00,45.00
53.00,112.00,27.00,45.00
53.00,112.00,27.00,45.00
53.00,112.00,27.00,45.00
53.00,112.00,27.00,45.00
53.00,112.00,27.00,45.00
53.00,111.00,27.00,45.00
53.00,111.00,27.00,45.00
53.00,111.00,27.00,45.00
53.00,111.00,27.00,45.00
53.00,111.00,27.00,45.00
53.00,111.00,27.00,45.00
53.00,111.00,27.00,45.00
53.00,111.00,27.00,45.00
53.00,110.00,27.00,45.00
53.00,110.00,27.00,45.00
53.00,110.00,27.00,45.00
53.00,110.00,27.00,45.00
53.00,110.00,27.00,45.00
53.00,110.00,27.00,45.00
53.00,110.00,27.00,45.00
2
0
0
0
0
1
94.00,90.00,88.00,39.00
94.00,90.00,88.00,39.00
94.00,91.00,88.00,39.00
93.00,89.00,88.00,39.00
94.00,90.00,88.00,39.00
94.00,90.00,88.00,39.00
93.00,89.00,88.00,39.00
94.00,90.00,88.00,39.00
93.00,88.00,88.00,39.00
93.00,89.00,88.00,39.00
94.00,90.00,88.00,39.00
94.00,90.00,88.00,39.00
94.00,90.00,88.00,39.00
94.00,90.00,88.00,39.00
94.00,90.00,88.00,39.00
94.00,90.00,88.00,39.00
2
0
0
0
0
1
197.00,85.00,30.00,38.00
197.00,84.00,30.00,38.00
197.00,84.00,30.00,38.00
197.00,84.00,30.00,38.00
197.00,84.00,30.00,38.00
197.00,84.00,30.00,38.00
197.00,84.00,30.00,38.00
197.00,84.00,30.00,38.00
197.00,84.00,30.00,38.00
197.00,84.00,30.00,38.00
197.00,84.00,30.00,38.00
197.00,84.00,30.00,38.00
197.00,84.00,30.00,38.00
197.00,84.00,30.00,38.00
197.00,84.00,30.00,38.00
197.00,84.00,30.00,38.00
197.00,84.00,30.00,38.00
197.00,84.00,30.00,38.00
197.00,84.00,30.00,38.00
197.00,84.00,30.00,38.00
197.00,85.00,30.00,38.00
197.00,85.00,30.00,38.00
197.00,86.00,30.00,38.00
197.00,86.00,30.00,38.00
197.00,86.00,30.00,38.00
197.00,86.00,30.00,38.00
2
0
0
0
0
1
107.00,89.00,78.00,34.00
107.00,89.00,78.00,34.00
107.00,89.00,78.00,34.00
107.00,89.00,78.00,34.00
107.00,89.00,78.00,34.00
107.00,89.00,78.00,34.00
107.00,89.00,78.00,34.00
107.00,89.00,78.00,34.00
107.00,89.00,78.00,34.00
108.00,89.00,78.00,34.00
108.00,89.00,78.00,34.00
108.00,89.00,78.00,34.00
108.00,89.00,78.00,34.00
108.00,89.00,78.00,34.00
108.00,89.00,78.00,34.00
108.00,89.00,78.00,34.00
108.00,89.00,78.00,34.00
108.00,89.00,78.00,34.00
108.00,89.00,78.00,34.00
108.00,89.00,78.00,34.00
108.00,89.00,78.00,34.00
109.00,89.00,78.00,34.00
109.00,89.00,78.00,34.00
109.00,89.00,78.00,34.00
109.00,89.00,78.00,34.00
109.00,89.00,78.00,34.00
109.00,89.00,78.00,34.00
109.00,89.00,78.00,34.00
2
0
0
0
0
1
82.00,78.00,23.00,38.00
83.00,77.00,23.00,38.00
83.00,76.00,23.00,38.00
85.00,74.00,23.00,38.00
86.00,74.00,23.00,38.00
88.00,73.00,23.00,38.00
91.00,72.00,23.00,38.00
95.00,72.00,23.00,38.00
96.00,71.00,23.00,38.00
98.00,69.00,23.00,38.00
102.00,68.00,23.00,38.00
105.00,67.00,23.00,38.00
109.00,65.00,23.00,38.00
110.00,64.00,23.00,38.00
115.00,63.00,23.00,38.00
119.00,61.00,23.00,38.00
122.00,58.00,23.00,38.00
123.00,56.00,23.00,38.00
123.00,56.00,23.00,38.00
123.00,56.00,23.00,38.00
123.00,56.00,23.00,38.00
123.00,55.00,23.00,38.00
123.00,55.00,23.00,38.00
123.00,55.00,23.00,38.00
123.00,55.00,23.00,38.00
123.00,55.00,23.00,38.00
122.00,55.00,23.00,38.00
121.00,55.00,23.00,38.00
121.00,55.00,23.00,38.00
120.00,55.00,23.00,38.00
2
0
0
0
0
1
172.00,44.00,56.00,35.00
172.00,46.00,56.00,35.00
172.00,49.00,56.00,35.00
172.00,49.00,56.00,35.00
172.00,50.00,56.00,35.00
171.00,51.00,56.00,35.00
171.00,51.00,56.00,35.00
171.00,52.00,56.00,35.00
170.00,53.00,56.00,35.00
2
0
0
0
