0.00246980 0
0.00464620 1
0.00234900 1
0.00485980 1
0.00222930 1
0.00231160 1
0.00276210 1
0.00232110 1
0.00222600 1
0.00223570 1
0.00262230 1
0.00220420 1
0.00262890 1
0.00221480 1
0.00224330 1
0.00216880 1
0.00224110 1
0.00215640 1
0.00209520 1
0.00227510 1
0.00212300 1
0.00217340 1
0.00208730 1
0.00217730 1
0.00208460 1
0.00209000 1
0.00220140 1
0.00218570 1
0.00208540 1
0.00213900 1
0.00216360 1
0.00254400 1
0.00223170 1
0.00220300 1
0.00228030 1
0.00212260 1
-
-
-
-
0.00091150 0
0.00094110 1
0.00104280 1
0.00090350 1
0.00081160 1
0.00082360 1
0.00080400 1
0.00090690 1
0.00080630 1
0.00080990 1
-
-
-
-
0.00092010 0
0.00079890 1
0.00098430 1
0.00073090 1
0.00072500 1
0.00074820 1
0.00072900 1
0.00072310 1
0.00082880 1
0.00072840 1
0.00076120 1
0.00093420 1
0.00076960 1
0.00072170 1
0.00072500 1
0.00072530 1
0.00098980 1
0.00114130 1
0.00082120 1
0.00076310 1
0.00075340 1
0.00075480 1
0.00077780 1
0.00118070 1
0.00072130 1
0.00073140 1
0.00078190 1
0.00079970 1
0.00075340 1
0.00112180 1
0.00071990 1
0.00075710 1
0.00074640 1
0.00078840 1
0.00077150 1
0.00090710 1
0.00072270 1
0.00073720 1
0.00075640 1
0.00076990 1
0.00071990 1
0.00103440 1
0.00073260 1
0.00071930 1
0.00072410 1
0.00072820 1
0.00071920 1
0.00089110 1
0.00118430 1
0.00083180 1
0.00080830 1
0.00081710 1
0.00074290 1
0.00094170 1
0.00076370 1
0.00073000 1
0.00077860 1
0.00071390 1
0.00084980 1
0.00114390 1
0.00109470 1
0.00081080 1
0.00075190 1
0.00075250 1
0.00073960 1
0.00103960 1
0.00077410 1
0.00074060 1
0.00074020 1
-
-
-
-
0.00313240 0
0.00452970 1
0.00413320 1
0.00441730 1
0.00432220 1
0.00421820 1
0.00446370 1
0.00418770 1
0.00408620 1
0.00416380 1
0.00412780 1
0.00444810 1
0.00408270 1
0.00406960 1
0.00468270 1
0.00472120 1
0.00525690 1
0.00472430 1
0.00438590 1
0.00408170 1
0.00422040 1
0.00431510 1
0.00408100 1
-
-
-
-
0.00085030 0
0.00115930 1
0.00101040 1
0.00107400 1
0.00101700 1
0.00101790 1
0.00101080 1
0.00100660 1
0.00125700 1
0.00105880 1
0.00104120 1
0.00105490 1
0.00105130 1
0.00102720 1
0.00107310 1
0.00102440 1
0.00101130 1
0.00105480 1
0.00103800 1
0.00103440 1
0.00100790 1
0.00106920 1
0.00105380 1
0.00102660 1
0.00126990 1
0.00105790 1
0.00122140 1
0.00151820 1
0.00105780 1
0.00120740 1
0.00103920 1
0.00117240 1
0.00113990 1
-
-
-
-
0.00177560 0
0.00241420 1
0.00296140 1
0.00268360 1
0.00257970 1
0.00226430 1
0.00229560 1
0.00226350 1
0.00256910 1
0.00218660 1
0.00220200 1
0.00221300 1
0.00243960 1
0.00231540 1
0.00221460 1
0.00219310 1
0.00237960 1
0.00263550 1
0.00227380 1
-
-
-
-
0.00310900 0
0.00487990 1
0.00398280 1
0.00402570 1
0.00365170 1
0.00618880 1
0.00489140 1
0.00349300 1
0.00416440 1
0.00352760 1
0.00385980 1
0.00406090 1
0.00350500 1
0.00367120 1
0.00334670 1
0.00334420 1
0.00350650 1
0.00345440 1
0.00384400 1
0.00376970 1
0.00390820 1
0.00399970 1
0.00386230 1
0.00398170 1
0.00427030 1
0.00725860 1
-
-
-
-
0.00199860 0
0.00258070 1
0.00474560 1
0.00229320 1
0.00286830 1
0.00276340 1
0.00237320 1
0.01059080 1
0.00211410 1
0.00320430 1
0.00465580 1
0.00201920 1
0.00208330 1
0.00204000 1
0.00202690 1
0.00202520 1
0.00210820 1
0.00203330 1
0.00203060 1
0.00228610 1
0.00222480 1
0.00241440 1
0.00260070 1
0.00246820 1
0.00246650 1
0.00225020 1
0.00270540 1
0.00216320 1
0.00197380 1
0.00199820 1
0.00196470 1
0.00191140 1
0.00220260 1
0.00203070 1
0.00193290 1
0.00193020 1
0.00189460 1
0.00201240 1
0.00189720 1
0.00233940 1
0.00197910 1
0.00199310 1
0.00200160 1
0.00208310 1
0.00196820 1
0.00197760 1
0.00227090 1
0.00227620 1
0.00196910 1
0.00199290 1
-
-
-
-
0.00176290 0
0.00233680 1
0.00227720 1
0.00218450 1
0.00227780 1
0.00234720 1
0.00236080 1
0.00220330 1
0.00216280 1
0.00273450 1
0.00261220 1
0.00227020 1
0.00217000 1
0.00246470 1
0.00221580 1
0.00216080 1
0.00216960 1
0.00251930 1
-
-
-
-
0.00216620 0
0.00224230 1
0.00212440 1
0.00209970 1
0.00203820 1
0.00209020 1
0.00203080 1
0.00213520 1
0.00224300 1
0.00225480 1
0.00226960 1
0.00212150 1
0.00210010 1
0.00208160 1
0.00269450 1
0.00207620 1
0.00216150 1
0.00267240 1
0.00236570 1
0.00298630 1
0.00227320 1
0.00257180 1
0.00241210 1
0.00241600 1
0.00215720 1
0.00243020 1
0.00284470 1
0.00301770 1
-
-
-
-
0.00309630 0
0.00422800 1
0.00418820 1
0.00402540 1
0.00377440 1
0.00403030 1
0.00382010 1
0.00375200 1
0.00409210 1
0.00479730 1
0.00631350 1
0.00527940 1
0.00458020 1
0.00439700 1
0.00388110 1
0.00434850 1
0.00562500 1
0.00476430 1
0.00424270 1
0.00558310 1
0.00573910 1
0.00565040 1
0.00445180 1
0.00454900 1
0.00395610 1
0.00431440 1
0.00402960 1
0.00622500 1
0.00410480 1
0.00392260 1
-
-
-
-
0.00240290 0
0.00318460 1
0.00357800 1
0.00218180 1
0.00205310 1
0.00188510 1
0.00204480 1
0.00164200 1
0.00176100 1
0.00172730 1
0.00164520 1
0.00191840 1
0.00187860 1
0.00288630 1
0.00214740 1
0.00200870 1
0.00196900 1
0.00256890 1
0.00253180 1
0.00267990 1
0.00203650 1
0.00190940 1
0.00202390 1
0.00179410 1
0.00162880 1
0.00199840 1
0.00191030 1
0.00158950 1
0.00156780 1
0.00157590 1
0.00259150 1
0.00196470 1
-
-
-
-
0.00164110 0
0.00283910 1
0.00311730 1
0.00308220 1
0.00193970 1
0.00199350 1
0.00209480 1
0.00210920 1
0.00278520 1
0.00244230 1
0.00207260 1
-
-
-
