0.00246980
0.00464620
0.00234900
0.00485980
0.00222930
0.00231160
0.00276210
0.00232110
0.00222600
0.00223570
0.00262230
0.00220420
0.00262890
0.00221480
0.00224330
0.00216880
0.00224110
0.00215640
0.00209520
0.00227510
0.00212300
0.00217340
0.00208730
0.00217730
0.00208460
0.00209000
0.00220140
0.00218570
0.00208540
0.00213900
0.00216360
0.00254400
0.00223170
0.00220300
0.00228030
0.00212260
0.00000000
0.00000000
0.00000000
0.00000000
0.00091150
0.00094110
0.00104280
0.00090350
0.00081160
0.00082360
0.00080400
0.00090690
0.00080630
0.00080990
0.00000000
0.00000000
0.00000000
0.00000000
0.00092010
0.00079890
0.00098430
0.00073090
0.00072500
0.00074820
0.00072900
0.00072310
0.00082880
0.00072840
0.00076120
0.00093420
0.00076960
0.00072170
0.00072500
0.00072530
0.00098980
0.00114130
0.00082120
0.00076310
0.00075340
0.00075480
0.00077780
0.00118070
0.00072130
0.00073140
0.00078190
0.00079970
0.00075340
0.00112180
0.00071990
0.00075710
0.00074640
0.00078840
0.00077150
0.00090710
0.00072270
0.00073720
0.00075640
0.00076990
0.00071990
0.00103440
0.00073260
0.00071930
0.00072410
0.00072820
0.00071920
0.00089110
0.00118430
0.00083180
0.00080830
0.00081710
0.00074290
0.00094170
0.00076370
0.00073000
0.00077860
0.00071390
0.00084980
0.00114390
0.00109470
0.00081080
0.00075190
0.00075250
0.00073960
0.00103960
0.00077410
0.00074060
0.00074020
0.00000000
0.00000000
0.00000000
0.00000000
0.00313240
0.00452970
0.00413320
0.00441730
0.00432220
0.00421820
0.00446370
0.00418770
0.00408620
0.00416380
0.00412780
0.00444810
0.00408270
0.00406960
0.00468270
0.00472120
0.00525690
0.00472430
0.00438590
0.00408170
0.00422040
0.00431510
0.00408100
0.00000000
0.00000000
0.00000000
0.00000000
0.00085030
0.00115930
0.00101040
0.00107400
0.00101700
0.00101790
0.00101080
0.00100660
0.00125700
0.00105880
0.00104120
0.00105490
0.00105130
0.00102720
0.00107310
0.00102440
0.00101130
0.00105480
0.00103800
0.00103440
0.00100790
0.00106920
0.00105380
0.00102660
0.00126990
0.00105790
0.00122140
0.00151820
0.00105780
0.00120740
0.00103920
0.00117240
0.00113990
0.00000000
0.00000000
0.00000000
0.00000000
0.00177560
0.00241420
0.00296140
0.00268360
0.00257970
0.00226430
0.00229560
0.00226350
0.00256910
0.00218660
0.00220200
0.00221300
0.00243960
0.00231540
0.00221460
0.00219310
0.00237960
0.00263550
0.00227380
0.00000000
0.00000000
0.00000000
0.00000000
0.00310900
0.00487990
0.00398280
0.00402570
0.00365170
0.00618880
0.00489140
0.00349300
0.00416440
0.00352760
0.00385980
0.00406090
0.00350500
0.00367120
0.00334670
0.00334420
0.00350650
0.00345440
0.00384400
0.00376970
0.00390820
0.00399970
0.00386230
0.00398170
0.00427030
0.00725860
0.00000000
0.00000000
0.00000000
0.00000000
0.00199860
0.00258070
0.00474560
0.00229320
0.00286830
0.00276340
0.00237320
0.01059080
0.00211410
0.00320430
0.00465580
0.00201920
0.00208330
0.00204000
0.00202690
0.00202520
0.00210820
0.00203330
0.00203060
0.00228610
0.00222480
0.00241440
0.00260070
0.00246820
0.00246650
0.00225020
0.00270540
0.00216320
0.00197380
0.00199820
0.00196470
0.00191140
0.00220260
0.00203070
0.00193290
0.00193020
0.00189460
0.00201240
0.00189720
0.00233940
0.00197910
0.00199310
0.00200160
0.00208310
0.00196820
0.00197760
0.00227090
0.00227620
0.00196910
0.00199290
0.00000000
0.00000000
0.00000000
0.00000000
0.00176290
0.00233680
0.00227720
0.00218450
0.00227780
0.00234720
0.00236080
0.00220330
0.00216280
0.00273450
0.00261220
0.00227020
0.00217000
0.00246470
0.00221580
0.00216080
0.00216960
0.00251930
0.00000000
0.00000000
0.00000000
0.00000000
0.00216620
0.00224230
0.00212440
0.00209970
0.00203820
0.00209020
0.00203080
0.00213520
0.00224300
0.00225480
0.00226960
0.00212150
0.00210010
0.00208160
0.00269450
0.00207620
0.00216150
0.00267240
0.00236570
0.00298630
0.00227320
0.00257180
0.00241210
0.00241600
0.00215720
0.00243020
0.00284470
0.00301770
0.00000000
0.00000000
0.00000000
0.00000000
0.00309630
0.00422800
0.00418820
0.00402540
0.00377440
0.00403030
0.00382010
0.00375200
0.00409210
0.00479730
0.00631350
0.00527940
0.00458020
0.00439700
0.00388110
0.00434850
0.00562500
0.00476430
0.00424270
0.00558310
0.00573910
0.00565040
0.00445180
0.00454900
0.00395610
0.00431440
0.00402960
0.00622500
0.00410480
0.00392260
0.00000000
0.00000000
0.00000000
0.00000000
0.00240290
0.00318460
0.00357800
0.00218180
0.00205310
0.00188510
0.00204480
0.00164200
0.00176100
0.00172730
0.00164520
0.00191840
0.00187860
0.00288630
0.00214740
0.00200870
0.00196900
0.00256890
0.00253180
0.00267990
0.00203650
0.00190940
0.00202390
0.00179410
0.00162880
0.00199840
0.00191030
0.00158950
0.00156780
0.00157590
0.00259150
0.00196470
0.00000000
0.00000000
0.00000000
0.00000000
0.00164110
0.00283910
0.00311730
0.00308220
0.00193970
0.00199350
0.00209480
0.00210920
0.00278520
0.00244230
0.00207260
0.00000000
0.00000000
0.00000000
