0.00100580 0
0.00115930 1
0.00166590 1
0.00146750 1
0.00109560 1
0.00098090 1
0.00096650 1
0.00109170 1
0.00097760 1
0.00179210 1
0.00110310 1
0.00097480 1
0.00098330 1
0.00095240 1
0.00093730 1
0.00216010 1
0.00104450 1
0.00097220 1
0.00105350 1
0.00094010 1
0.00093280 1
0.00215140 1
0.00114650 1
0.00095140 1
0.00098030 1
0.00095240 1
0.00114740 1
0.00110890 1
0.00111370 1
0.00097940 1
0.00108420 1
0.00106910 1
0.00114640 1
0.01717760 1
0.00116980 1
0.00634170 1
0.00119830 1
0.00205280 1
0.00113610 1
0.00106870 1
0.01155960 1
0.00125800 1
0.00112420 1
0.01310600 1
0.00132910 1
0.00260500 1
0.00728070 1
0.00749950 1
0.00116810 1
0.00118170 1
0.00111750 1
0.00116650 1
0.00112870 1
0.00119820 1
0.00334610 1
0.00114180 1
0.00111460 1
0.00140460 1
0.00106340 1
0.00129330 1
0.00098420 1
0.00098700 1
0.00115950 1
0.00110070 1
0.00101900 1
0.00098560 1
0.00137960 1
0.00100830 1
0.00105990 1
0.00097050 1
0.00095370 1
0.00095320 1
0.00094950 1
0.00095470 1
0.00101250 1
0.00099580 1
0.00097170 1
0.00095710 1
0.00096620 1
0.00095060 1
0.00096250 1
0.00095340 1
0.00127640 1
0.00103870 1
0.00103030 1
0.00096500 1
0.00092070 1
0.00095690 1
0.00092390 1
0.00111240 1
0.00096440 1
0.00094300 1
0.00093670 1
0.00092520 1
0.00102020 1
0.00092210 1
0.00091730 1
0.00106350 1
0.00103320 1
0.00090680 1
0.00089900 1
0.00088480 1
0.00086260 1
0.00088600 1
0.00100060 1
0.00088160 1
0.00127670 1
0.00107740 1
0.00101660 1
0.00090660 1
0.00089990 1
0.00089910 1
0.00089780 1
0.00123460 1
0.00092280 1
0.00090610 1
0.00089900 1
0.00090420 1
0.00100130 1
0.00090600 1
0.00089800 1
0.00106940 1
0.00104440 1
0.00105600 1
0.00100370 1
0.00100670 1
0.00100240 1
0.00099990 1
0.00103470 1
0.00114980 1
0.00101320 1
0.00097260 1
0.00100230 1
0.00097050 1
0.00096730 1
0.00098950 1
0.00105280 1
0.00102030 1
0.00094400 1
0.00093540 1
0.00093530 1
0.00093570 1
0.00093380 1
0.00095840 1
0.00093420 1
0.00098530 1
0.00097140 1
0.00097110 1
0.00096380 1
0.00094640 1
0.00099130 1
0.00097410 1
0.00096590 1
0.00096600 1
0.00097780 1
0.00095890 1
0.00095020 1
0.00179970 1
0.00094540 1
0.00093730 1
0.00097010 1
0.00094170 1
0.00093970 1
0.00093830 1
0.00109830 1
0.00098240 1
0.00100680 1
0.00131880 1
0.00108800 1
0.00097820 1
0.00097060 1
0.00100380 1
0.00100510 1
0.00113000 1
0.00098340 1
0.00100820 1
0.00097360 1
0.00108420 1
0.00120720 1
0.00119780 1
0.00100730 1
0.00107190 1
0.00108380 1
0.00099890 1
0.00099200 1
0.00114510 1
0.00106030 1
0.00099200 1
0.00101220 1
0.00097580 1
0.00094000 1
0.00094840 1
0.00093010 1
0.00097180 1
0.00092900 1
0.00098640 1
0.00128690 1
0.00099300 1
0.00097260 1
0.00097010 1
0.00096490 1
0.00097180 1
0.00096920 1
0.00097210 1
0.00098010 1
0.00106940 1
0.00095850 1
0.00094220 1
0.00103800 1
0.00093310 1
0.00092580 1
0.00093440 1
0.00111460 1
0.00103030 1
0.00098750 1
0.00098240 1
0.00099420 1
0.00100600 1
0.00096270 1
0.00124890 1
0.00097480 1
0.00107180 1
0.00096500 1
0.00093040 1
0.00097210 1
0.00096660 1
0.00100920 1
0.00098460 1
0.00096260 1
0.00096700 1
0.00095890 1
0.00097210 1
0.00096880 1
0.00100250 1
0.00126130 1
0.00105910 1
0.00099870 1
0.00137240 1
0.00099120 1
0.00107160 1
0.00097560 1
0.00126410 1
0.00097070 1
0.00096600 1
0.00096110 1
0.00096350 1
0.00094320 1
0.00113420 1
0.00156570 1
0.00105150 1
0.00100400 1
0.00100570 1
0.00103180 1
0.00099990 1
0.00099980 1
0.00101840 1
0.00102610 1
0.00111590 1
0.00101470 1
-
-
-
-
0.00103710 0
0.00079300 1
0.00076940 1
0.00086060 1
0.00089970 1
0.00071400 1
0.00072460 1
0.00073000 1
0.00073040 1
0.00078460 1
0.00073290 1
0.00073430 1
0.00076620 1
0.00073800 1
0.00069980 1
0.00074180 1
0.00070020 1
0.00083840 1
0.00074980 1
0.00071880 1
0.00071080 1
0.00092290 1
0.00088000 1
0.00076030 1
0.00072630 1
0.00072550 1
0.00075220 1
0.00073570 1
0.00075160 1
0.00076510 1
0.00079480 1
0.00073440 1
0.00072320 1
0.00079740 1
0.00074740 1
0.00073320 1
0.00070110 1
0.00072850 1
0.00081600 1
0.00086830 1
0.00078000 1
0.00279660 1
0.00079220 1
0.00074700 1
0.00072200 1
0.00086610 1
0.00077780 1
0.00077480 1
0.00076460 1
0.00076260 1
0.00085100 1
0.00075900 1
0.00073580 1
0.00083310 1
0.00069790 1
0.00073580 1
0.00069410 1
0.00069930 1
0.00068680 1
0.00071300 1
0.00094740 1
0.00078060 1
0.00074880 1
0.00075530 1
0.00074720 1
0.00076920 1
0.00074710 1
0.00074360 1
0.00080620 1
0.00074520 1
0.00073440 1
0.00073450 1
0.00072290 1
0.00072340 1
0.00072050 1
0.00073240 1
0.00077530 1
0.00075460 1
0.00085570 1
0.00084980 1
0.00072370 1
0.00073950 1
0.00071260 1
0.00079560 1
0.00096860 1
0.00087570 1
0.00076490 1
0.00083230 1
0.00081370 1
0.00084360 1
0.00082550 1
0.00079070 1
0.00092530 1
0.00085610 1
0.00080190 1
0.00077390 1
0.00081300 1
0.00088110 1
0.00098560 1
0.00090240 1
0.00084070 1
0.01249340 1
0.00089340 1
0.00088670 1
0.00087110 1
0.00101780 1
0.01466400 1
0.00087420 1
0.00239090 1
0.00084780 1
0.00071660 1
0.00076190 1
0.00077230 1
0.00071870 1
0.00071660 1
0.00079190 1
0.00075030 1
0.00071760 1
0.00070860 1
0.00071200 1
0.00072600 1
0.00075460 1
0.00072370 1
0.00074300 1
0.00071240 1
0.00071520 1
0.00076640 1
0.00071360 1
0.00070460 1
0.00075880 1
0.00071890 1
0.00072460 1
0.00071050 1
0.00071350 1
0.00070880 1
0.00072320 1
0.00070810 1
0.00082270 1
0.00071370 1
0.00072060 1
0.00070620 1
0.00071210 1
0.00075330 1
0.00071350 1
0.00070500 1
0.00073570 1
0.00074200 1
0.00073850 1
0.00070230 1
0.00070690 1
0.00072300 1
0.00070790 1
0.00085560 1
0.00099210 1
0.00086710 1
0.00069380 1
0.00068670 1
0.00074170 1
0.00072080 1
0.00072050 1
0.00071310 1
0.00070910 1
0.00073690 1
0.00069810 1
0.00069340 1
0.00071370 1
0.00068980 1
0.00073190 1
0.00072320 1
0.00068840 1
0.00076930 1
0.00069560 1
0.00069890 1
0.00069790 1
0.00069240 1
0.00069010 1
0.00068750 1
0.00079270 1
0.00088160 1
0.00069990 1
0.00069350 1
0.00073440 1
0.00072700 1
0.00073610 1
0.00072930 1
0.00074350 1
0.00090210 1
0.00088740 1
0.00070800 1
0.00070360 1
0.00070600 1
0.00069220 1
0.00069280 1
0.00073130 1
0.00085180 1
0.00074470 1
0.00072150 1
0.00072170 1
0.00073480 1
0.00072430 1
0.00073480 1
0.00073940 1
0.00078410 1
-
-
-
-
0.00074480 0
0.00066250 1
0.00067860 1
0.00067800 1
0.00067530 1
0.00081370 1
0.00075990 1
0.00076200 1
0.00070230 1
0.00069270 1
0.00068260 1
0.00068420 1
0.00078490 1
0.00068870 1
0.00070220 1
0.00068320 1
0.00076070 1
0.00082670 1
0.00071590 1
0.00076620 1
0.00068520 1
0.00074520 1
0.00071940 1
0.00071840 1
0.00079790 1
0.00097050 1
0.00087800 1
0.00085770 1
0.00069020 1
0.00068910 1
0.00068310 1
0.00103050 1
0.00069340 1
0.00065850 1
0.00088160 1
0.00072860 1
0.00071720 1
0.00070570 1
0.00067900 1
0.00068080 1
0.00075190 1
0.00083170 1
0.00068440 1
0.00068490 1
0.00068350 1
0.00068620 1
0.00078260 1
0.00068830 1
0.00097610 1
0.00068450 1
0.00068750 1
0.00078490 1
0.00067980 1
0.00067920 1
0.00064020 1
0.00067620 1
0.00068150 1
0.00079620 1
0.00069490 1
0.00068030 1
0.00067650 1
0.00064190 1
0.00077750 1
0.00067680 1
0.00067580 1
0.00067970 1
0.00087880 1
0.00078520 1
0.00067540 1
0.00064370 1
0.00067530 1
0.00067890 1
0.00067680 1
0.00066930 1
0.00064070 1
0.00081410 1
0.00065850 1
0.00068060 1
0.00077920 1
0.00068240 1
0.00064580 1
0.00068070 1
0.00068640 1
0.00070150 1
0.00089100 1
0.00064690 1
0.00066780 1
0.00067800 1
0.00067960 1
0.00064390 1
0.00064420 1
0.00068320 1
0.00068150 1
0.00066580 1
0.00066980 1
0.00064520 1
0.00067730 1
0.00067810 1
0.00067520 1
