0.00100580
0.00115930
0.00166590
0.00146750
0.00109560
0.00098090
0.00096650
0.00109170
0.00097760
0.00179210
0.00110310
0.00097480
0.00098330
0.00095240
0.00093730
0.00216010
0.00104450
0.00097220
0.00105350
0.00094010
0.00093280
0.00215140
0.00114650
0.00095140
0.00098030
0.00095240
0.00114740
0.00110890
0.00111370
0.00097940
0.00108420
0.00106910
0.00114640
0.01717760
0.00116980
0.00634170
0.00119830
0.00205280
0.00113610
0.00106870
0.01155960
0.00125800
0.00112420
0.01310600
0.00132910
0.00260500
0.00728070
0.00749950
0.00116810
0.00118170
0.00111750
0.00116650
0.00112870
0.00119820
0.00334610
0.00114180
0.00111460
0.00140460
0.00106340
0.00129330
0.00098420
0.00098700
0.00115950
0.00110070
0.00101900
0.00098560
0.00137960
0.00100830
0.00105990
0.00097050
0.00095370
0.00095320
0.00094950
0.00095470
0.00101250
0.00099580
0.00097170
0.00095710
0.00096620
0.00095060
0.00096250
0.00095340
0.00127640
0.00103870
0.00103030
0.00096500
0.00092070
0.00095690
0.00092390
0.00111240
0.00096440
0.00094300
0.00093670
0.00092520
0.00102020
0.00092210
0.00091730
0.00106350
0.00103320
0.00090680
0.00089900
0.00088480
0.00086260
0.00088600
0.00100060
0.00088160
0.00127670
0.00107740
0.00101660
0.00090660
0.00089990
0.00089910
0.00089780
0.00123460
0.00092280
0.00090610
0.00089900
0.00090420
0.00100130
0.00090600
0.00089800
0.00106940
0.00104440
0.00105600
0.00100370
0.00100670
0.00100240
0.00099990
0.00103470
0.00114980
0.00101320
0.00097260
0.00100230
0.00097050
0.00096730
0.00098950
0.00105280
0.00102030
0.00094400
0.00093540
0.00093530
0.00093570
0.00093380
0.00095840
0.00093420
0.00098530
0.00097140
0.00097110
0.00096380
0.00094640
0.00099130
0.00097410
0.00096590
0.00096600
0.00097780
0.00095890
0.00095020
0.00179970
0.00094540
0.00093730
0.00097010
0.00094170
0.00093970
0.00093830
0.00109830
0.00098240
0.00100680
0.00131880
0.00108800
0.00097820
0.00097060
0.00100380
0.00100510
0.00113000
0.00098340
0.00100820
0.00097360
0.00108420
0.00120720
0.00119780
0.00100730
0.00107190
0.00108380
0.00099890
0.00099200
0.00114510
0.00106030
0.00099200
0.00101220
0.00097580
0.00094000
0.00094840
0.00093010
0.00097180
0.00092900
0.00098640
0.00128690
0.00099300
0.00097260
0.00097010
0.00096490
0.00097180
0.00096920
0.00097210
0.00098010
0.00106940
0.00095850
0.00094220
0.00103800
0.00093310
0.00092580
0.00093440
0.00111460
0.00103030
0.00098750
0.00098240
0.00099420
0.00100600
0.00096270
0.00124890
0.00097480
0.00107180
0.00096500
0.00093040
0.00097210
0.00096660
0.00100920
0.00098460
0.00096260
0.00096700
0.00095890
0.00097210
0.00096880
0.00100250
0.00126130
0.00105910
0.00099870
0.00137240
0.00099120
0.00107160
0.00097560
0.00126410
0.00097070
0.00096600
0.00096110
0.00096350
0.00094320
0.00113420
0.00156570
0.00105150
0.00100400
0.00100570
0.00103180
0.00099990
0.00099980
0.00101840
0.00102610
0.00111590
0.00101470
0.00000000
0.00000000
0.00000000
0.00000000
0.00103710
0.00079300
0.00076940
0.00086060
0.00089970
0.00071400
0.00072460
0.00073000
0.00073040
0.00078460
0.00073290
0.00073430
0.00076620
0.00073800
0.00069980
0.00074180
0.00070020
0.00083840
0.00074980
0.00071880
0.00071080
0.00092290
0.00088000
0.00076030
0.00072630
0.00072550
0.00075220
0.00073570
0.00075160
0.00076510
0.00079480
0.00073440
0.00072320
0.00079740
0.00074740
0.00073320
0.00070110
0.00072850
0.00081600
0.00086830
0.00078000
0.00279660
0.00079220
0.00074700
0.00072200
0.00086610
0.00077780
0.00077480
0.00076460
0.00076260
0.00085100
0.00075900
0.00073580
0.00083310
0.00069790
0.00073580
0.00069410
0.00069930
0.00068680
0.00071300
0.00094740
0.00078060
0.00074880
0.00075530
0.00074720
0.00076920
0.00074710
0.00074360
0.00080620
0.00074520
0.00073440
0.00073450
0.00072290
0.00072340
0.00072050
0.00073240
0.00077530
0.00075460
0.00085570
0.00084980
0.00072370
0.00073950
0.00071260
0.00079560
0.00096860
0.00087570
0.00076490
0.00083230
0.00081370
0.00084360
0.00082550
0.00079070
0.00092530
0.00085610
0.00080190
0.00077390
0.00081300
0.00088110
0.00098560
0.00090240
0.00084070
0.01249340
0.00089340
0.00088670
0.00087110
0.00101780
0.01466400
0.00087420
0.00239090
0.00084780
0.00071660
0.00076190
0.00077230
0.00071870
0.00071660
0.00079190
0.00075030
0.00071760
0.00070860
0.00071200
0.00072600
0.00075460
0.00072370
0.00074300
0.00071240
0.00071520
0.00076640
0.00071360
0.00070460
0.00075880
0.00071890
0.00072460
0.00071050
0.00071350
0.00070880
0.00072320
0.00070810
0.00082270
0.00071370
0.00072060
0.00070620
0.00071210
0.00075330
0.00071350
0.00070500
0.00073570
0.00074200
0.00073850
0.00070230
0.00070690
0.00072300
0.00070790
0.00085560
0.00099210
0.00086710
0.00069380
0.00068670
0.00074170
0.00072080
0.00072050
0.00071310
0.00070910
0.00073690
0.00069810
0.00069340
0.00071370
0.00068980
0.00073190
0.00072320
0.00068840
0.00076930
0.00069560
0.00069890
0.00069790
0.00069240
0.00069010
0.00068750
0.00079270
0.00088160
0.00069990
0.00069350
0.00073440
0.00072700
0.00073610
0.00072930
0.00074350
0.00090210
0.00088740
0.00070800
0.00070360
0.00070600
0.00069220
0.00069280
0.00073130
0.00085180
0.00074470
0.00072150
0.00072170
0.00073480
0.00072430
0.00073480
0.00073940
0.00078410
0.00000000
0.00000000
0.00000000
0.00000000
0.00074480
0.00066250
0.00067860
0.00067800
0.00067530
0.00081370
0.00075990
0.00076200
0.00070230
0.00069270
0.00068260
0.00068420
0.00078490
0.00068870
0.00070220
0.00068320
0.00076070
0.00082670
0.00071590
0.00076620
0.00068520
0.00074520
0.00071940
0.00071840
0.00079790
0.00097050
0.00087800
0.00085770
0.00069020
0.00068910
0.00068310
0.00103050
0.00069340
0.00065850
0.00088160
0.00072860
0.00071720
0.00070570
0.00067900
0.00068080
0.00075190
0.00083170
0.00068440
0.00068490
0.00068350
0.00068620
0.00078260
0.00068830
0.00097610
0.00068450
0.00068750
0.00078490
0.00067980
0.00067920
0.00064020
0.00067620
0.00068150
0.00079620
0.00069490
0.00068030
0.00067650
0.00064190
0.00077750
0.00067680
0.00067580
0.00067970
0.00087880
0.00078520
0.00067540
0.00064370
0.00067530
0.00067890
0.00067680
0.00066930
0.00064070
0.00081410
0.00065850
0.00068060
0.00077920
0.00068240
0.00064580
0.00068070
0.00068640
0.00070150
0.00089100
0.00064690
0.00066780
0.00067800
0.00067960
0.00064390
0.00064420
0.00068320
0.00068150
0.00066580
0.00066980
0.00064520
0.00067730
0.00067810
0.00067520
