0.00002810
0.00076000
0.00057570
0.00049760
0.00070130
0.00077370
0.00050290
0.00047720
0.00043740
0.00049970
0.00043680
0.00044040
0.00102860
0.00068070
0.00046990
0.00043840
0.00043310
0.00043740
0.00043000
0.00043870
0.00097240
0.00044860
0.00043000
0.00043820
0.00050160
0.00049100
0.00045290
0.00044090
0.00062430
0.00048430
0.00063300
0.00045440
0.00043210
0.00044340
0.00043550
0.00047360
0.00042890
0.00050290
0.00043660
0.00044210
0.00044880
0.00043870
0.00046620
0.00043480
0.00043070
0.00043690
0.00046820
0.00045670
0.00043530
0.00043700
0.00046210
0.00043620
0.00046260
0.00047320
0.00045230
0.00055130
0.00046680
0.00043930
0.00043300
0.00043920
0.00047860
0.00046980
0.00042920
0.00047560
0.00049810
0.00043870
0.00043200
0.00043600
0.00052510
0.00096050
0.00044590
0.00043810
0.00044240
0.00044350
0.00043070
0.00047330
0.00045760
0.00047540
0.00044170
0.00043770
0.00043110
0.00051670
0.00046700
0.00043820
0.00045290
0.00044250
0.00043740
0.00044190
0.00047220
0.00043890
0.00043710
0.00043900
0.00043730
0.00052510
0.00043450
0.00043870
0.00043200
0.00043750
0.00047040
0.00047500
0.00043170
0.00047060
0.00046470
0.00046650
0.00045700
0.00044700
0.00043670
0.00044060
0.00043470
0.00043970
0.00043210
0.00047600
0.00046920
0.00052670
0.00052390
0.00048050
0.00043240
0.00056450
0.00047050
0.00046920
0.00045880
0.00044190
0.00046110
0.00046180
0.00043190
0.00043770
0.00043050
0.00044300
0.00043700
0.00044020
0.00043210
0.00043970
0.00043290
0.00041440
0.00040970
0.00043850
0.00046270
0.00041580
0.00043640
0.00046480
0.00043650
0.00047530
0.00043430
0.00047210
0.00043270
0.00043660
0.00046840
0.00043820
0.00045990
0.00046900
0.00043220
0.00053590
0.00046190
0.00046820
0.00046060
0.00046880
0.00045810
0.00043900
0.00043610
0.00043800
0.00043270
0.00043600
0.00040840
0.00044650
0.00040930
0.00041480
0.00040420
0.00041430
0.00040880
0.00041600
0.00041100
0.00041540
0.00041060
0.00041500
0.00040670
0.00042850
0.00047870
0.00042000
0.00040950
0.00041470
0.00040990
0.00043070
0.00041130
0.00041450
0.00041050
0.00050270
0.00040850
0.00043160
0.00040780
0.00042970
0.00043670
0.00041920
0.00043740
0.00047480
0.00044290
0.00044710
0.00044210
0.00044490
0.00044260
0.00044230
0.00044060
0.00047570
0.00044110
0.00045160
0.00046300
0.00045910
0.00046020
0.00044930
0.00046390
0.00057800
0.00048290
0.00061020
0.00044990
0.00045200
0.00055290
0.00054410
0.00046460
0.00053400
0.00045760
0.00046110
0.00050470
0.00052470
0.00048620
0.00050100
0.00045610
0.00048110
0.00047880
0.00055140
0.00044640
0.00044920
0.00044280
0.00044770
0.00053440
0.00052690
0.00047160
0.00044930
0.00046020
0.00052200
0.00043840
0.00044750
0.00047210
0.00052290
0.00049120
0.00046670
0.00044920
0.00045140
0.00044030
0.00046730
0.00044760
0.00045220
0.00046960
0.00050630
0.00053310
0.00051270
0.00049350
0.00048570
0.00051390
0.00052040
0.00071920
0.00055360
0.00055910
0.00061870
0.00078280
0.00056410
0.00060160
0.00055380
0.00050320
0.00053810
0.00047370
0.00047400
0.00047370
0.00050770
0.00057100
0.00057180
0.00046890
0.00047410
0.00046320
0.00046460
0.00045710
0.00045260
0.00044350
0.00049350
