0.00009960
0.00065620
0.00045120
0.00051510
0.00038440
0.00037690
0.00043430
0.00057200
0.00087580
0.00045800
0.00040070
0.00091770
0.00066600
0.00042860
0.00040710
0.00040330
0.00093670
0.00081450
0.00053410
0.00042050
0.00040860
0.00045940
0.00045220
0.00041660
0.00041230
0.00042320
0.00040430
0.00045520
0.00040840
0.00040490
0.00041190
0.00040240
0.00040060
0.00039610
0.00041490
0.00039850
0.00000000
0.00000000
0.00000000
0.00000000
0.00009720
0.00024250
0.00023770
0.00020800
0.00021750
0.00020420
0.00020940
0.00020730
0.00020660
0.00024050
0.00020580
0.00020560
0.00020890
0.00023730
0.00020630
0.00023220
0.00022280
0.00021890
0.00023760
0.00028600
0.00039710
0.00023450
0.00021840
0.00021720
0.00022030
0.00021710
0.00021760
0.00021990
0.00021860
0.00021770
0.00022410
0.00021410
0.00022870
0.00021790
0.00021710
0.00021570
0.00034450
0.00027320
0.00020790
0.00021780
0.00021810
0.00021760
0.00020670
0.00020560
0.00021780
0.00022530
0.00021870
0.00021900
0.00021770
0.00025260
0.00021900
0.00025610
0.00023110
0.00020130
0.00021780
0.00020880
0.00020920
0.00020850
0.00020350
0.00033840
0.00031050
0.00022840
0.00022700
0.00022540
0.00022490
0.00022610
0.00026340
0.00027310
0.00023340
0.00027890
0.00026250
0.00023390
0.00022690
0.00022930
0.00022940
0.00023000
0.00029150
0.00024340
0.00022920
0.00022360
0.00029860
0.00022730
0.00022800
0.00023900
0.00023060
0.00022440
0.00026080
0.00024390
0.00023970
0.00022340
0.00031450
0.00022730
0.00023890
0.00027940
0.00026350
0.00024230
0.00022600
0.00022510
0.00000000
0.00000000
0.00000000
0.00000000
0.00016210
0.00153200
0.00125290
0.00139420
0.00110730
0.00144610
0.00099060
0.00139500
0.00112880
0.00136840
0.00104950
0.00138600
0.00115850
0.00143690
0.00099790
0.00136050
0.00107630
0.00157070
0.00099210
0.00144750
0.00113410
0.00157740
0.00089580
0.00128800
0.00097290
0.00125970
0.00100650
0.00140100
0.00149350
0.00089670
0.00098130
0.00122300
0.00129630
0.00086340
0.00089370
0.00085870
0.00085890
0.00086440
0.00085890
0.00095290
0.00087260
0.00087630
0.00122000
0.00086400
0.00090820
0.00087350
0.00099630
0.00105320
0.00125360
0.00103080
0.00088470
0.00117770
0.00101850
0.00132520
0.00116320
0.00102980
0.00109900
0.00104590
0.00088810
0.00130650
0.00126020
0.00141140
0.00124750
0.00135120
0.00137250
0.00138660
0.00111640
0.00121060
0.00125960
0.00132000
0.00125390
0.00122410
0.00136890
0.00129130
0.00113130
0.00121950
0.00132000
0.00128460
0.00122370
0.00122380
0.00127380
0.00128390
0.00000000
0.00000000
0.00000000
0.00000000
0.00019140
0.00048310
0.00029500
0.00032030
0.00031830
0.00034320
0.00044320
0.00034920
0.00038950
0.00034850
0.00035050
0.00031180
0.00031310
0.00031510
0.00031150
0.00035800
0.00032730
0.00031720
0.00031120
0.00037780
0.00031610
0.00032700
0.00052520
0.00054000
0.00032910
0.00031440
0.00042750
0.00034190
0.00032240
0.00031660
0.00031570
0.00032080
0.00031500
0.00032930
0.00032770
0.00031960
0.00031410
0.00031210
0.00034830
0.00031110
0.00029690
0.00029470
0.00031350
0.00034370
0.00031220
0.00031490
0.00031830
0.00033840
0.00029640
0.00030040
0.00032780
0.00029590
0.00029620
0.00029460
0.00029570
0.00034980
0.00032730
0.00032420
0.00032860
0.00031000
0.00031750
0.00031530
0.00031600
0.00031330
0.00031690
0.00033020
0.00050340
0.00029870
0.00032140
0.00032190
0.00029460
0.00032270
0.00034200
0.00032620
0.00029660
0.00031270
0.00031440
0.00037850
0.00031580
0.00031420
0.00031770
0.00029380
0.00032960
0.00029550
0.00029700
0.00029460
0.00029480
0.00031070
0.00031200
0.00031200
0.00032510
0.00032920
0.00040190
0.00029710
0.00029590
0.00029620
0.00032400
0.00033250
0.00031120
0.00034420
0.00034240
0.00032260
0.00031940
0.00031150
0.00031570
0.00031190
0.00029380
0.00031680
0.00031290
0.00045360
0.00029600
0.00029650
0.00029600
0.00029660
0.00029660
0.00031130
0.00032970
0.00032990
0.00031190
0.00031830
0.00033250
0.00034750
0.00032170
0.00031780
0.00031730
0.00031660
0.00032760
0.00034430
0.00030020
0.00029690
0.00039380
0.00034900
0.00031960
0.00031520
0.00031810
0.00030000
0.00031460
0.00029830
0.00045090
0.00032040
0.00031840
0.00029920
0.00030170
0.00029880
0.00029730
0.00029790
0.00029630
0.00029970
0.00042800
0.00032120
0.00070550
0.00046960
0.00056680
0.00035980
0.00037260
0.00047430
0.00032420
0.00032530
0.00031670
0.00031560
0.00060370
0.00033690
0.00031120
0.00031870
0.00031380
0.00031840
0.00032690
0.00031060
0.00030040
0.00029800
0.00029850
0.00032060
0.00029960
0.00030160
0.00043690
0.00029850
0.00049070
0.00046650
0.00043880
0.00034990
0.00037140
0.00032160
0.00032460
0.00032370
0.00044920
0.00033480
0.00033530
0.00038760
0.00030130
0.00030060
0.00029890
0.00045510
0.00032650
0.00031610
0.00031480
0.00043030
0.00034020
0.00030070
0.00031930
0.00029470
0.00029960
0.00030200
0.00029790
0.00029770
0.00029940
0.00029880
0.00029730
0.00029640
