0.00458470
0.00428830
0.00458380
0.00369350
0.00493280
0.00345760
0.00328550
0.00523030
0.00360910
0.00341300
0.00513090
0.00392390
0.00342690
0.00417880
0.00342210
0.00348100
0.00369770
0.00339750
0.00324580
0.00374020
0.00374070
0.00394450
0.00348560
0.00426960
0.00354490
0.00345490
0.00351370
0.00337500
0.00330060
0.00354150
0.00375120
0.00332960
0.00345610
0.00355380
0.00330270
0.00325470
0.00337320
0.00349510
0.00335470
0.00336230
0.00344060
0.00330380
0.00341360
0.00337300
0.00369490
0.00363320
0.00350650
0.00345420
0.00352240
0.00347050
0.00337980
0.00358140
0.00346200
0.00341340
0.00337970
0.00345060
0.00334750
0.00343420
0.00360910
0.00383320
0.00335800
0.00363190
0.00337650
0.00357030
0.00375450
0.00406360
0.00330210
0.00343100
0.00357890
0.00337120
0.00326030
0.00335730
0.00357490
0.00356800
0.00345140
0.00387050
0.00352610
0.00356460
0.00405210
0.00406310
0.00353870
0.00359400
0.00349030
0.00356480
0.00362380
0.00373510
0.00383570
0.00404080
0.00372480
0.00350910
0.00360270
0.00364010
0.00352950
0.00385160
0.00352850
0.00357220
0.00365530
0.00468000
0.00424900
0.00365930
0.00360060
0.00407940
0.00383370
0.00381840
0.00368930
0.00347120
0.00355210
0.00362550
0.00367200
0.00347020
0.00352070
0.00360280
0.00385970
0.00388900
0.00394200
0.00364130
0.00383480
0.00421420
0.00365990
0.00360310
0.00391470
0.00347120
0.00344100
0.00366590
0.00423880
0.00358970
0.00358510
0.00367580
0.00355790
0.00363130
0.00381680
0.00374730
0.00414930
0.00582410
0.00449820
0.00492940
0.00403210
0.00436170
0.00436120
0.00422570
0.00377190
0.00437120
0.03377020
0.00393940
0.00415610
0.00387770
0.00408300
0.00482600
0.00401880
0.00410880
0.00527620
0.00445620
0.00361220
0.00364360
0.00398770
0.00394850
0.00367550
0.00375850
0.00367120
0.00351220
0.00390340
0.00356340
0.00725530
0.00388120
0.00932440
0.00462950
0.00399670
0.00373290
0.00369660
0.00379950
0.00390280
0.00387390
0.00391770
0.00399380
0.00381840
0.00413470
0.00409230
0.00412010
0.00454330
0.00522640
0.00415680
0.00474570
0.00418450
0.00422760
0.00611420
0.00472420
0.00410270
0.00416200
0.00425540
0.00455470
0.00406800
0.00369780
0.00378390
0.00345630
0.00344250
0.00345540
0.00377490
0.00341580
0.00344800
0.00393560
0.00391020
0.00354510
0.00372850
0.00356740
0.00384690
0.00381790
0.00342360
0.00365300
0.00399480
0.00374380
0.00366160
0.00344560
0.00395380
0.00335710
0.00348480
0.00354720
0.00338290
0.00342890
0.00345700
0.00340820
0.00352840
0.00356710
0.00377900
0.00378280
0.00355230
0.00365250
0.00344460
0.00346730
0.00345370
0.00339080
0.00348980
0.00338010
0.00372190
0.00353680
0.00364390
0.00419760
0.00388390
0.00345740
0.00389240
0.00355780
0.00356760
0.00345420
0.00374520
0.00358550
0.00360280
0.00408680
0.00351450
0.00345660
0.00380610
0.00347210
0.00351280
0.00345570
0.00375970
0.00388970
0.00353680
0.00383890
0.00386190
0.00422520
0.00354600
0.00399850
0.00375710
0.00378640
0.00371980
0.00355540
0.00378370
0.00345460
0.00358000
0.00387130
0.00400140
0.00377030
0.00372010
0.00359880
0.00459800
0.00407080
0.00476080
0.00376870
0.00389830
0.00349610
0.00342000
0.00390170
0.00356690
0.00360850
0.00341120
0.00359090
0.00330910
0.00331600
0.00385550
0.00403980
0.00342090
0.00370770
0.00368650
0.00356640
0.00335070
0.00353100
0.00341420
0.00339780
0.00366370
0.00342850
0.00345330
0.00363730
0.00338180
0.00349700
0.00355170
0.00373800
0.00347430
0.00334350
0.00366160
0.00336340
0.00348520
0.00345410
0.00353870
0.00344010
0.00362310
0.00364530
0.00341280
0.00349880
0.00363250
0.00335590
0.00357130
0.00333030
0.00381000
0.00354530
0.00342360
0.00359650
0.00343360
0.00337850
0.00335460
0.00342510
0.00349850
0.00328010
0.00356450
0.00327310
0.00326430
0.00325870
0.00350190
0.00360140
0.00359390
0.00369130
0.00342410
0.00330650
0.00333880
0.00395690
0.00337330
0.00340610
0.00365110
0.00336870
0.00330530
0.00336150
0.00408240
0.00336790
0.00334580
0.00420380
0.00364690
0.00347330
0.00393750
0.00381180
0.00346370
0.00374980
0.00344890
0.00334220
0.00337670
0.00341280
0.00340290
0.00356530
0.00361620
0.00341510
0.00341570
0.00344860
0.00343450
0.00374870
0.00364150
0.00378260
0.00388660
0.00499180
0.00440890
0.00356870
0.00348850
0.00370540
0.00346320
0.00337440
0.00326120
0.00341990
0.00327770
0.00340360
0.00364810
0.00328170
0.00328680
0.00336190
0.00357170
0.00363920
0.00327410
0.00385470
0.00352330
0.00337460
0.00350580
0.00339280
0.00330180
0.00335940
0.00380470
0.00349720
0.00335140
0.00367190
0.00335700
0.00357960
0.00382320
0.00366830
0.00337540
0.00345000
0.00362260
0.00342550
0.00334200
0.00336970
0.00341860
0.00337230
0.00342620
0.00361470
0.00344840
0.00342110
0.00353940
0.00335640
0.00359990
0.00329760
0.00379690
0.00381520
0.00350630
0.00354800
0.00340250
0.00337330
0.00337150
0.00350890
0.00345180
0.00334160
0.00328940
0.00336670
0.00350690
0.00340160
0.00364060
0.00366610
0.00381510
0.00376890
0.00353520
0.00326940
0.00324650
0.00345300
0.00338880
0.00360430
0.00392350
0.00345950
0.00345360
0.00367830
0.00340150
0.00344770
0.00339810
0.00366550
0.00334140
0.00344080
0.00390700
0.00376390
0.00336350
0.00417110
0.00350700
0.00348000
0.00374940
0.00459120
0.00482610
0.00505440
0.00445510
0.00377350
0.00464060
0.00431700
0.00510460
0.00403050
0.00446300
0.00408910
0.00365280
0.00347500
0.00355770
0.00359000
0.00362500
0.00372300
0.00408030
0.00363780
0.00368350
0.00547870
0.00575530
0.00524350
0.00435440
0.00423770
0.00449310
0.00375740
0.00462980
0.00543990
0.00454640
0.00416320
0.00398290
0.00553170
0.00531700
0.00545830
0.00437150
0.00435560
0.00402610
0.00389550
0.00426980
0.00497990
0.00485920
0.00402390
0.00424230
0.00494800
0.00888230
0.00802570
0.00509430
0.00575300
0.00460320
0.00496830
0.00728950
0.00600810
0.00486290
0.00455920
0.00584600
0.00569470
0.00502130
0.00390360
0.00395750
0.00449110
0.00385370
0.00440760
0.00418540
0.00501520
0.00402850
0.00398430
0.00463670
0.00458360
0.00356940
0.00351520
0.00364470
0.00374810
0.00342750
0.00363960
0.00392190
0.00385080
0.00400020
0.00389280
0.00354930
0.00413920
0.00442740
0.00379160
0.00368000
0.00403440
0.00349220
0.00348400
0.00352150
0.00373080
0.00434700
0.00350120
0.00351850
0.00391860
0.00352590
0.00366030
0.00532340
0.00510790
0.00375450
0.00358150
0.00000000
0.00000000
0.00000000
0.00000000
0.00369310
0.00387160
0.00342190
0.00330640
0.00384870
0.00348330
0.00334140
0.00405130
0.00423590
0.00341560
0.00372860
0.00436220
0.00325570
0.00345210
0.00372230
0.00449970
0.00375360
0.00382640
0.00490640
0.00371400
0.00420680
0.00541420
0.00490820
0.00350480
0.00380150
0.00427070
0.00343150
0.00338500
0.00357520
0.00452880
0.00476710
