0.00458470 0
0.00428830 1
0.00458380 1
0.00369350 1
0.00493280 1
0.00345760 1
0.00328550 1
0.00523030 1
0.00360910 1
0.00341300 1
0.00513090 1
0.00392390 1
0.00342690 1
0.00417880 1
0.00342210 1
0.00348100 1
0.00369770 1
0.00339750 1
0.00324580 1
0.00374020 1
0.00374070 1
0.00394450 1
0.00348560 1
0.00426960 1
0.00354490 1
0.00345490 1
0.00351370 1
0.00337500 1
0.00330060 1
0.00354150 1
0.00375120 1
0.00332960 1
0.00345610 1
0.00355380 1
0.00330270 1
0.00325470 1
0.00337320 1
0.00349510 1
0.00335470 1
0.00336230 1
0.00344060 1
0.00330380 1
0.00341360 1
0.00337300 1
0.00369490 1
0.00363320 1
0.00350650 1
0.00345420 1
0.00352240 1
0.00347050 1
0.00337980 1
0.00358140 1
0.00346200 1
0.00341340 1
0.00337970 1
0.00345060 1
0.00334750 1
0.00343420 1
0.00360910 1
0.00383320 1
0.00335800 1
0.00363190 1
0.00337650 1
0.00357030 1
0.00375450 1
0.00406360 1
0.00330210 1
0.00343100 1
0.00357890 1
0.00337120 1
0.00326030 1
0.00335730 1
0.00357490 1
0.00356800 1
0.00345140 1
0.00387050 1
0.00352610 1
0.00356460 1
0.00405210 1
0.00406310 1
0.00353870 1
0.00359400 1
0.00349030 1
0.00356480 1
0.00362380 1
0.00373510 1
0.00383570 1
0.00404080 1
0.00372480 1
0.00350910 1
0.00360270 1
0.00364010 1
0.00352950 1
0.00385160 1
0.00352850 1
0.00357220 1
0.00365530 1
0.00468000 1
0.00424900 1
0.00365930 1
0.00360060 1
0.00407940 1
0.00383370 1
0.00381840 1
0.00368930 1
0.00347120 1
0.00355210 1
0.00362550 1
0.00367200 1
0.00347020 1
0.00352070 1
0.00360280 1
0.00385970 1
0.00388900 1
0.00394200 1
0.00364130 1
0.00383480 1
0.00421420 1
0.00365990 1
0.00360310 1
0.00391470 1
0.00347120 1
0.00344100 1
0.00366590 1
0.00423880 1
0.00358970 1
0.00358510 1
0.00367580 1
0.00355790 1
0.00363130 1
0.00381680 1
0.00374730 1
0.00414930 1
0.00582410 1
0.00449820 1
0.00492940 1
0.00403210 1
0.00436170 1
0.00436120 1
0.00422570 1
0.00377190 1
0.00437120 1
0.03377020 1
0.00393940 1
0.00415610 1
0.00387770 1
0.00408300 1
0.00482600 1
0.00401880 1
0.00410880 1
0.00527620 1
0.00445620 1
0.00361220 1
0.00364360 1
0.00398770 1
0.00394850 1
0.00367550 1
0.00375850 1
0.00367120 1
0.00351220 1
0.00390340 1
0.00356340 1
0.00725530 1
0.00388120 1
0.00932440 1
0.00462950 1
0.00399670 1
0.00373290 1
0.00369660 1
0.00379950 1
0.00390280 1
0.00387390 1
0.00391770 1
0.00399380 1
0.00381840 1
0.00413470 1
0.00409230 1
0.00412010 1
0.00454330 1
0.00522640 1
0.00415680 1
0.00474570 1
0.00418450 1
0.00422760 1
0.00611420 1
0.00472420 1
0.00410270 1
0.00416200 1
0.00425540 1
0.00455470 1
0.00406800 1
0.00369780 1
0.00378390 1
0.00345630 1
0.00344250 1
0.00345540 1
0.00377490 1
0.00341580 1
0.00344800 1
0.00393560 1
0.00391020 1
0.00354510 1
0.00372850 1
0.00356740 1
0.00384690 1
0.00381790 1
0.00342360 1
0.00365300 1
0.00399480 1
0.00374380 1
0.00366160 1
0.00344560 1
0.00395380 1
0.00335710 1
0.00348480 1
0.00354720 1
0.00338290 1
0.00342890 1
0.00345700 1
0.00340820 1
0.00352840 1
0.00356710 1
0.00377900 1
0.00378280 1
0.00355230 1
0.00365250 1
0.00344460 1
0.00346730 1
0.00345370 1
0.00339080 1
0.00348980 1
0.00338010 1
0.00372190 1
0.00353680 1
0.00364390 1
0.00419760 1
0.00388390 1
0.00345740 1
0.00389240 1
0.00355780 1
0.00356760 1
0.00345420 1
0.00374520 1
0.00358550 1
0.00360280 1
0.00408680 1
0.00351450 1
0.00345660 1
0.00380610 1
0.00347210 1
0.00351280 1
0.00345570 1
0.00375970 1
0.00388970 1
0.00353680 1
0.00383890 1
0.00386190 1
0.00422520 1
0.00354600 1
0.00399850 1
0.00375710 1
0.00378640 1
0.00371980 1
0.00355540 1
0.00378370 1
0.00345460 1
0.00358000 1
0.00387130 1
0.00400140 1
0.00377030 1
0.00372010 1
0.00359880 1
0.00459800 1
0.00407080 1
0.00476080 1
0.00376870 1
0.00389830 1
0.00349610 1
0.00342000 1
0.00390170 1
0.00356690 1
0.00360850 1
0.00341120 1
0.00359090 1
0.00330910 1
0.00331600 1
0.00385550 1
0.00403980 1
0.00342090 1
0.00370770 1
0.00368650 1
0.00356640 1
0.00335070 1
0.00353100 1
0.00341420 1
0.00339780 1
0.00366370 1
0.00342850 1
0.00345330 1
0.00363730 1
0.00338180 1
0.00349700 1
0.00355170 1
0.00373800 1
0.00347430 1
0.00334350 1
0.00366160 1
0.00336340 1
0.00348520 1
0.00345410 1
0.00353870 1
0.00344010 1
0.00362310 1
0.00364530 1
0.00341280 1
0.00349880 1
0.00363250 1
0.00335590 1
0.00357130 1
0.00333030 1
0.00381000 1
0.00354530 1
0.00342360 1
0.00359650 1
0.00343360 1
0.00337850 1
0.00335460 1
0.00342510 1
0.00349850 1
0.00328010 1
0.00356450 1
0.00327310 1
0.00326430 1
0.00325870 1
0.00350190 1
0.00360140 1
0.00359390 1
0.00369130 1
0.00342410 1
0.00330650 1
0.00333880 1
0.00395690 1
0.00337330 1
0.00340610 1
0.00365110 1
0.00336870 1
0.00330530 1
0.00336150 1
0.00408240 1
0.00336790 1
0.00334580 1
0.00420380 1
0.00364690 1
0.00347330 1
0.00393750 1
0.00381180 1
0.00346370 1
0.00374980 1
0.00344890 1
0.00334220 1
0.00337670 1
0.00341280 1
0.00340290 1
0.00356530 1
0.00361620 1
0.00341510 1
0.00341570 1
0.00344860 1
0.00343450 1
0.00374870 1
0.00364150 1
0.00378260 1
0.00388660 1
0.00499180 1
0.00440890 1
0.00356870 1
0.00348850 1
0.00370540 1
0.00346320 1
0.00337440 1
0.00326120 1
0.00341990 1
0.00327770 1
0.00340360 1
0.00364810 1
0.00328170 1
0.00328680 1
0.00336190 1
0.00357170 1
0.00363920 1
0.00327410 1
0.00385470 1
0.00352330 1
0.00337460 1
0.00350580 1
0.00339280 1
0.00330180 1
0.00335940 1
0.00380470 1
0.00349720 1
0.00335140 1
0.00367190 1
0.00335700 1
0.00357960 1
0.00382320 1
0.00366830 1
0.00337540 1
0.00345000 1
0.00362260 1
0.00342550 1
0.00334200 1
0.00336970 1
0.00341860 1
0.00337230 1
0.00342620 1
0.00361470 1
0.00344840 1
0.00342110 1
0.00353940 1
0.00335640 1
0.00359990 1
0.00329760 1
0.00379690 1
0.00381520 1
0.00350630 1
0.00354800 1
0.00340250 1
0.00337330 1
0.00337150 1
0.00350890 1
0.00345180 1
0.00334160 1
0.00328940 1
0.00336670 1
0.00350690 1
0.00340160 1
0.00364060 1
0.00366610 1
0.00381510 1
0.00376890 1
0.00353520 1
0.00326940 1
0.00324650 1
0.00345300 1
0.00338880 1
0.00360430 1
0.00392350 1
0.00345950 1
0.00345360 1
0.00367830 1
0.00340150 1
0.00344770 1
0.00339810 1
0.00366550 1
0.00334140 1
0.00344080 1
0.00390700 1
0.00376390 1
0.00336350 1
0.00417110 1
0.00350700 1
0.00348000 1
0.00374940 1
0.00459120 1
0.00482610 1
0.00505440 1
0.00445510 1
0.00377350 1
0.00464060 1
0.00431700 1
0.00510460 1
0.00403050 1
0.00446300 1
0.00408910 1
0.00365280 1
0.00347500 1
0.00355770 1
0.00359000 1
0.00362500 1
0.00372300 1
0.00408030 1
0.00363780 1
0.00368350 1
0.00547870 1
0.00575530 1
0.00524350 1
0.00435440 1
0.00423770 1
0.00449310 1
0.00375740 1
0.00462980 1
0.00543990 1
0.00454640 1
0.00416320 1
0.00398290 1
0.00553170 1
0.00531700 1
0.00545830 1
0.00437150 1
0.00435560 1
0.00402610 1
0.00389550 1
0.00426980 1
0.00497990 1
0.00485920 1
0.00402390 1
0.00424230 1
0.00494800 1
0.00888230 1
0.00802570 1
0.00509430 1
0.00575300 1
0.00460320 1
0.00496830 1
0.00728950 1
0.00600810 1
0.00486290 1
0.00455920 1
0.00584600 1
0.00569470 1
0.00502130 1
0.00390360 1
0.00395750 1
0.00449110 1
0.00385370 1
0.00440760 1
0.00418540 1
0.00501520 1
0.00402850 1
0.00398430 1
0.00463670 1
0.00458360 1
0.00356940 1
0.00351520 1
0.00364470 1
0.00374810 1
0.00342750 1
0.00363960 1
0.00392190 1
0.00385080 1
0.00400020 1
0.00389280 1
0.00354930 1
0.00413920 1
0.00442740 1
0.00379160 1
0.00368000 1
0.00403440 1
0.00349220 1
0.00348400 1
0.00352150 1
0.00373080 1
0.00434700 1
0.00350120 1
0.00351850 1
0.00391860 1
0.00352590 1
0.00366030 1
0.00532340 1
0.00510790 1
0.00375450 1
0.00358150 1
-
-
-
-
0.00369310 0
0.00387160 1
0.00342190 1
0.00330640 1
0.00384870 1
0.00348330 1
0.00334140 1
0.00405130 1
0.00423590 1
0.00341560 1
0.00372860 1
0.00436220 1
0.00325570 1
0.00345210 1
0.00372230 1
0.00449970 1
0.00375360 1
0.00382640 1
0.00490640 1
0.00371400 1
0.00420680 1
0.00541420 1
0.00490820 1
0.00350480 1
0.00380150 1
0.00427070 1
0.00343150 1
0.00338500 1
0.00357520 1
0.00452880 1
0.00476710 1
