0.00130900
0.00180670
0.00617360
0.00134860
0.00133010
0.00495570
0.00158620
0.00159410
0.00128740
0.00129250
0.00143890
0.00153430
0.00135340
0.00139370
0.00194060
0.00138810
0.00136720
0.00119480
0.00138020
0.00123390
0.00126920
0.00131230
0.00129980
0.00122890
0.00125050
0.00122690
0.00151340
0.00123180
0.00122840
0.00121950
0.00125990
0.00131560
0.00122640
0.00131360
0.00118490
0.00144270
0.00126230
0.00133300
0.00118230
0.00121600
0.00123360
0.00118680
0.00117690
0.00122920
0.00134150
0.00125780
0.00118110
0.00117540
0.00138730
0.00123540
0.00117440
0.00141020
0.00118000
0.00121040
0.00129640
0.00124200
0.00134880
0.00143020
0.00121640
0.00117010
0.00120340
0.00135350
0.00983040
0.00995910
0.00158130
0.00881320
0.00152960
0.00202580
0.00136560
0.00174240
0.00127580
0.00130610
0.00158810
0.00130440
0.00121420
0.00146150
0.00126820
0.00133550
0.00129180
0.00145460
0.00124610
0.00129770
0.00133060
0.00142350
0.00475720
0.00132770
0.00116580
0.00110770
0.00120490
0.00110340
0.00109380
0.00110250
0.00132580
0.00125060
0.00115770
0.00116000
0.00116990
0.00116190
0.00116140
0.00116230
0.00149700
0.00116840
0.00119120
0.00116150
0.00115340
0.00126700
0.00119930
0.00116700
0.00112590
0.00112860
0.00113570
0.00128550
0.00127490
0.00112840
0.00112290
0.00112740
0.00119480
0.00112650
0.00112480
0.00161260
0.00128840
0.00182370
0.00121030
0.00125560
0.00124530
0.00134230
0.00118460
0.00122350
0.00117180
0.00125340
0.00143030
0.00124710
0.00123130
0.00119470
0.00120930
0.00117750
0.00119180
0.00157690
0.00125670
0.00118310
0.00116690
0.00116760
0.00116460
0.00116690
0.00118080
0.00127040
0.00121580
0.00118090
0.00120900
0.00117280
0.00117190
0.00131380
0.00153140
0.00148590
0.00125670
0.00124480
0.00121810
0.00120540
0.00118340
0.00135320
0.00124330
0.00126530
0.00125650
0.00136400
0.00120130
0.00120460
0.00131330
0.00125600
0.00127740
0.00117650
0.00116950
0.00117580
0.00116910
0.00131860
0.00133440
0.00126830
0.00165600
0.00131780
0.00118250
0.00147510
0.00132940
0.00148080
0.00117600
0.00117740
0.00117150
0.00122890
0.00118190
0.00128490
0.00117980
0.00119440
0.00126880
0.00117220
0.00116760
0.00121440
0.00125160
0.00128640
0.00134430
0.00117890
0.00116770
0.00117040
0.00117760
0.00129930
0.00130470
0.00119030
0.00131270
0.00118040
0.00116930
0.00121230
0.00152130
0.00125180
0.00117210
0.00144610
0.00126670
0.00125990
0.00117110
0.00134990
0.00116990
0.00116650
0.00119360
0.00125190
0.00121360
0.00121980
0.00212250
0.00134740
0.00137700
0.00170370
0.00130100
0.00128500
0.00135510
0.00130400
0.00140210
0.00137800
0.00127190
0.00118110
0.00130080
0.00125680
0.00121150
0.00121140
0.00124350
0.00119890
0.00126340
0.00118100
0.00123520
0.00117490
0.00117490
0.00117220
0.00116710
0.00129130
0.00132780
0.00118180
0.00116620
0.00116940
0.00118440
0.00117970
0.00144940
0.00118650
0.00127330
0.00116950
0.00116970
0.00116230
0.00116270
0.00128540
0.00188160
0.00124140
0.00120510
0.00123980
0.00121200
0.00120850
0.00120150
0.00155450
0.00121140
0.00118560
0.00117000
0.00116390
0.00127410
0.00117090
0.00133990
0.00128630
0.00122400
0.00135500
0.00133940
0.00130990
