0.00130900 0
0.00180670 1
0.00617360 1
0.00134860 1
0.00133010 1
0.00495570 1
0.00158620 1
0.00159410 1
0.00128740 1
0.00129250 1
0.00143890 1
0.00153430 1
0.00135340 1
0.00139370 1
0.00194060 1
0.00138810 1
0.00136720 1
0.00119480 1
0.00138020 1
0.00123390 1
0.00126920 1
0.00131230 1
0.00129980 1
0.00122890 1
0.00125050 1
0.00122690 1
0.00151340 1
0.00123180 1
0.00122840 1
0.00121950 1
0.00125990 1
0.00131560 1
0.00122640 1
0.00131360 1
0.00118490 1
0.00144270 1
0.00126230 1
0.00133300 1
0.00118230 1
0.00121600 1
0.00123360 1
0.00118680 1
0.00117690 1
0.00122920 1
0.00134150 1
0.00125780 1
0.00118110 1
0.00117540 1
0.00138730 1
0.00123540 1
0.00117440 1
0.00141020 1
0.00118000 1
0.00121040 1
0.00129640 1
0.00124200 1
0.00134880 1
0.00143020 1
0.00121640 1
0.00117010 1
0.00120340 1
0.00135350 1
0.00983040 1
0.00995910 1
0.00158130 1
0.00881320 1
0.00152960 1
0.00202580 1
0.00136560 1
0.00174240 1
0.00127580 1
0.00130610 1
0.00158810 1
0.00130440 1
0.00121420 1
0.00146150 1
0.00126820 1
0.00133550 1
0.00129180 1
0.00145460 1
0.00124610 1
0.00129770 1
0.00133060 1
0.00142350 1
0.00475720 1
0.00132770 1
0.00116580 1
0.00110770 1
0.00120490 1
0.00110340 1
0.00109380 1
0.00110250 1
0.00132580 1
0.00125060 1
0.00115770 1
0.00116000 1
0.00116990 1
0.00116190 1
0.00116140 1
0.00116230 1
0.00149700 1
0.00116840 1
0.00119120 1
0.00116150 1
0.00115340 1
0.00126700 1
0.00119930 1
0.00116700 1
0.00112590 1
0.00112860 1
0.00113570 1
0.00128550 1
0.00127490 1
0.00112840 1
0.00112290 1
0.00112740 1
0.00119480 1
0.00112650 1
0.00112480 1
0.00161260 1
0.00128840 1
0.00182370 1
0.00121030 1
0.00125560 1
0.00124530 1
0.00134230 1
0.00118460 1
0.00122350 1
0.00117180 1
0.00125340 1
0.00143030 1
0.00124710 1
0.00123130 1
0.00119470 1
0.00120930 1
0.00117750 1
0.00119180 1
0.00157690 1
0.00125670 1
0.00118310 1
0.00116690 1
0.00116760 1
0.00116460 1
0.00116690 1
0.00118080 1
0.00127040 1
0.00121580 1
0.00118090 1
0.00120900 1
0.00117280 1
0.00117190 1
0.00131380 1
0.00153140 1
0.00148590 1
0.00125670 1
0.00124480 1
0.00121810 1
0.00120540 1
0.00118340 1
0.00135320 1
0.00124330 1
0.00126530 1
0.00125650 1
0.00136400 1
0.00120130 1
0.00120460 1
0.00131330 1
0.00125600 1
0.00127740 1
0.00117650 1
0.00116950 1
0.00117580 1
0.00116910 1
0.00131860 1
0.00133440 1
0.00126830 1
0.00165600 1
0.00131780 1
0.00118250 1
0.00147510 1
0.00132940 1
0.00148080 1
0.00117600 1
0.00117740 1
0.00117150 1
0.00122890 1
0.00118190 1
0.00128490 1
0.00117980 1
0.00119440 1
0.00126880 1
0.00117220 1
0.00116760 1
0.00121440 1
0.00125160 1
0.00128640 1
0.00134430 1
0.00117890 1
0.00116770 1
0.00117040 1
0.00117760 1
0.00129930 1
0.00130470 1
0.00119030 1
0.00131270 1
0.00118040 1
0.00116930 1
0.00121230 1
0.00152130 1
0.00125180 1
0.00117210 1
0.00144610 1
0.00126670 1
0.00125990 1
0.00117110 1
0.00134990 1
0.00116990 1
0.00116650 1
0.00119360 1
0.00125190 1
0.00121360 1
0.00121980 1
0.00212250 1
0.00134740 1
0.00137700 1
0.00170370 1
0.00130100 1
0.00128500 1
0.00135510 1
0.00130400 1
0.00140210 1
0.00137800 1
0.00127190 1
0.00118110 1
0.00130080 1
0.00125680 1
0.00121150 1
0.00121140 1
0.00124350 1
0.00119890 1
0.00126340 1
0.00118100 1
0.00123520 1
0.00117490 1
0.00117490 1
0.00117220 1
0.00116710 1
0.00129130 1
0.00132780 1
0.00118180 1
0.00116620 1
0.00116940 1
0.00118440 1
0.00117970 1
0.00144940 1
0.00118650 1
0.00127330 1
0.00116950 1
0.00116970 1
0.00116230 1
0.00116270 1
0.00128540 1
0.00188160 1
0.00124140 1
0.00120510 1
0.00123980 1
0.00121200 1
0.00120850 1
0.00120150 1
0.00155450 1
0.00121140 1
0.00118560 1
0.00117000 1
0.00116390 1
0.00127410 1
0.00117090 1
0.00133990 1
0.00128630 1
0.00122400 1
0.00135500 1
0.00133940 1
0.00130990 1
