0.01131610
0.00245380
0.00217860
0.00529570
0.00225760
0.00223210
0.00325350
0.00231620
0.00219000
0.00217790
0.00307790
0.00235300
0.00218370
0.00244570
0.00224330
0.00223840
0.00212560
0.00223050
0.00222110
0.00218400
0.00228700
0.00221490
0.00223880
0.00219050
0.00217960
0.00228670
0.00218870
0.00217870
0.00218990
0.00240180
0.00229300
0.00217230
0.00223770
0.00245240
0.00224400
0.00220800
0.00000000
0.00000000
0.00000000
0.00000000
0.00267400
0.00098050
0.00076870
0.00077340
0.00075820
0.00076450
0.00076520
0.00075900
0.00076210
0.00080070
0.00076020
0.00000000
0.00000000
0.00000000
0.00000000
0.00178760
0.00081790
0.00074810
0.00073760
0.00073400
0.00074040
0.00082130
0.00073920
0.00077460
0.00073940
0.00073620
0.00073620
0.00083780
0.00074100
0.00073880
0.00073280
0.00084110
0.00073460
0.00078150
0.00073800
0.00083530
0.00073240
0.00076350
0.00072870
0.00097520
0.00083740
0.00097440
0.00108560
0.00078210
0.00081290
0.00121770
0.00088340
0.00077050
0.00095090
0.00081130
0.00073680
0.00072570
0.00069420
0.00076060
0.00085510
0.00075340
0.00083280
0.00076500
0.00073270
0.00076750
0.00092760
0.00091860
0.00078000
0.00072250
0.00075930
0.00075600
0.00073900
0.00083080
0.00075720
0.00072750
0.00075830
0.00075800
0.00082930
0.00080660
0.00079410
0.00079870
0.00083360
0.00079680
0.00000000
0.00000000
0.00000000
0.00000000
0.00452120
0.00217080
0.00166770
0.00170460
0.00166800
0.00180510
0.00164600
0.00196440
0.00212350
0.00198110
0.00168370
0.00161630
0.00163940
0.00173320
0.00167550
0.00166590
0.00159930
0.00168350
0.00164190
0.00171280
0.00165910
0.00162850
0.00172160
0.00168470
0.00166190
0.00000000
0.00000000
0.00000000
0.00000000
0.00480340
0.00167580
0.00199500
0.00171220
0.00157580
0.00169210
0.00157830
0.00146780
0.00146860
0.00149060
0.00156230
0.00148920
0.00167960
0.00211570
0.00160550
0.00154980
0.00147420
0.00147190
0.00147520
0.00153960
0.00146560
0.00161600
0.00146790
0.00162290
0.00149890
0.00148530
0.00146260
0.00160360
0.00150800
0.00147130
0.00157230
0.00146780
0.00166280
0.00153550
0.00146940
0.00145460
0.00146890
0.00182520
0.00000000
0.00000000
0.00000000
0.00000000
0.00796000
0.00285270
0.00242360
0.00237720
0.00270100
0.00284150
0.00244860
0.00242030
0.00247630
0.00240970
0.00240110
0.00259490
0.00250780
0.00241970
0.00242910
0.00251320
0.00252260
0.00248170
0.00258380
0.00000000
0.00000000
0.00000000
0.00000000
0.00822460
0.00285460
0.00258470
0.00284470
0.00382250
0.00277020
0.00279350
0.00311110
0.00271790
0.00295930
0.00442160
0.00303170
0.00280170
0.00275890
0.00256910
0.00390960
0.00261390
0.00305320
0.00262580
0.00276080
0.00254300
0.00269870
0.00266320
0.00262270
0.00256890
0.00263600
0.00000000
0.00000000
0.00000000
0.00000000
0.00543130
0.00172560
0.00171280
0.00149280
0.00152460
0.00147960
0.00172850
0.00163940
0.00185260
0.00149590
0.00150580
0.00158860
0.00155810
0.00138500
0.00157100
0.00151810
0.00206570
0.00462110
0.00155250
0.00245380
0.00139050
0.00135080
0.00142070
0.00144950
0.00131140
0.00125940
0.00125810
0.00131680
0.00129830
0.00129950
0.00130440
0.00129710
0.00147090
0.00140860
0.00132680
0.00153990
0.00166690
0.00134210
0.00126160
0.00127130
0.00129810
0.00132070
0.00127640
0.00126110
0.00126010
0.00131930
0.00000000
0.00000000
0.00000000
0.00000000
0.00863540
0.00314750
0.00294310
0.00301730
0.00285900
0.00299060
0.00287700
0.00292930
0.00284980
0.00299130
0.00285500
0.00298930
0.00286680
0.00288760
0.00282830
0.00315870
0.00323620
0.00305950
0.00289090
0.00293050
0.00286480
0.00360320
0.00300860
0.00305950
0.00328580
0.00305920
0.00318430
0.00381530
0.00302080
0.00310730
0.00289270
0.00301200
0.00318900
0.00312720
0.00380160
0.00287860
0.00294710
0.00305170
0.00337350
0.00297600
0.00295720
0.00286560
0.00313530
0.00323460
0.00302220
0.00290390
0.00293790
0.00286660
0.00390470
0.00438250
0.00382000
0.00403990
0.00385030
0.00316400
0.00381210
0.00355600
0.00477960
0.00365450
0.00359360
0.00325650
0.00316940
0.00300570
0.00296030
0.00294810
0.00318840
0.00349440
0.00314550
0.00315580
0.00303990
0.00295030
0.00287640
0.00329060
0.00313270
0.00476400
0.00486660
0.00398990
0.00346270
0.00395660
0.00000000
0.00000000
0.00000000
0.00000000
0.00796920
0.00297170
0.00277190
0.00278390
0.00314050
0.00306780
0.00349760
0.00432190
0.00284750
0.00296510
0.00272290
0.00272830
0.00286830
0.00244810
0.00307880
0.00297860
0.00434470
0.00310820
0.00283840
0.00254580
0.00337170
0.00558350
0.00613970
0.00528590
0.00286330
0.00324300
0.00254130
0.00409130
0.00327310
0.00531020
0.00000000
0.00000000
0.00000000
0.00000000
0.01276930
0.00616920
0.00395860
0.00638410
0.00569220
0.00408160
0.00415750
0.00379210
0.00353580
0.00381790
0.00468050
0.00356100
0.00361140
0.00443500
0.00350600
0.00342150
0.00000000
0.00000000
0.00000000
0.00000000
0.00632600
0.00208250
0.00206000
0.00203820
