1
126.80,20.18,47.40,36.64
128.80,19.18,47.40,36.64
130.80,19.18,47.40,36.64
131.80,18.18,47.40,36.64
131.80,19.18,47.40,36.64
131.80,19.18,47.40,36.64
129.80,19.18,47.40,36.64
128.80,19.18,47.40,36.64
127.80,19.18,47.40,36.64
127.80,19.18,47.40,36.64
126.80,19.18,47.40,36.64
126.80,19.18,47.40,36.64
126.80,20.18,47.40,36.64
127.80,20.18,47.40,36.64
128.80,20.18,47.40,36.64
130.80,20.18,47.40,36.64
131.80,20.18,47.40,36.64
132.80,20.18,47.40,36.64
133.80,20.18,47.40,36.64
133.80,20.18,47.40,36.64
134.80,20.18,47.40,36.64
135.80,20.18,47.40,36.64
136.80,20.18,47.40,36.64
138.80,20.18,47.40,36.64
140.80,20.18,47.40,36.64
141.80,19.18,47.40,36.64
143.80,19.18,47.40,36.64
144.80,19.18,47.40,36.64
145.80,19.18,47.40,36.64
146.80,19.18,47.40,36.64
146.80,19.18,47.40,36.64
146.80,19.18,47.40,36.64
146.80,19.18,47.40,36.64
146.80,19.18,47.40,36.64
2
0
0
0
0
1
124.00,59.00,15.00,30.00
123.00,59.00,15.00,30.00
123.00,58.00,15.00,30.00
123.00,58.00,15.00,30.00
123.00,58.00,15.00,30.00
123.00,58.00,15.00,30.00
123.00,59.00,15.00,30.00
123.00,59.00,15.00,30.00
123.00,59.00,15.00,30.00
2
0
0
0
0
1
100.00,70.00,16.00,29.00
100.00,70.00,16.00,29.00
100.00,71.00,16.00,29.00
100.00,71.00,16.00,29.00
100.00,70.00,16.00,29.00
100.00,70.00,16.00,29.00
100.00,70.00,16.00,29.00
101.00,70.00,16.00,29.00
101.00,70.00,16.00,29.00
101.00,70.00,16.00,29.00
101.00,70.00,16.00,29.00
101.00,71.00,16.00,29.00
101.00,71.00,16.00,29.00
101.00,71.00,16.00,29.00
101.00,71.00,16.00,29.00
101.00,72.00,16.00,29.00
101.00,72.00,16.00,29.00
102.00,72.00,16.00,29.00
103.00,72.00,16.00,29.00
106.00,72.00,16.00,29.00
109.00,72.00,16.00,29.00
111.00,71.00,16.00,29.00
113.00,71.00,16.00,29.00
115.00,71.00,16.00,29.00
117.00,71.00,16.00,29.00
118.00,70.00,16.00,29.00
120.00,69.00,16.00,29.00
121.00,69.00,16.00,29.00
122.00,69.00,16.00,29.00
123.00,69.00,16.00,29.00
123.00,70.00,16.00,29.00
123.00,70.00,16.00,29.00
123.00,70.00,16.00,29.00
123.00,70.00,16.00,29.00
123.00,70.00,16.00,29.00
123.00,70.00,16.00,29.00
123.00,70.00,16.00,29.00
124.00,70.00,16.00,29.00
124.00,69.00,16.00,29.00
125.00,69.00,16.00,29.00
126.00,69.00,16.00,29.00
126.00,69.00,16.00,29.00
126.00,68.00,16.00,29.00
126.00,68.00,16.00,29.00
126.00,68.00,16.00,29.00
126.00,68.00,16.00,29.00
126.00,69.00,16.00,29.00
126.00,69.00,16.00,29.00
126.00,69.00,16.00,29.00
126.00,69.00,16.00,29.00
127.00,69.00,16.00,29.00
127.00,69.00,16.00,29.00
128.00,69.00,16.00,29.00
128.00,69.00,16.00,29.00
128.00,69.00,16.00,29.00
128.00,69.00,16.00,29.00
129.00,69.00,16.00,29.00
129.00,69.00,16.00,29.00
129.00,69.00,16.00,29.00
129.00,69.00,16.00,29.00
130.00,69.00,16.00,29.00
2
0
0
0
0
1
159.00,83.00,69.00,39.00
159.00,83.00,69.00,39.00
159.00,83.00,69.00,39.00
159.00,83.00,69.00,39.00
159.00,83.00,69.00,39.00
159.00,83.00,69.00,39.00
159.00,83.00,69.00,39.00
160.00,83.00,69.00,39.00
161.00,83.00,69.00,39.00
161.00,83.00,69.00,39.00
161.00,83.00,69.00,39.00
161.00,83.00,69.00,39.00
161.00,83.00,69.00,39.00
161.00,83.00,69.00,39.00
162.00,83.00,69.00,39.00
162.00,83.00,69.00,39.00
162.00,83.00,69.00,39.00
162.00,83.00,69.00,39.00
162.00,83.00,69.00,39.00
162.00,83.00,69.00,39.00
162.00,83.00,69.00,39.00
162.00,83.00,69.00,39.00
162.00,83.00,69.00,39.00
2
0
0
0
0
1
255.00,74.00,53.00,37.00
255.00,74.00,53.00,37.00
255.00,73.00,53.00,37.00
254.00,73.00,53.00,37.00
253.00,73.00,53.00,37.00
253.00,73.00,53.00,37.00
253.00,73.00,53.00,37.00
253.00,73.00,53.00,37.00
253.00,73.00,53.00,37.00
253.00,73.00,53.00,37.00
253.00,73.00,53.00,37.00
253.00,73.00,53.00,37.00
253.00,73.00,53.00,37.00
253.00,73.00,53.00,37.00
253.00,73.00,53.00,37.00
253.00,73.00,53.00,37.00
253.00,73.00,53.00,37.00
253.00,73.00,53.00,37.00
253.00,73.00,53.00,37.00
253.00,73.00,53.00,37.00
253.00,73.00,53.00,37.00
253.00,73.00,53.00,37.00
253.00,73.00,53.00,37.00
253.00,73.00,53.00,37.00
253.00,73.00,53.00,37.00
253.00,73.00,53.00,37.00
253.00,73.00,53.00,37.00
253.00,73.00,53.00,37.00
253.00,73.00,53.00,37.00
253.00,73.00,53.00,37.00
253.00,73.00,53.00,37.00
253.00,73.00,53.00,37.00
253.00,73.00,53.00,37.00
253.00,73.00,53.00,37.00
253.00,73.00,53.00,37.00
253.00,73.00,53.00,37.00
2
0
0
0
0
1
156.62,59.06,72.83,39.30
156.62,60.06,72.83,39.30
156.62,59.06,72.83,39.30
156.62,59.06,72.83,39.30
156.62,59.06,72.83,39.30
156.62,59.06,72.83,39.30
156.62,59.06,72.83,39.30
156.62,59.06,72.83,39.30
156.62,59.06,72.83,39.30
156.62,59.06,72.83,39.30
156.62,59.06,72.83,39.30
156.62,59.06,72.83,39.30
156.62,59.06,72.83,39.30
156.62,59.06,72.83,39.30
156.62,59.06,72.83,39.30
156.62,59.06,72.83,39.30
156.62,59.06,72.83,39.30
2
0
0
0
0
1
80.36,80.20,56.35,40.21
80.36,80.20,56.35,40.21
81.36,80.20,56.35,40.21
81.36,80.20,56.35,40.21
81.36,80.20,56.35,40.21
81.36,80.20,56.35,40.21
82.36,80.20,56.35,40.21
81.36,80.20,56.35,40.21
81.36,80.20,56.35,40.21
82.36,80.20,56.35,40.21
82.36,80.20,56.35,40.21
82.36,80.20,56.35,40.21
82.36,80.20,56.35,40.21
82.36,80.20,56.35,40.21
82.36,80.20,56.35,40.21
82.36,80.20,56.35,40.21
82.36,80.20,56.35,40.21
82.36,80.20,56.35,40.21
82.36,80.20,56.35,40.21
82.36,80.20,56.35,40.21
82.36,80.20,56.35,40.21
82.36,80.20,56.35,40.21
82.36,80.20,56.35,40.21
82.36,80.20,56.35,40.21
2
0
0
0
0
1
48.00,115.00,27.00,46.00
47.00,115.00,27.00,46.00
47.00,114.00,27.00,46.00
47.00,114.00,27.00,46.00
46.00,114.00,27.00,46.00
45.00,113.00,27.00,46.00
45.00,113.00,27.00,46.00
45.00,113.00,27.00,46.00
46.00,114.00,27.00,46.00
46.00,114.00,27.00,46.00
46.00,114.00,27.00,46.00
46.00,114.00,27.00,46.00
46.00,114.00,27.00,46.00
46.00,114.00,27.00,46.00
47.00,114.00,27.00,46.00
47.00,114.00,27.00,46.00
47.00,115.00,27.00,46.00
47.00,115.00,27.00,46.00
47.00,115.00,27.00,46.00
47.00,115.00,27.00,46.00
47.00,115.00,27.00,46.00
47.00,115.00,27.00,46.00
47.00,115.00,27.00,46.00
48.00,114.00,27.00,46.00
48.00,114.00,27.00,46.00
48.00,114.00,27.00,46.00
48.00,114.00,27.00,46.00
48.00,113.00,27.00,46.00
48.00,113.00,27.00,46.00
48.00,113.00,27.00,46.00
48.00,113.00,27.00,46.00
48.00,113.00,27.00,46.00
48.00,113.00,27.00,46.00
48.00,113.00,27.00,46.00
48.00,112.00,27.00,46.00
48.00,112.00,27.00,46.00
48.00,112.00,27.00,46.00
48.00,112.00,27.00,46.00
48.00,112.00,27.00,46.00
48.00,112.00,27.00,46.00
48.00,112.00,27.00,46.00
48.00,112.00,27.00,46.00
48.00,112.00,27.00,46.00
48.00,112.00,27.00,46.00
2
0
0
0
0
1
90.00,91.00,90.00,39.00
96.00,91.00,90.00,39.00
98.00,90.00,90.00,39.00
102.00,90.00,90.00,39.00
105.00,90.00,90.00,39.00
110.00,90.00,90.00,39.00
113.00,90.00,90.00,39.00
119.00,90.00,90.00,39.00
124.00,90.00,90.00,39.00
125.00,91.00,90.00,39.00
126.00,91.00,90.00,39.00
126.00,91.00,90.00,39.00
126.00,92.00,90.00,39.00
126.00,92.00,90.00,39.00
126.00,92.00,90.00,39.00
126.00,92.00,90.00,39.00
127.00,92.00,90.00,39.00
127.00,92.00,90.00,39.00
127.00,92.00,90.00,39.00
127.00,92.00,90.00,39.00
127.00,92.00,90.00,39.00
127.00,92.00,90.00,39.00
127.00,92.00,90.00,39.00
127.00,92.00,90.00,39.00
127.00,92.00,90.00,39.00
127.00,92.00,90.00,39.00
127.00,92.00,90.00,39.00
127.00,92.00,90.00,39.00
127.00,92.00,90.00,39.00
127.00,92.00,90.00,39.00
127.00,92.00,90.00,39.00
127.00,92.00,90.00,39.00
127.00,92.00,90.00,39.00
127.00,92.00,90.00,39.00
127.00,92.00,90.00,39.00
127.00,92.00,90.00,39.00
127.00,92.00,90.00,39.00
127.00,92.00,90.00,39.00
127.00,92.00,90.00,39.00
127.00,92.00,90.00,39.00
127.00,92.00,90.00,39.00
127.00,93.00,90.00,39.00
127.00,93.00,90.00,39.00
127.00,93.00,90.00,39.00
127.00,93.00,90.00,39.00
127.00,93.00,90.00,39.00
127.00,94.00,90.00,39.00
127.00,94.00,90.00,39.00
127.00,94.00,90.00,39.00
127.00,94.00,90.00,39.00
127.00,94.00,90.00,39.00
127.00,94.00,90.00,39.00
127.00,94.00,90.00,39.00
127.00,94.00,90.00,39.00
127.00,94.00,90.00,39.00
127.00,94.00,90.00,39.00
127.00,94.00,90.00,39.00
127.00,94.00,90.00,39.00
127.00,94.00,90.00,39.00
127.00,94.00,90.00,39.00
127.00,94.00,90.00,39.00
127.00,94.00,90.00,39.00
127.00,94.00,90.00,39.00
127.00,94.00,90.00,39.00
127.00,94.00,90.00,39.00
127.00,94.00,90.00,39.00
128.00,94.00,90.00,39.00
128.00,94.00,90.00,39.00
128.00,94.00,90.00,39.00
128.00,94.00,90.00,39.00
128.00,94.00,90.00,39.00
128.00,94.00,90.00,39.00
128.00,94.00,90.00,39.00
128.00,94.00,90.00,39.00
128.00,94.00,90.00,39.00
128.00,94.00,90.00,39.00
2
0
0
0
0
1
77.00,85.00,40.00,35.00
77.00,84.00,40.00,35.00
78.00,84.00,40.00,35.00
78.00,84.00,40.00,35.00
78.00,83.00,40.00,35.00
77.00,82.00,40.00,35.00
76.00,82.00,40.00,35.00
76.00,81.00,40.00,35.00
76.00,80.00,40.00,35.00
76.00,79.00,40.00,35.00
76.00,78.00,40.00,35.00
76.00,77.00,40.00,35.00
74.00,77.00,40.00,35.00
73.00,77.00,40.00,35.00
72.00,77.00,40.00,35.00
71.00,77.00,40.00,35.00
68.00,77.00,40.00,35.00
65.00,76.00,40.00,35.00
63.00,75.00,40.00,35.00
61.00,75.00,40.00,35.00
59.00,74.00,40.00,35.00
57.00,74.00,40.00,35.00
56.00,73.00,40.00,35.00
55.00,72.00,40.00,35.00
53.00,71.00,40.00,35.00
52.00,70.00,40.00,35.00
52.00,70.00,40.00,35.00
52.00,70.00,40.00,35.00
2
0
0
0
0
1
116.00,48.00,75.00,35.00
124.00,47.00,75.00,35.00
124.00,47.00,75.00,35.00
124.00,48.00,75.00,35.00
123.00,48.00,75.00,35.00
123.00,48.00,75.00,35.00
123.00,48.00,75.00,35.00
123.00,48.00,75.00,35.00
122.00,48.00,75.00,35.00
122.00,50.00,75.00,35.00
122.00,51.00,75.00,35.00
122.00,53.00,75.00,35.00
122.00,55.00,75.00,35.00
122.00,56.00,75.00,35.00
2
0
0
0
0
1
229.00,39.00,34.00,35.00
229.00,39.00,34.00,35.00
228.00,38.00,34.00,35.00
