0.01131610 0
0.00245380 1
0.00217860 1
0.00529570 1
0.00225760 1
0.00223210 1
0.00325350 1
0.00231620 1
0.00219000 1
0.00217790 1
0.00307790 1
0.00235300 1
0.00218370 1
0.00244570 1
0.00224330 1
0.00223840 1
0.00212560 1
0.00223050 1
0.00222110 1
0.00218400 1
0.00228700 1
0.00221490 1
0.00223880 1
0.00219050 1
0.00217960 1
0.00228670 1
0.00218870 1
0.00217870 1
0.00218990 1
0.00240180 1
0.00229300 1
0.00217230 1
0.00223770 1
0.00245240 1
0.00224400 1
0.00220800 1
-
-
-
-
0.00267400 0
0.00098050 1
0.00076870 1
0.00077340 1
0.00075820 1
0.00076450 1
0.00076520 1
0.00075900 1
0.00076210 1
0.00080070 1
0.00076020 1
-
-
-
-
0.00178760 0
0.00081790 1
0.00074810 1
0.00073760 1
0.00073400 1
0.00074040 1
0.00082130 1
0.00073920 1
0.00077460 1
0.00073940 1
0.00073620 1
0.00073620 1
0.00083780 1
0.00074100 1
0.00073880 1
0.00073280 1
0.00084110 1
0.00073460 1
0.00078150 1
0.00073800 1
0.00083530 1
0.00073240 1
0.00076350 1
0.00072870 1
0.00097520 1
0.00083740 1
0.00097440 1
0.00108560 1
0.00078210 1
0.00081290 1
0.00121770 1
0.00088340 1
0.00077050 1
0.00095090 1
0.00081130 1
0.00073680 1
0.00072570 1
0.00069420 1
0.00076060 1
0.00085510 1
0.00075340 1
0.00083280 1
0.00076500 1
0.00073270 1
0.00076750 1
0.00092760 1
0.00091860 1
0.00078000 1
0.00072250 1
0.00075930 1
0.00075600 1
0.00073900 1
0.00083080 1
0.00075720 1
0.00072750 1
0.00075830 1
0.00075800 1
0.00082930 1
0.00080660 1
0.00079410 1
0.00079870 1
0.00083360 1
0.00079680 1
-
-
-
-
0.00452120 0
0.00217080 1
0.00166770 1
0.00170460 1
0.00166800 1
0.00180510 1
0.00164600 1
0.00196440 1
0.00212350 1
0.00198110 1
0.00168370 1
0.00161630 1
0.00163940 1
0.00173320 1
0.00167550 1
0.00166590 1
0.00159930 1
0.00168350 1
0.00164190 1
0.00171280 1
0.00165910 1
0.00162850 1
0.00172160 1
0.00168470 1
0.00166190 1
-
-
-
-
0.00480340 0
0.00167580 1
0.00199500 1
0.00171220 1
0.00157580 1
0.00169210 1
0.00157830 1
0.00146780 1
0.00146860 1
0.00149060 1
0.00156230 1
0.00148920 1
0.00167960 1
0.00211570 1
0.00160550 1
0.00154980 1
0.00147420 1
0.00147190 1
0.00147520 1
0.00153960 1
0.00146560 1
0.00161600 1
0.00146790 1
0.00162290 1
0.00149890 1
0.00148530 1
0.00146260 1
0.00160360 1
0.00150800 1
0.00147130 1
0.00157230 1
0.00146780 1
0.00166280 1
0.00153550 1
0.00146940 1
0.00145460 1
0.00146890 1
0.00182520 1
-
-
-
-
0.00796000 0
0.00285270 1
0.00242360 1
0.00237720 1
0.00270100 1
0.00284150 1
0.00244860 1
0.00242030 1
0.00247630 1
0.00240970 1
0.00240110 1
0.00259490 1
0.00250780 1
0.00241970 1
0.00242910 1
0.00251320 1
0.00252260 1
0.00248170 1
0.00258380 1
-
-
-
-
0.00822460 0
0.00285460 1
0.00258470 1
0.00284470 1
0.00382250 1
0.00277020 1
0.00279350 1
0.00311110 1
0.00271790 1
0.00295930 1
0.00442160 1
0.00303170 1
0.00280170 1
0.00275890 1
0.00256910 1
0.00390960 1
0.00261390 1
0.00305320 1
0.00262580 1
0.00276080 1
0.00254300 1
0.00269870 1
0.00266320 1
0.00262270 1
0.00256890 1
0.00263600 1
-
-
-
-
0.00543130 0
0.00172560 1
0.00171280 1
0.00149280 1
0.00152460 1
0.00147960 1
0.00172850 1
0.00163940 1
0.00185260 1
0.00149590 1
0.00150580 1
0.00158860 1
0.00155810 1
0.00138500 1
0.00157100 1
0.00151810 1
0.00206570 1
0.00462110 1
0.00155250 1
0.00245380 1
0.00139050 1
0.00135080 1
0.00142070 1
0.00144950 1
0.00131140 1
0.00125940 1
0.00125810 1
0.00131680 1
0.00129830 1
0.00129950 1
0.00130440 1
0.00129710 1
0.00147090 1
0.00140860 1
0.00132680 1
0.00153990 1
0.00166690 1
0.00134210 1
0.00126160 1
0.00127130 1
0.00129810 1
0.00132070 1
0.00127640 1
0.00126110 1
0.00126010 1
0.00131930 1
-
-
-
-
0.00863540 0
0.00314750 1
0.00294310 1
0.00301730 1
0.00285900 1
0.00299060 1
0.00287700 1
0.00292930 1
0.00284980 1
0.00299130 1
0.00285500 1
0.00298930 1
0.00286680 1
0.00288760 1
0.00282830 1
0.00315870 1
0.00323620 1
0.00305950 1
0.00289090 1
0.00293050 1
0.00286480 1
0.00360320 1
0.00300860 1
0.00305950 1
0.00328580 1
0.00305920 1
0.00318430 1
0.00381530 1
0.00302080 1
0.00310730 1
0.00289270 1
0.00301200 1
0.00318900 1
0.00312720 1
0.00380160 1
0.00287860 1
0.00294710 1
0.00305170 1
0.00337350 1
0.00297600 1
0.00295720 1
0.00286560 1
0.00313530 1
0.00323460 1
0.00302220 1
0.00290390 1
0.00293790 1
0.00286660 1
0.00390470 1
0.00438250 1
0.00382000 1
0.00403990 1
0.00385030 1
0.00316400 1
0.00381210 1
0.00355600 1
0.00477960 1
0.00365450 1
0.00359360 1
0.00325650 1
0.00316940 1
0.00300570 1
0.00296030 1
0.00294810 1
0.00318840 1
0.00349440 1
0.00314550 1
0.00315580 1
0.00303990 1
0.00295030 1
0.00287640 1
0.00329060 1
0.00313270 1
0.00476400 1
0.00486660 1
0.00398990 1
0.00346270 1
0.00395660 1
-
-
-
-
0.00796920 0
0.00297170 1
0.00277190 1
0.00278390 1
0.00314050 1
0.00306780 1
0.00349760 1
0.00432190 1
0.00284750 1
0.00296510 1
0.00272290 1
0.00272830 1
0.00286830 1
0.00244810 1
0.00307880 1
0.00297860 1
0.00434470 1
0.00310820 1
0.00283840 1
0.00254580 1
0.00337170 1
0.00558350 1
0.00613970 1
0.00528590 1
0.00286330 1
0.00324300 1
0.00254130 1
0.00409130 1
0.00327310 1
0.00531020 1
-
-
-
-
0.01276930 0
0.00616920 1
0.00395860 1
0.00638410 1
0.00569220 1
0.00408160 1
0.00415750 1
0.00379210 1
0.00353580 1
0.00381790 1
0.00468050 1
0.00356100 1
0.00361140 1
0.00443500 1
0.00350600 1
0.00342150 1
-
-
-
-
0.00632600 0
0.00208250 1
0.00206000 1
0.00203820 1
