0.00326880
0.00552740
0.00513890
0.00414080
0.00601740
0.00400650
0.00358330
0.00417370
0.00395690
0.00483260
0.00360430
0.00370780
0.00413040
0.00350020
0.00358230
0.00387590
0.00351540
0.00371850
0.00437730
0.00371320
0.00373160
0.00361460
0.00350500
0.00360700
0.00342960
0.00383000
0.00380770
0.00361820
0.00383900
0.00354820
0.00330450
0.00371750
0.00334540
0.00326560
0.00367790
0.00326080
0.00324620
0.00346260
0.00392210
0.00330350
0.00318830
0.00351990
0.00319570
0.00327690
0.00327900
0.00349360
0.00318320
0.00331130
0.00354120
0.00318280
0.00317830
0.00379480
0.00360290
0.00329260
0.00345590
0.00349690
0.00327080
0.00358140
0.00374440
0.00332210
0.00347400
0.00335160
0.00349330
0.00326430
0.00329080
0.00332650
0.00326620
0.00353950
0.00356970
0.00356510
0.00363490
0.00358520
0.00363300
0.00410890
0.00340520
0.00420070
0.00000000
0.00000000
0.00000000
0.00000000
0.00176970
0.00237230
0.00256480
0.00275270
0.00244400
0.00236700
0.00226080
0.00274880
0.00233840
0.00241310
0.00204720
0.00267140
0.00206500
0.00218330
0.00193460
0.00195730
0.00206880
0.00223210
0.00184610
0.00197080
0.00209490
0.00207800
0.00189070
0.00182850
0.00192920
0.00199610
0.00181740
0.00178120
0.00181050
0.00183370
0.00196230
0.00176840
0.00186290
0.00184730
0.00177520
0.00182620
0.00177280
0.00193970
0.00251980
0.00189110
0.00209580
0.00176830
0.00188420
0.00231010
0.00191190
0.00189100
0.00185180
0.00209490
0.00216260
0.00228110
0.00184500
0.00217590
0.00213850
0.00182680
0.00208340
0.00217730
0.00190320
0.00181410
0.00194760
0.00185860
0.00183700
0.00198340
0.00216760
0.00208250
0.00182000
0.00175790
0.00176170
0.00176530
0.00230630
0.00213340
0.00186720
0.00187340
0.00178630
0.00209330
0.00183200
0.00180820
0.00180520
0.00191950
0.00186740
0.00177970
0.00187070
0.00179980
0.00180800
0.00197130
0.00177920
0.00177580
0.00189340
0.00187790
0.00195640
0.00196720
0.00182750
0.00195150
0.00217750
0.00180040
0.00183380
0.00208050
0.00180540
0.00217880
0.00186250
0.00207740
0.00190910
0.00300430
0.00186940
0.00181960
0.00178690
0.00194660
0.00181410
0.00246220
0.00189000
0.00216120
0.00198110
0.00183420
0.00179760
0.00197470
0.00214370
0.00214580
0.00214330
0.00190850
0.00185860
0.00188090
0.00212920
0.00236950
0.00188810
0.00181720
0.00204420
0.00204540
0.00233850
0.00249360
0.00271090
0.00318530
0.00222870
0.00226040
0.00205580
0.00215040
0.00241620
0.00248330
0.00218530
0.00214270
0.00213540
0.00219210
0.00206400
0.00233110
0.00249940
0.00391220
0.00204300
0.00213140
0.00208600
0.00238030
0.00505800
0.00194560
0.00217480
0.00176390
0.00180240
0.00180020
0.00177780
0.00177520
0.00182600
0.00212710
0.00175640
0.00173200
0.00189070
0.00181700
0.00204760
0.00217690
0.00184130
0.00187800
0.00169720
0.00169610
0.00179190
0.00171180
0.00167220
0.00182220
0.00168910
0.00218630
0.00274370
0.00227630
0.00201030
0.00217640
0.00179760
0.00199160
0.00239790
0.00178630
0.00177080
0.00167600
0.00169580
0.00181650
0.00190390
0.00201730
0.00185920
0.00186280
0.00178890
0.00176640
0.00176080
0.00190850
0.00221750
0.00181810
0.00173720
0.00179360
0.00172970
0.00175100
0.00198170
0.00178990
0.00176800
0.00184530
0.00176180
0.00177900
0.00174920
0.00183920
0.00206970
0.00186690
0.00168310
0.00172620
0.00190940
0.00168890
0.00167620
0.00194950
0.00167950
0.00175740
0.00168170
0.00215760
0.00208430
0.00185940
0.00188260
0.00180770
0.00188930
0.00186320
0.00190300
