0.00326880 0
0.00552740 1
0.00513890 1
0.00414080 1
0.00601740 1
0.00400650 1
0.00358330 1
0.00417370 1
0.00395690 1
0.00483260 1
0.00360430 1
0.00370780 1
0.00413040 1
0.00350020 1
0.00358230 1
0.00387590 1
0.00351540 1
0.00371850 1
0.00437730 1
0.00371320 1
0.00373160 1
0.00361460 1
0.00350500 1
0.00360700 1
0.00342960 1
0.00383000 1
0.00380770 1
0.00361820 1
0.00383900 1
0.00354820 1
0.00330450 1
0.00371750 1
0.00334540 1
0.00326560 1
0.00367790 1
0.00326080 1
0.00324620 1
0.00346260 1
0.00392210 1
0.00330350 1
0.00318830 1
0.00351990 1
0.00319570 1
0.00327690 1
0.00327900 1
0.00349360 1
0.00318320 1
0.00331130 1
0.00354120 1
0.00318280 1
0.00317830 1
0.00379480 1
0.00360290 1
0.00329260 1
0.00345590 1
0.00349690 1
0.00327080 1
0.00358140 1
0.00374440 1
0.00332210 1
0.00347400 1
0.00335160 1
0.00349330 1
0.00326430 1
0.00329080 1
0.00332650 1
0.00326620 1
0.00353950 1
0.00356970 1
0.00356510 1
0.00363490 1
0.00358520 1
0.00363300 1
0.00410890 1
0.00340520 1
0.00420070 1
-
-
-
-
0.00176970 0
0.00237230 1
0.00256480 1
0.00275270 1
0.00244400 1
0.00236700 1
0.00226080 1
0.00274880 1
0.00233840 1
0.00241310 1
0.00204720 1
0.00267140 1
0.00206500 1
0.00218330 1
0.00193460 1
0.00195730 1
0.00206880 1
0.00223210 1
0.00184610 1
0.00197080 1
0.00209490 1
0.00207800 1
0.00189070 1
0.00182850 1
0.00192920 1
0.00199610 1
0.00181740 1
0.00178120 1
0.00181050 1
0.00183370 1
0.00196230 1
0.00176840 1
0.00186290 1
0.00184730 1
0.00177520 1
0.00182620 1
0.00177280 1
0.00193970 1
0.00251980 1
0.00189110 1
0.00209580 1
0.00176830 1
0.00188420 1
0.00231010 1
0.00191190 1
0.00189100 1
0.00185180 1
0.00209490 1
0.00216260 1
0.00228110 1
0.00184500 1
0.00217590 1
0.00213850 1
0.00182680 1
0.00208340 1
0.00217730 1
0.00190320 1
0.00181410 1
0.00194760 1
0.00185860 1
0.00183700 1
0.00198340 1
0.00216760 1
0.00208250 1
0.00182000 1
0.00175790 1
0.00176170 1
0.00176530 1
0.00230630 1
0.00213340 1
0.00186720 1
0.00187340 1
0.00178630 1
0.00209330 1
0.00183200 1
0.00180820 1
0.00180520 1
0.00191950 1
0.00186740 1
0.00177970 1
0.00187070 1
0.00179980 1
0.00180800 1
0.00197130 1
0.00177920 1
0.00177580 1
0.00189340 1
0.00187790 1
0.00195640 1
0.00196720 1
0.00182750 1
0.00195150 1
0.00217750 1
0.00180040 1
0.00183380 1
0.00208050 1
0.00180540 1
0.00217880 1
0.00186250 1
0.00207740 1
0.00190910 1
0.00300430 1
0.00186940 1
0.00181960 1
0.00178690 1
0.00194660 1
0.00181410 1
0.00246220 1
0.00189000 1
0.00216120 1
0.00198110 1
0.00183420 1
0.00179760 1
0.00197470 1
0.00214370 1
0.00214580 1
0.00214330 1
0.00190850 1
0.00185860 1
0.00188090 1
0.00212920 1
0.00236950 1
0.00188810 1
0.00181720 1
0.00204420 1
0.00204540 1
0.00233850 1
0.00249360 1
0.00271090 1
0.00318530 1
0.00222870 1
0.00226040 1
0.00205580 1
0.00215040 1
0.00241620 1
0.00248330 1
0.00218530 1
0.00214270 1
0.00213540 1
0.00219210 1
0.00206400 1
0.00233110 1
0.00249940 1
0.00391220 1
0.00204300 1
0.00213140 1
0.00208600 1
0.00238030 1
0.00505800 1
0.00194560 1
0.00217480 1
0.00176390 1
0.00180240 1
0.00180020 1
0.00177780 1
0.00177520 1
0.00182600 1
0.00212710 1
0.00175640 1
0.00173200 1
0.00189070 1
0.00181700 1
0.00204760 1
0.00217690 1
0.00184130 1
0.00187800 1
0.00169720 1
0.00169610 1
0.00179190 1
0.00171180 1
0.00167220 1
0.00182220 1
0.00168910 1
0.00218630 1
0.00274370 1
0.00227630 1
0.00201030 1
0.00217640 1
0.00179760 1
0.00199160 1
0.00239790 1
0.00178630 1
0.00177080 1
0.00167600 1
0.00169580 1
0.00181650 1
0.00190390 1
0.00201730 1
0.00185920 1
0.00186280 1
0.00178890 1
0.00176640 1
0.00176080 1
0.00190850 1
0.00221750 1
0.00181810 1
0.00173720 1
0.00179360 1
0.00172970 1
0.00175100 1
0.00198170 1
0.00178990 1
0.00176800 1
0.00184530 1
0.00176180 1
0.00177900 1
0.00174920 1
0.00183920 1
0.00206970 1
0.00186690 1
0.00168310 1
0.00172620 1
0.00190940 1
0.00168890 1
0.00167620 1
0.00194950 1
0.00167950 1
0.00175740 1
0.00168170 1
0.00215760 1
0.00208430 1
0.00185940 1
0.00188260 1
0.00180770 1
0.00188930 1
0.00186320 1
0.00190300 1
