0.00092600
0.00133670
0.00106510
0.00160140
0.00096500
0.00099540
0.00135030
0.00126510
0.00093150
0.00096150
0.00094980
0.00095660
0.00235760
0.00183160
0.00152410
0.00098960
0.00093610
0.00092000
0.00092650
0.00091890
0.00208080
0.00133060
0.00106610
0.00098620
0.00093120
0.00147500
0.00103880
0.00096620
0.00099780
0.00104200
0.00092950
0.00096200
0.00123880
0.00101520
0.00095930
0.00096490
0.00096440
0.00100340
0.00105490
0.00096460
0.00100180
0.00103150
0.00108840
0.00096400
0.00095610
0.00096230
0.00095520
0.00122840
0.00100340
0.00109000
0.00098730
0.00102460
0.00098610
0.00098200
0.00110180
0.00117370
0.00103300
0.00099760
0.00099000
0.00108440
0.00099130
0.00118450
0.00099120
0.00099940
0.00099450
0.00099290
0.00095720
0.00093210
0.00103440
0.00113270
0.00110190
0.00172310
0.00096980
0.00095460
0.00098830
0.00106560
0.00092420
0.00091870
0.00092280
0.00091620
0.00091150
0.00108180
0.00116600
0.00100090
0.00102870
0.00099490
0.00098610
0.00099810
0.00124330
0.00142110
0.00107490
0.00097110
0.00099840
0.00106490
0.00095930
0.00101550
0.00117020
0.00111100
0.00099350
0.00100700
0.00095130
0.00099340
0.00105830
0.00092500
0.00099390
0.00099520
0.00109490
0.00099200
0.00100180
0.00099660
0.00098990
0.00098370
0.00096350
0.00099750
0.00106400
0.00096920
0.00095850
0.00095840
0.00096530
0.00106270
0.00096130
0.00107830
0.00096420
0.00096540
0.00096300
0.00132700
0.00108050
0.00100330
0.00109530
0.00099820
0.00098800
0.00098560
0.00117450
0.00106610
0.00099130
0.00108230
0.00103250
0.00099130
0.00099400
0.00100200
0.00102680
0.00101330
0.00094900
0.00094530
0.00105690
0.00091490
0.00109180
0.00097040
0.00133390
0.00137640
0.00164280
0.00110630
0.00104440
0.00103470
0.00116580
0.00129310
0.00107770
0.00101120
0.00118080
0.00108260
0.00103600
0.00102680
0.00103200
0.00113240
0.00102580
0.00108550
0.00103720
0.00109040
0.00100950
0.00100020
0.00099200
0.00112830
0.00103750
0.00101360
0.00100730
0.00100280
0.00102650
0.00100950
0.00119430
0.00109480
0.00107540
0.00113420
0.00100570
0.00112670
0.00101440
0.00103550
0.00106820
0.00109230
0.00114020
0.00108310
0.00110100
0.00126130
0.00111690
0.00109620
0.00102530
0.00100930
0.00103520
0.00100870
0.00102420
0.00100690
0.00108040
0.00109800
0.00112020
0.00102200
0.00113020
0.00101090
0.00098990
0.00000000
0.00000000
0.00000000
0.00000000
0.00084620
0.00099600
0.00103640
0.00101140
0.00130080
0.00099850
0.00098780
0.00098370
0.00099380
0.00099110
0.00098730
0.00114600
0.00099490
0.00098710
0.00116570
0.00109470
0.00104610
0.00117930
0.00106670
0.00102960
0.00106490
0.00102440
0.00101810
0.00101760
0.00113610
0.00100350
0.00149320
0.00106880
0.00108440
0.00103830
0.00101600
0.00108460
0.00125440
0.00106420
0.00102320
0.00102520
0.00105170
0.00138140
0.00123590
0.00105290
0.00103920
0.00102600
0.00115140
0.00125210
0.00102790
0.00152680
0.00202870
0.00117540
0.00214780
0.00131880
0.00114810
0.00113470
0.00115430
0.00120700
0.00120850
0.00111190
0.00104620
0.00106120
0.00116980
0.00115020
0.00111050
0.00130470
0.00154180
0.00115130
0.00111230
0.00111080
0.00113730
0.00119010
0.00105940
0.00100240
0.00101650
0.00099060
0.00110380
0.00108920
0.00106000
0.00106620
0.00101190
0.00113190
0.00110860
0.00137630
0.00109460
0.00136810
0.00115830
0.00102060
0.00108960
0.00116110
0.00104260
0.00101500
0.00115390
0.00167800
0.00135490
0.00122650
0.00156130
0.00197230
0.00187260
0.00126230
0.00146590
0.00115080
0.00152910
0.00121060
0.00389220
0.00106180
0.00105300
0.00233080
0.00120630
0.00110180
0.00121590
0.00254330
0.00119350
0.00112010
0.00107390
0.00112930
0.00115950
0.00107040
0.00214060
0.00248060
0.00155540
0.00131360
0.00118230
0.00127460
0.00130170
0.00129770
0.00106740
0.00151060
0.00111990
0.00132660
0.00107210
0.00101630
0.00113800
0.00112380
0.00106810
0.00113190
0.00173990
0.00118080
0.00123040
0.00147100
0.00146290
0.00129530
0.00115680
0.00120090
0.00139990
0.00219690
0.00158560
0.00360500
0.00144640
0.00236180
0.00126320
0.00127660
0.00418340
0.00203610
0.00137800
0.00175730
0.00237650
0.00618640
0.00133100
0.00118600
0.00598770
0.00124090
0.00199600
0.00108520
0.00121270
0.00111860
0.00103720
0.00346480
0.00245530
0.00631020
0.00136290
0.00188320
0.00183000
0.00140140
0.00144830
0.00144420
0.00119450
0.00106190
0.00197970
0.00330550
0.00143850
0.00107550
0.00112630
0.00219460
0.00192940
0.00244770
0.00113150
0.00110950
0.00114750
0.00100430
0.00134670
0.00132880
0.00114780
0.00102740
0.00096930
0.00099800
0.00104410
0.00126950
0.00122670
0.00139040
0.00123550
0.00108550
0.00167680
0.00125200
0.00126040
0.00106640
0.00104780
0.00110690
0.00201970
0.00100980
0.00096000
0.00095860
0.00095170
0.00095680
0.00113340
0.00100510
0.00106500
0.00113570
0.00094840
0.00095170
0.00095610
0.00107290
0.00106240
0.00104020
0.00100320
0.00102570
0.00104320
0.00105540
0.00111970
0.00095740
0.00105130
0.00093960
0.00093810
0.00093420
0.00096670
0.00098520
0.00094010
0.00095330
0.00101980
0.00101470
0.00103030
0.00118530
0.00103400
0.00108970
0.00111800
0.00113680
0.00107050
0.00115870
0.00106760
0.00094310
0.00101690
0.00095780
0.00093270
0.00111590
0.00101280
0.00098230
0.00117340
0.00146800
0.00111920
0.00116270
0.00097370
0.00117430
0.00105300
0.00094460
0.00094160
0.00094370
0.00111370
0.00093900
0.00129050
0.00099750
0.00099640
0.00100850
0.00098660
0.00099890
0.00098580
0.00116750
0.00100550
0.00098610
0.00098730
0.00105160
0.00098960
0.00123150
0.00111000
0.00108950
0.00103880
0.00102800
0.00101770
0.00103480
0.00105910
0.00103640
0.00101450
0.00101860
0.00099470
0.00100510
0.00098860
0.00098200
0.00100350
0.00099030
0.00101760
0.00099720
0.00100420
0.00098690
0.00099840
0.00100420
0.00100990
0.00105820
0.00102790
0.00101830
0.00099470
0.00093230
0.00093830
0.00099970
0.00098170
0.00106970
0.00103280
0.00099560
0.00098460
0.00100550
0.00100030
0.00099120
0.00000000
0.00000000
0.00000000
0.00000000
0.00108070
0.00139640
0.00149770
0.00145910
0.00147070
0.00139350
0.00141540
0.00139820
0.00139420
0.00151670
0.00151730
0.00138170
0.00131010
0.00132360
0.00133370
0.00153350
0.00139710
0.00140340
0.00183470
0.00307300
0.00182930
0.00175820
0.00142570
0.00134350
0.00158140
0.00183300
0.00135520
0.00134860
0.00134370
0.00139220
0.00143440
0.00142300
0.00000000
0.00000000
0.00000000
0.00000000
0.00152890
0.00205000
0.00210450
0.00205260
0.00239870
0.00209690
0.00209320
0.00211300
0.00203520
0.00212760
0.00189550
0.00190870
0.00222870
0.00198840
0.00222990
0.00195600
0.00190880
0.00202080
0.00194960
0.00216770
0.00205220
0.00194000
0.00193640
0.00204450
0.00218290
0.00187780
0.00211540
0.00191150
0.00190080
0.00211100
