0.00092600 0
0.00133670 1
0.00106510 1
0.00160140 1
0.00096500 1
0.00099540 1
0.00135030 1
0.00126510 1
0.00093150 1
0.00096150 1
0.00094980 1
0.00095660 1
0.00235760 1
0.00183160 1
0.00152410 1
0.00098960 1
0.00093610 1
0.00092000 1
0.00092650 1
0.00091890 1
0.00208080 1
0.00133060 1
0.00106610 1
0.00098620 1
0.00093120 1
0.00147500 1
0.00103880 1
0.00096620 1
0.00099780 1
0.00104200 1
0.00092950 1
0.00096200 1
0.00123880 1
0.00101520 1
0.00095930 1
0.00096490 1
0.00096440 1
0.00100340 1
0.00105490 1
0.00096460 1
0.00100180 1
0.00103150 1
0.00108840 1
0.00096400 1
0.00095610 1
0.00096230 1
0.00095520 1
0.00122840 1
0.00100340 1
0.00109000 1
0.00098730 1
0.00102460 1
0.00098610 1
0.00098200 1
0.00110180 1
0.00117370 1
0.00103300 1
0.00099760 1
0.00099000 1
0.00108440 1
0.00099130 1
0.00118450 1
0.00099120 1
0.00099940 1
0.00099450 1
0.00099290 1
0.00095720 1
0.00093210 1
0.00103440 1
0.00113270 1
0.00110190 1
0.00172310 1
0.00096980 1
0.00095460 1
0.00098830 1
0.00106560 1
0.00092420 1
0.00091870 1
0.00092280 1
0.00091620 1
0.00091150 1
0.00108180 1
0.00116600 1
0.00100090 1
0.00102870 1
0.00099490 1
0.00098610 1
0.00099810 1
0.00124330 1
0.00142110 1
0.00107490 1
0.00097110 1
0.00099840 1
0.00106490 1
0.00095930 1
0.00101550 1
0.00117020 1
0.00111100 1
0.00099350 1
0.00100700 1
0.00095130 1
0.00099340 1
0.00105830 1
0.00092500 1
0.00099390 1
0.00099520 1
0.00109490 1
0.00099200 1
0.00100180 1
0.00099660 1
0.00098990 1
0.00098370 1
0.00096350 1
0.00099750 1
0.00106400 1
0.00096920 1
0.00095850 1
0.00095840 1
0.00096530 1
0.00106270 1
0.00096130 1
0.00107830 1
0.00096420 1
0.00096540 1
0.00096300 1
0.00132700 1
0.00108050 1
0.00100330 1
0.00109530 1
0.00099820 1
0.00098800 1
0.00098560 1
0.00117450 1
0.00106610 1
0.00099130 1
0.00108230 1
0.00103250 1
0.00099130 1
0.00099400 1
0.00100200 1
0.00102680 1
0.00101330 1
0.00094900 1
0.00094530 1
0.00105690 1
0.00091490 1
0.00109180 1
0.00097040 1
0.00133390 1
0.00137640 1
0.00164280 1
0.00110630 1
0.00104440 1
0.00103470 1
0.00116580 1
0.00129310 1
0.00107770 1
0.00101120 1
0.00118080 1
0.00108260 1
0.00103600 1
0.00102680 1
0.00103200 1
0.00113240 1
0.00102580 1
0.00108550 1
0.00103720 1
0.00109040 1
0.00100950 1
0.00100020 1
0.00099200 1
0.00112830 1
0.00103750 1
0.00101360 1
0.00100730 1
0.00100280 1
0.00102650 1
0.00100950 1
0.00119430 1
0.00109480 1
0.00107540 1
0.00113420 1
0.00100570 1
0.00112670 1
0.00101440 1
0.00103550 1
0.00106820 1
0.00109230 1
0.00114020 1
0.00108310 1
0.00110100 1
0.00126130 1
0.00111690 1
0.00109620 1
0.00102530 1
0.00100930 1
0.00103520 1
0.00100870 1
0.00102420 1
0.00100690 1
0.00108040 1
0.00109800 1
0.00112020 1
0.00102200 1
0.00113020 1
0.00101090 1
0.00098990 1
-
-
-
-
0.00084620 0
0.00099600 1
0.00103640 1
0.00101140 1
0.00130080 1
0.00099850 1
0.00098780 1
0.00098370 1
0.00099380 1
0.00099110 1
0.00098730 1
0.00114600 1
0.00099490 1
0.00098710 1
0.00116570 1
0.00109470 1
0.00104610 1
0.00117930 1
0.00106670 1
0.00102960 1
0.00106490 1
0.00102440 1
0.00101810 1
0.00101760 1
0.00113610 1
0.00100350 1
0.00149320 1
0.00106880 1
0.00108440 1
0.00103830 1
0.00101600 1
0.00108460 1
0.00125440 1
0.00106420 1
0.00102320 1
0.00102520 1
0.00105170 1
0.00138140 1
0.00123590 1
0.00105290 1
0.00103920 1
0.00102600 1
0.00115140 1
0.00125210 1
0.00102790 1
0.00152680 1
0.00202870 1
0.00117540 1
0.00214780 1
0.00131880 1
0.00114810 1
0.00113470 1
0.00115430 1
0.00120700 1
0.00120850 1
0.00111190 1
0.00104620 1
0.00106120 1
0.00116980 1
0.00115020 1
0.00111050 1
0.00130470 1
0.00154180 1
0.00115130 1
0.00111230 1
0.00111080 1
0.00113730 1
0.00119010 1
0.00105940 1
0.00100240 1
0.00101650 1
0.00099060 1
0.00110380 1
0.00108920 1
0.00106000 1
0.00106620 1
0.00101190 1
0.00113190 1
0.00110860 1
0.00137630 1
0.00109460 1
0.00136810 1
0.00115830 1
0.00102060 1
0.00108960 1
0.00116110 1
0.00104260 1
0.00101500 1
0.00115390 1
0.00167800 1
0.00135490 1
0.00122650 1
0.00156130 1
0.00197230 1
0.00187260 1
0.00126230 1
0.00146590 1
0.00115080 1
0.00152910 1
0.00121060 1
0.00389220 1
0.00106180 1
0.00105300 1
0.00233080 1
0.00120630 1
0.00110180 1
0.00121590 1
0.00254330 1
0.00119350 1
0.00112010 1
0.00107390 1
0.00112930 1
0.00115950 1
0.00107040 1
0.00214060 1
0.00248060 1
0.00155540 1
0.00131360 1
0.00118230 1
0.00127460 1
0.00130170 1
0.00129770 1
0.00106740 1
0.00151060 1
0.00111990 1
0.00132660 1
0.00107210 1
0.00101630 1
0.00113800 1
0.00112380 1
0.00106810 1
0.00113190 1
0.00173990 1
0.00118080 1
0.00123040 1
0.00147100 1
0.00146290 1
0.00129530 1
0.00115680 1
0.00120090 1
0.00139990 1
0.00219690 1
0.00158560 1
0.00360500 1
0.00144640 1
0.00236180 1
0.00126320 1
0.00127660 1
0.00418340 1
0.00203610 1
0.00137800 1
0.00175730 1
0.00237650 1
0.00618640 1
0.00133100 1
0.00118600 1
0.00598770 1
0.00124090 1
0.00199600 1
0.00108520 1
0.00121270 1
0.00111860 1
0.00103720 1
0.00346480 1
0.00245530 1
0.00631020 1
0.00136290 1
0.00188320 1
0.00183000 1
0.00140140 1
0.00144830 1
0.00144420 1
0.00119450 1
0.00106190 1
0.00197970 1
0.00330550 1
0.00143850 1
0.00107550 1
0.00112630 1
0.00219460 1
0.00192940 1
0.00244770 1
0.00113150 1
0.00110950 1
0.00114750 1
0.00100430 1
0.00134670 1
0.00132880 1
0.00114780 1
0.00102740 1
0.00096930 1
0.00099800 1
0.00104410 1
0.00126950 1
0.00122670 1
0.00139040 1
0.00123550 1
0.00108550 1
0.00167680 1
0.00125200 1
0.00126040 1
0.00106640 1
0.00104780 1
0.00110690 1
0.00201970 1
0.00100980 1
0.00096000 1
0.00095860 1
0.00095170 1
0.00095680 1
0.00113340 1
0.00100510 1
0.00106500 1
0.00113570 1
0.00094840 1
0.00095170 1
0.00095610 1
0.00107290 1
0.00106240 1
0.00104020 1
0.00100320 1
0.00102570 1
0.00104320 1
0.00105540 1
0.00111970 1
0.00095740 1
0.00105130 1
0.00093960 1
0.00093810 1
0.00093420 1
0.00096670 1
0.00098520 1
0.00094010 1
0.00095330 1
0.00101980 1
0.00101470 1
0.00103030 1
0.00118530 1
0.00103400 1
0.00108970 1
0.00111800 1
0.00113680 1
0.00107050 1
0.00115870 1
0.00106760 1
0.00094310 1
0.00101690 1
0.00095780 1
0.00093270 1
0.00111590 1
0.00101280 1
0.00098230 1
0.00117340 1
0.00146800 1
0.00111920 1
0.00116270 1
0.00097370 1
0.00117430 1
0.00105300 1
0.00094460 1
0.00094160 1
0.00094370 1
0.00111370 1
0.00093900 1
0.00129050 1
0.00099750 1
0.00099640 1
0.00100850 1
0.00098660 1
0.00099890 1
0.00098580 1
0.00116750 1
0.00100550 1
0.00098610 1
0.00098730 1
0.00105160 1
0.00098960 1
0.00123150 1
0.00111000 1
0.00108950 1
0.00103880 1
0.00102800 1
0.00101770 1
0.00103480 1
0.00105910 1
0.00103640 1
0.00101450 1
0.00101860 1
0.00099470 1
0.00100510 1
0.00098860 1
0.00098200 1
0.00100350 1
0.00099030 1
0.00101760 1
0.00099720 1
0.00100420 1
0.00098690 1
0.00099840 1
0.00100420 1
0.00100990 1
0.00105820 1
0.00102790 1
0.00101830 1
0.00099470 1
0.00093230 1
0.00093830 1
0.00099970 1
0.00098170 1
0.00106970 1
0.00103280 1
0.00099560 1
0.00098460 1
0.00100550 1
0.00100030 1
0.00099120 1
-
-
-
-
0.00108070 0
0.00139640 1
0.00149770 1
0.00145910 1
0.00147070 1
0.00139350 1
0.00141540 1
0.00139820 1
0.00139420 1
0.00151670 1
0.00151730 1
0.00138170 1
0.00131010 1
0.00132360 1
0.00133370 1
0.00153350 1
0.00139710 1
0.00140340 1
0.00183470 1
0.00307300 1
0.00182930 1
0.00175820 1
0.00142570 1
0.00134350 1
0.00158140 1
0.00183300 1
0.00135520 1
0.00134860 1
0.00134370 1
0.00139220 1
0.00143440 1
0.00142300 1
-
-
-
-
0.00152890 0
0.00205000 1
0.00210450 1
0.00205260 1
0.00239870 1
0.00209690 1
0.00209320 1
0.00211300 1
0.00203520 1
0.00212760 1
0.00189550 1
0.00190870 1
0.00222870 1
0.00198840 1
0.00222990 1
0.00195600 1
0.00190880 1
0.00202080 1
0.00194960 1
0.00216770 1
0.00205220 1
0.00194000 1
0.00193640 1
0.00204450 1
0.00218290 1
0.00187780 1
0.00211540 1
0.00191150 1
0.00190080 1
0.00211100 1
