1
225.00,92.00,44.00,46.00
225.00,92.00,44.00,46.00
226.00,92.00,44.00,46.00
225.00,92.00,44.00,46.00
225.00,92.00,44.00,46.00
223.00,92.00,44.00,46.00
222.00,92.00,44.00,46.00
221.00,92.00,44.00,46.00
219.00,92.00,44.00,46.00
218.00,92.00,44.00,46.00
216.00,93.00,44.00,46.00
214.00,95.00,44.00,46.00
211.00,97.00,44.00,46.00
207.00,95.00,44.00,46.00
204.00,96.00,44.00,46.00
201.00,96.00,44.00,46.00
198.00,95.00,44.00,46.00
194.00,94.00,44.00,46.00
195.00,80.00,44.00,46.00
192.00,101.00,44.00,46.00
193.00,107.00,44.00,46.00
174.00,93.00,44.00,46.00
169.00,94.00,44.00,46.00
171.00,102.00,44.00,46.00
162.00,82.00,44.00,46.00
157.00,105.00,44.00,46.00
145.00,107.00,44.00,46.00
136.00,110.00,44.00,46.00
124.00,113.00,44.00,46.00
110.00,116.00,44.00,46.00
99.00,124.00,44.00,46.00
79.00,115.00,44.00,46.00
69.00,115.00,44.00,46.00
60.00,117.00,44.00,46.00
62.00,130.00,44.00,46.00
55.00,153.00,44.00,46.00
67.00,175.00,44.00,46.00
67.00,175.00,44.00,46.00
66.00,175.00,44.00,46.00
67.00,175.00,44.00,46.00
66.00,176.00,44.00,46.00
66.00,176.00,44.00,46.00
69.00,178.00,44.00,46.00
74.00,178.00,44.00,46.00
61.00,182.00,44.00,46.00
68.00,180.00,44.00,46.00
71.00,175.00,44.00,46.00
71.00,171.00,44.00,46.00
71.00,172.00,44.00,46.00
71.00,173.00,44.00,46.00
2
0
0
0
0
1
159.00,75.00,55.60,63.17
165.00,72.00,55.60,63.17
169.00,69.00,55.60,63.17
172.00,67.00,55.60,63.17
172.00,63.00,55.60,63.17
173.00,73.00,55.60,63.17
174.00,85.00,55.60,63.17
174.00,85.00,55.60,63.17
195.00,53.00,55.60,63.17
196.00,50.00,55.60,63.17
198.00,65.00,55.60,63.17
198.00,65.00,55.60,63.17
200.00,78.00,55.60,63.17
200.00,84.00,55.60,63.17
201.00,85.00,55.60,63.17
201.00,90.00,55.60,63.17
201.00,90.00,55.60,63.17
201.00,90.00,55.60,63.17
201.00,90.00,55.60,63.17
202.00,99.00,55.60,63.17
202.00,102.00,55.60,63.17
203.00,105.00,55.60,63.17
2
0
0
0
0
1
247.00,102.00,36.00,53.00
249.00,109.00,36.00,53.00
254.00,117.00,36.00,53.00
258.00,124.00,36.00,53.00
260.00,131.00,36.00,53.00
259.00,136.00,36.00,53.00
257.00,143.00,36.00,53.00
254.00,144.00,36.00,53.00
254.00,137.00,36.00,53.00
250.00,130.00,36.00,53.00
248.00,123.00,36.00,53.00
239.00,133.00,36.00,53.00
246.00,116.00,36.00,53.00
241.00,110.00,36.00,53.00
229.00,127.00,36.00,53.00
228.00,106.00,36.00,53.00
215.00,114.00,36.00,53.00
213.00,137.00,36.00,53.00
208.00,163.00,36.00,53.00
203.00,164.00,36.00,53.00
2
0
0
0
0
1
114.00,104.00,58.42,74.90
118.00,100.00,58.42,74.90
114.00,90.00,58.42,74.90
160.00,120.00,58.42,74.90
142.00,123.00,58.42,74.90
142.00,118.00,58.42,74.90
142.00,114.00,58.42,74.90
143.00,112.00,58.42,74.90
143.00,109.00,58.42,74.90
143.00,108.00,58.42,74.90
144.00,108.00,58.42,74.90
146.00,108.00,58.42,74.90
147.00,108.00,58.42,74.90
148.00,108.00,58.42,74.90
2
0
0
0
0
1
159.00,61.00,36.00,51.00
161.00,61.00,36.00,51.00
164.00,63.00,36.00,51.00
166.00,62.00,36.00,51.00
169.00,61.00,36.00,51.00
172.00,60.00,36.00,51.00
173.00,59.00,36.00,51.00
174.00,59.00,36.00,51.00
173.00,56.00,36.00,51.00
176.00,61.00,36.00,51.00
178.00,61.00,36.00,51.00
180.00,63.00,36.00,51.00
181.00,64.00,36.00,51.00
181.00,64.00,36.00,51.00
181.00,66.00,36.00,51.00
179.00,69.00,36.00,51.00
179.00,77.00,36.00,51.00
179.00,83.00,36.00,51.00
176.00,90.00,36.00,51.00
172.00,97.00,36.00,51.00
161.00,103.00,36.00,51.00
161.00,117.00,36.00,51.00
128.00,143.00,36.00,51.00
137.00,128.00,36.00,51.00
126.00,131.00,36.00,51.00
127.00,143.00,36.00,51.00
160.00,162.00,36.00,51.00
156.00,162.00,36.00,51.00
2
0
0
0
0
1
64.00,156.00,58.07,55.25
58.00,158.00,58.07,55.25
60.00,160.00,58.07,55.25
72.00,173.00,58.07,55.25
70.00,172.00,58.07,55.25
65.00,171.00,58.07,55.25
63.00,171.00,58.07,55.25
58.00,170.00,58.07,55.25
56.00,170.00,58.07,55.25
54.00,168.00,58.07,55.25
56.00,164.00,58.07,55.25
66.00,160.00,58.07,55.25
71.00,154.00,58.07,55.25
75.00,149.00,58.07,55.25
75.00,142.00,58.07,55.25
99.00,160.00,58.07,55.25
98.00,153.00,58.07,55.25
99.00,152.00,58.07,55.25
70.00,157.00,58.07,55.25
68.00,156.00,58.07,55.25
68.00,156.00,58.07,55.25
68.00,156.00,58.07,55.25
68.00,156.00,58.07,55.25
2
0
0
0
0
1
71.00,61.00,76.28,82.54
72.00,62.00,76.28,82.54
72.00,64.00,76.28,82.54
73.00,67.00,76.28,82.54
71.00,61.00,76.28,82.54
77.00,71.00,76.28,82.54
79.00,74.00,76.28,82.54
84.00,80.00,76.28,82.54
86.00,83.00,76.28,82.54
89.00,87.00,76.28,82.54
91.00,90.00,76.28,82.54
96.00,99.00,76.28,82.54
100.00,99.00,76.28,82.54
103.00,98.00,76.28,82.54
111.00,104.00,76.28,82.54
156.00,140.00,76.28,82.54
164.00,157.00,76.28,82.54
164.00,153.00,76.28,82.54
166.00,152.00,76.28,82.54
167.00,153.00,76.28,82.54
170.00,152.00,76.28,82.54
172.00,149.00,76.28,82.54
166.00,108.00,76.28,82.54
164.00,95.00,76.28,82.54
166.00,92.00,76.28,82.54
172.00,87.00,76.28,82.54
176.00,86.00,76.28,82.54
179.00,87.00,76.28,82.54
196.00,46.00,76.28,82.54
2
0
0
0
0
1
227.00,102.00,43.00,58.00
226.00,108.00,43.00,58.00
228.00,129.00,43.00,58.00
225.00,149.00,43.00,58.00
226.00,149.00,43.00,58.00
227.00,150.00,43.00,58.00
228.00,150.00,43.00,58.00
226.00,122.00,43.00,58.00
226.00,124.00,43.00,58.00
226.00,126.00,43.00,58.00
225.00,129.00,43.00,58.00
228.00,156.00,43.00,58.00
229.00,152.00,43.00,58.00
231.00,154.00,43.00,58.00
231.00,150.00,43.00,58.00
