0.00002990
0.00063540
0.00070100
0.00055070
0.00042750
0.00053620
0.00065680
0.00067640
0.00041520
0.00055430
0.00047830
0.00069060
0.00112070
0.00066000
0.00075070
0.00069350
0.00063060
0.00058580
0.00060070
0.00064490
0.00081780
0.00062080
0.00065300
0.00047040
0.00046770
0.00068720
0.00053030
0.00056210
0.00051280
0.00052600
0.00063140
0.00056830
0.00044800
0.00069310
0.00051700
0.00057020
0.00051820
0.00055890
0.00064880
0.00044800
0.00046360
0.00041510
0.00040520
0.00041000
0.00052460
0.00043750
0.00044620
0.00038830
0.00039520
0.00048160
0.00056220
0.00064850
0.00000000
0.00000000
0.00000000
0.00000000
0.00024100
0.00181400
0.00078840
0.00068990
0.00070920
0.00067920
0.00065060
0.00073300
0.00066820
0.00066560
0.00070590
0.00069930
0.00064980
0.00066770
0.00067010
0.00067520
0.00064710
0.00060870
0.00064430
0.00062150
0.00060930
0.00064920
0.00064620
0.00065660
0.00000000
0.00000000
0.00000000
0.00000000
0.00001520
0.00055220
0.00052450
0.00051750
0.00053220
0.00062770
0.00048540
0.00048340
0.00051880
0.00051510
0.00052060
0.00066810
0.00055880
0.00055050
0.00055160
0.00055150
0.00051910
0.00058260
0.00053110
0.00053560
0.00063340
0.00053620
0.00000000
0.00000000
0.00000000
0.00000000
0.00015150
0.00171990
0.00114330
0.00098640
0.00097050
0.00106510
0.00130600
0.00101570
0.00109700
0.00099720
0.00099660
0.00102710
0.00102500
0.00103060
0.00100130
0.00100660
0.00000000
0.00000000
0.00000000
0.00000000
0.00020040
0.00085140
0.00076340
0.00055020
0.00058590
0.00056800
0.00056610
0.00059090
0.00061430
0.00059450
0.00060320
0.00055740
0.00056960
0.00055930
0.00059480
0.00064010
0.00059590
0.00057920
0.00056590
0.00057990
0.00059520
0.00055690
0.00058260
0.00054540
0.00069980
0.00058950
0.00055320
0.00058010
0.00067700
0.00059300
0.00000000
0.00000000
0.00000000
0.00000000
0.00016520
0.00108910
0.00099110
0.00081050
0.00083200
0.00078430
0.00063500
0.00064220
0.00058020
0.00075930
0.00085400
0.00069230
0.00070570
0.00070740
0.00074190
0.00070620
0.00079980
0.00063760
0.00064770
0.00065010
0.00063080
0.00110090
0.00062700
0.00064390
0.00101680
0.00000000
0.00000000
0.00000000
0.00000000
0.00002990
0.00171110
0.00151170
0.00140200
0.00136180
0.00173150
0.00135330
0.00128740
0.00138930
0.00135280
0.00147730
0.00133230
0.00131640
0.00129410
0.00135710
0.00132100
0.00140180
0.00101260
0.00100010
0.00084830
0.00093950
0.00084130
0.00084350
0.00100950
0.00129400
0.00138190
0.00125960
0.00124490
0.00124830
0.00135140
0.00125630
0.00000000
0.00000000
0.00000000
0.00000000
0.00020540
0.00087670
0.00070800
0.00071980
0.00088610
0.00075080
0.00066130
0.00062800
0.00076030
0.00062630
0.00073260
0.00063810
0.00062860
0.00061150
0.00068600
0.00061850
