0.00085710
0.00085380
0.00174900
0.00113650
0.00081240
0.00124420
0.00079110
0.00130820
0.00081810
0.00068610
0.00072280
0.00136990
0.00071720
0.00075740
0.00069380
0.00082630
0.00121860
0.00067030
0.00065280
0.00064690
0.00075950
0.00073850
0.00067290
0.00065680
0.00065660
0.00065860
0.00065790
0.00131530
0.00071200
0.00112780
0.00071200
0.00079000
0.00066210
0.00065740
0.00067770
0.00065410
0.00065250
0.00065850
0.00065670
0.00065030
0.00064930
0.00079080
0.00066240
0.00066050
0.00065270
0.00065610
0.00065920
0.00105320
0.00083920
0.00072640
0.00068010
0.00065950
0.00080090
0.00119190
0.00070800
0.00065270
0.00065490
0.00084910
0.00067590
0.00066430
0.00066140
0.00065710
0.00066070
0.00070580
0.00113920
0.00072040
0.00066320
0.00065970
0.00074460
0.00065790
0.00078600
0.00065570
0.00067850
0.00069460
0.00066650
0.00122530
0.00071340
0.00070120
0.00066020
0.00065720
0.00064620
0.00065430
0.00094450
0.00091940
0.00071710
0.00066020
0.00130810
0.00083590
0.00119920
0.00072370
0.00066670
0.00071610
0.00066420
0.00069970
0.00070950
0.00065350
0.00083410
0.00073290
0.00073650
0.00065020
0.00065730
0.00073300
0.00066180
0.00066650
0.00065540
0.00073940
0.00078450
0.00073470
0.00078480
0.00069510
0.00069160
0.00072380
0.00072110
0.00205720
0.00074010
0.00075720
0.00068080
0.00068210
0.00066710
0.00069810
0.00067860
0.00136670
0.00071860
0.00134850
0.00078880
0.00070560
0.00084570
0.00093080
0.00078880
0.00082600
0.00068030
0.00067980
0.00092540
0.00073260
0.00073050
0.00155740
0.00076480
0.00083440
0.00073790
0.00072360
0.00072940
0.00100720
0.00092800
0.00070600
0.00066840
0.00083390
0.00077340
0.00074270
0.00072660
0.00073020
0.00073680
0.00071750
0.00074780
0.00071430
0.00073970
0.00075690
0.00138010
0.00082050
0.00119160
0.00076850
0.00073380
0.00093720
0.00111550
0.00185830
0.00079880
0.00094040
0.00084840
0.00101470
0.00089280
0.00074180
0.00076470
0.00087210
0.00076440
0.00093030
0.00123520
0.00097560
0.00092990
0.00118000
0.00101770
0.00084010
0.00078510
0.00071500
0.00075080
0.00062750
0.00071160
0.00085220
0.00066570
0.00062870
0.00062770
0.00070030
0.00067890
0.00062940
0.00065390
0.00069450
0.00072310
0.00080390
0.00075620
0.00072750
0.00074710
0.00074020
0.00090990
0.00079530
0.00072700
0.00069400
0.00072880
0.00094910
0.00075300
0.00094300
0.00213450
0.00173340
0.00080230
0.00080760
0.00075050
0.00144610
0.00105250
0.00079130
0.00077640
0.00087620
0.00098290
0.00079260
0.00087350
0.00083610
0.00075920
0.00115890
0.00084310
0.00094280
0.00081830
0.00084390
0.00133170
0.00112680
0.00112180
0.00087600
0.00078520
0.00072980
0.00076600
0.00089420
0.00079070
0.00089240
0.00081690
0.00083060
0.00082960
0.00097780
0.00092440
0.00140230
0.00147050
0.00087090
0.00081220
0.00084210
0.00087740
0.00081370
0.00084970
0.00137450
