0.00085710 0
0.00085380 1
0.00174900 1
0.00113650 1
0.00081240 1
0.00124420 1
0.00079110 1
0.00130820 1
0.00081810 1
0.00068610 1
0.00072280 1
0.00136990 1
0.00071720 1
0.00075740 1
0.00069380 1
0.00082630 1
0.00121860 1
0.00067030 1
0.00065280 1
0.00064690 1
0.00075950 1
0.00073850 1
0.00067290 1
0.00065680 1
0.00065660 1
0.00065860 1
0.00065790 1
0.00131530 1
0.00071200 1
0.00112780 1
0.00071200 1
0.00079000 1
0.00066210 1
0.00065740 1
0.00067770 1
0.00065410 1
0.00065250 1
0.00065850 1
0.00065670 1
0.00065030 1
0.00064930 1
0.00079080 1
0.00066240 1
0.00066050 1
0.00065270 1
0.00065610 1
0.00065920 1
0.00105320 1
0.00083920 1
0.00072640 1
0.00068010 1
0.00065950 1
0.00080090 1
0.00119190 1
0.00070800 1
0.00065270 1
0.00065490 1
0.00084910 1
0.00067590 1
0.00066430 1
0.00066140 1
0.00065710 1
0.00066070 1
0.00070580 1
0.00113920 1
0.00072040 1
0.00066320 1
0.00065970 1
0.00074460 1
0.00065790 1
0.00078600 1
0.00065570 1
0.00067850 1
0.00069460 1
0.00066650 1
0.00122530 1
0.00071340 1
0.00070120 1
0.00066020 1
0.00065720 1
0.00064620 1
0.00065430 1
0.00094450 1
0.00091940 1
0.00071710 1
0.00066020 1
0.00130810 1
0.00083590 1
0.00119920 1
0.00072370 1
0.00066670 1
0.00071610 1
0.00066420 1
0.00069970 1
0.00070950 1
0.00065350 1
0.00083410 1
0.00073290 1
0.00073650 1
0.00065020 1
0.00065730 1
0.00073300 1
0.00066180 1
0.00066650 1
0.00065540 1
0.00073940 1
0.00078450 1
0.00073470 1
0.00078480 1
0.00069510 1
0.00069160 1
0.00072380 1
0.00072110 1
0.00205720 1
0.00074010 1
0.00075720 1
0.00068080 1
0.00068210 1
0.00066710 1
0.00069810 1
0.00067860 1
0.00136670 1
0.00071860 1
0.00134850 1
0.00078880 1
0.00070560 1
0.00084570 1
0.00093080 1
0.00078880 1
0.00082600 1
0.00068030 1
0.00067980 1
0.00092540 1
0.00073260 1
0.00073050 1
0.00155740 1
0.00076480 1
0.00083440 1
0.00073790 1
0.00072360 1
0.00072940 1
0.00100720 1
0.00092800 1
0.00070600 1
0.00066840 1
0.00083390 1
0.00077340 1
0.00074270 1
0.00072660 1
0.00073020 1
0.00073680 1
0.00071750 1
0.00074780 1
0.00071430 1
0.00073970 1
0.00075690 1
0.00138010 1
0.00082050 1
0.00119160 1
0.00076850 1
0.00073380 1
0.00093720 1
0.00111550 1
0.00185830 1
0.00079880 1
0.00094040 1
0.00084840 1
0.00101470 1
0.00089280 1
0.00074180 1
0.00076470 1
0.00087210 1
0.00076440 1
0.00093030 1
0.00123520 1
0.00097560 1
0.00092990 1
0.00118000 1
0.00101770 1
0.00084010 1
0.00078510 1
0.00071500 1
0.00075080 1
0.00062750 1
0.00071160 1
0.00085220 1
0.00066570 1
0.00062870 1
0.00062770 1
0.00070030 1
0.00067890 1
0.00062940 1
0.00065390 1
0.00069450 1
0.00072310 1
0.00080390 1
0.00075620 1
0.00072750 1
0.00074710 1
0.00074020 1
0.00090990 1
0.00079530 1
0.00072700 1
0.00069400 1
0.00072880 1
0.00094910 1
0.00075300 1
0.00094300 1
0.00213450 1
0.00173340 1
0.00080230 1
0.00080760 1
0.00075050 1
0.00144610 1
0.00105250 1
0.00079130 1
0.00077640 1
0.00087620 1
0.00098290 1
0.00079260 1
0.00087350 1
0.00083610 1
0.00075920 1
0.00115890 1
0.00084310 1
0.00094280 1
0.00081830 1
0.00084390 1
0.00133170 1
0.00112680 1
0.00112180 1
0.00087600 1
0.00078520 1
0.00072980 1
0.00076600 1
0.00089420 1
0.00079070 1
0.00089240 1
0.00081690 1
0.00083060 1
0.00082960 1
0.00097780 1
0.00092440 1
0.00140230 1
0.00147050 1
0.00087090 1
0.00081220 1
0.00084210 1
0.00087740 1
0.00081370 1
0.00084970 1
0.00137450 1
