0.00942830
0.00593900
0.00347660
0.00579920
0.00384270
0.00360760
0.00373120
0.00369030
0.00397830
0.00364680
0.00362510
0.00378160
0.00349410
0.00289040
0.00363040
0.00344380
0.00331930
0.00353930
0.00356680
0.00286810
0.00371560
0.00341430
0.00342770
0.00439580
0.00441980
0.00344480
0.00359840
0.00340150
0.00350970
0.00350160
0.00335470
0.00360490
0.00340850
0.00380330
0.00346000
0.00355840
0.00327030
0.00371670
0.00343900
0.00334810
0.00361660
0.00360480
0.00366500
0.00338470
0.00398500
0.00362750
0.00385690
0.00378530
0.00364800
0.00358090
0.00378380
0.00398430
0.00381600
0.00374890
0.00367880
0.00373930
0.00403770
0.00360120
0.00360190
0.00383360
0.00384220
0.00362290
0.00373210
0.00390680
0.00355710
0.00346980
0.00361160
0.00363820
0.00375340
0.00366440
0.00377420
0.00351490
0.00364440
0.00354390
0.00402270
0.00376600
0.00343180
0.00406860
0.00388690
0.00350060
0.00366850
0.00000000
0.00000000
0.00000000
0.00000000
0.00312060
0.00520210
0.00515520
0.00558560
0.00529270
0.00497550
0.00390960
0.00529900
0.00452840
0.00522620
0.00436510
0.00494190
0.00569860
0.00404480
0.00497950
0.00540960
0.00536950
0.00526740
0.00468900
0.00491580
0.00543400
0.00538560
0.00556740
0.00566030
0.00467650
0.00477370
0.00552030
0.00572990
0.01888320
0.00715790
0.00473850
0.00422060
0.00455250
0.00430390
0.00424080
0.00427820
0.00402960
0.00421620
0.00446330
0.00442970
0.00412240
0.00446320
0.00377860
0.00474560
0.00419310
0.00423890
0.00422870
0.00386610
0.00365130
0.00472640
0.00399040
0.00398710
0.00424710
0.00398220
0.00382700
0.00458300
0.00401220
0.00405280
0.00454930
0.00388930
0.00481140
0.00433090
0.00467400
0.00460570
0.00467530
0.00420990
0.00471100
0.00439150
0.00443090
0.00466240
0.00429290
0.00418810
0.00482880
0.00492340
0.00378100
0.00454440
0.00371710
0.00450360
0.00398390
0.00444500
0.00397380
0.00425160
0.00405460
0.00435930
0.00397430
0.00459010
0.00433460
0.00473900
0.00378820
0.00428910
0.00399200
0.00400210
0.00387910
0.00386560
0.00392460
0.00385250
0.00331410
0.00375200
0.00341860
0.00480450
0.00340600
0.00471040
0.00424130
0.00479020
0.00474840
0.00423520
0.00489420
0.00403570
0.00447700
0.00413240
0.00422110
0.00411620
0.00411940
0.00434880
0.00431990
0.00396930
0.00422190
0.00378160
0.00494630
0.00367500
0.00505270
0.00377190
0.00459100
0.00406570
0.00409190
0.00309990
0.00367820
0.00387840
0.00443350
0.00394000
0.00399040
0.00316330
0.00433030
0.00377070
0.00346560
0.00467240
0.00416630
0.00402190
0.00309140
0.00318570
0.00330880
0.00410220
0.00362040
0.00406970
0.00323590
0.00360930
0.00366230
0.00406260
0.00345000
0.00403530
0.00362000
0.00428610
0.00357980
0.00315110
0.00305690
0.00444280
0.00372890
0.00363870
0.00440680
0.00353180
0.00355970
0.00311960
0.00313440
0.00332070
0.00427010
0.00310660
0.00431910
0.00321510
0.00379520
0.00352360
0.00406710
0.00387670
0.00371730
0.00344680
0.00417410
0.00340930
0.00307630
0.00443830
0.00349130
0.00367500
0.00336690
0.00324480
0.00306360
0.00342770
0.00368510
0.00406410
0.00336300
0.00334900
0.00418320
0.00323090
0.00351040
0.00306530
0.00308760
0.00308650
0.00431490
0.00378490
0.00400920
0.00312350
0.00328110
0.00413770
0.00338370
0.00390250
0.00318300
0.00305110
0.00306260
0.00382480
0.00344550
0.00392020
0.00328270
0.00312290
0.00304690
0.00366390
0.00354470
0.00332110
0.00346320
0.00312200
0.00367210
0.00354400
0.00434130
0.00335620
0.00357300
0.00324590
0.00344870
0.00403220
0.00318020
0.00330650
0.00303500
0.00363640
0.00338470
0.00383040
0.00361680
0.00380410
0.00317900
0.00334730
0.00375310
0.00344580
0.00370920
0.00332650
0.00318480
0.00349330
0.00400640
0.00345900
0.00365310
0.00321750
0.00354280
0.00384690
0.00333130
0.00381020
0.00322150
0.00317570
0.00312040
0.00419270
0.00331660
0.00301030
0.00318810
0.00334010
0.00383850
0.00335500
0.00369370
0.00313750
0.00311640
0.00328260
0.00382030
0.00339880
0.00309950
0.00302860
0.00354850
0.00374850
0.00319530
0.00300550
0.00408250
0.00306080
0.00307040
0.00315670
0.00311990
0.00322440
0.00341100
0.00342010
0.00378040
0.00321230
0.00311890
0.00406220
0.00383840
0.00330230
0.00322810
0.00334030
0.00376560
0.00314000
0.00357600
0.00382960
0.00308980
0.00313090
0.00402000
0.00311510
0.00307370
0.00317600
0.00335110
0.00372190
0.00315950
0.00314100
0.00324620
0.00317600
0.00315930
0.00390420
0.00321000
0.00344850
0.00410230
0.00340910
0.00358070
0.00319970
0.00312130
0.00316150
0.00357320
0.00371300
0.00380870
0.00321350
0.00346330
0.00449250
0.00348860
0.00425880
0.00384850
0.00485840
0.00371410
0.00434400
0.00389100
0.00488360
0.00438070
0.00401740
0.00508540
0.00419370
0.00410560
0.00330900
0.00328380
0.00336520
0.00429970
0.00431310
0.00452660
0.00421070
0.00365620
0.00487610
0.00835600
0.00751990
0.00417240
0.00771980
0.00455470
0.00457830
0.00421310
0.00462760
0.00589950
0.00642330
0.00391240
0.00463380
0.00457190
0.00382900
0.00450640
0.00739690
0.00997090
0.00710920
0.00691230
0.00417330
0.00414730
0.00384820
0.00670370
0.00455680
0.00541550
0.00642860
0.00725010
0.00358240
0.00376350
0.00443600
0.00390750
0.00564240
0.00388140
0.00415860
0.00484710
0.00413770
0.00373320
0.00366240
0.00349040
0.00367540
0.00442920
0.00338540
0.00366450
0.00000000
0.00000000
0.00000000
0.00000000
0.00138730
0.00197920
0.00116980
0.00113570
0.00112660
0.00122230
0.00187340
0.00209100
0.00200570
0.00125210
0.00137390
0.00127910
0.00000000
0.00000000
0.00000000
0.00000000
0.00169700
0.00215860
0.00248970
0.00215330
0.00219550
0.00335310
0.00221580
0.00203800
0.00202390
0.00201220
0.00206440
0.00214050
0.00217640
0.00232940
0.00208120
0.00297950
0.00227670
0.00212470
0.00222360
0.00219210
0.00228800
0.00204880
0.00231660
0.00220060
0.00221060
0.00209620
0.00221500
0.00230410
0.00232410
0.00259600
0.00302660
0.00228380
0.00296110
0.00295620
0.00206260
0.00226630
0.00226570
0.00294270
0.00230940
0.00200920
0.00216820
0.00205060
0.00217460
0.00221850
0.00204860
0.00220100
0.00212980
0.00196500
0.00193990
0.00269300
0.00215470
0.00196120
0.00206700
0.00198620
0.00261830
0.00247100
0.00207990
0.00300400
0.00218840
0.00348380
0.00220070
0.00201800
0.00247560
0.00206850
0.00205020
0.00202960
0.00269970
0.00256600
0.00203420
0.00209510
0.00202640
0.00267460
0.00221150
0.00239910
0.00250770
0.00263910
0.00210060
0.00203030
0.00227380
0.00201740
0.00201080
0.00194840
0.00203540
0.00201830
0.00202610
0.00205460
0.00197780
0.00201210
0.00270540
0.00241130
0.00207350
0.00204540
0.00200510
0.00212700
0.00204110
0.00203520
0.00287520
0.00202890
0.00000000
0.00000000
0.00000000
0.00000000
0.00085560
0.00104930
0.00120450
0.00188410
0.00217170
0.00182320
0.00198440
0.00150630
0.00104750
0.00105590
0.00110050
0.00106120
0.00109280
0.00107480
0.00105430
0.00108480
0.00103450
0.00104450
0.00103750
0.00101190
0.00111450
0.00166040
0.00112600
0.00181190
0.00115340
0.00102570
0.00104150
0.00101170
0.00103900
0.00105680
0.00101500
0.00113050
0.00104200
0.00103250
0.00169480
0.00148630
0.00108210
0.00107870
0.00102500
0.00104550
0.00102540
0.00101490
0.00117000
0.00102720
0.00103940
0.00171120
0.00108370
0.00101780
0.00113350
0.00135340
0.00138030
0.00144880
0.00106120
0.00118200
0.00103430
0.00111820
0.00204240
0.00163530
0.00118330
0.00102630
0.00105700
0.00101740
0.00102880
0.00110510
0.00188180
0.00148640
0.00095090
0.00097000
0.00096960
0.00106080
0.00102550
0.00105210
0.00116490
0.00111030
0.00102480
0.00196430
0.00105150
0.00103460
0.00105640
0.00102610
0.00109600
0.00104620
0.00106750
0.00101700
0.00104380
0.00102690
0.00175440
0.00146540
0.00103290
0.00103690
0.00101710
0.00103690
0.00102880
0.00106560
0.00101890
0.00101240
0.00109830
0.00171390
0.00104610
0.00103580
0.00225670
0.00147270
0.00104470
0.00100530
0.00103840
0.00098830
0.00105060
0.00113380
0.00183230
0.00158000
0.00103160
0.00213900
0.00112360
0.00101180
0.00112480
0.00103930
0.00105790
0.00102880
0.00105310
0.00189190
0.00105530
0.00101570
0.00202730
0.00177290
0.00105750
0.00103160
0.00104070
0.00100470
0.00151900
0.00153640
0.00175330
0.00184500
0.00106350
0.00103200
0.00103030
