0.00942830 0
0.00593900 1
0.00347660 1
0.00579920 1
0.00384270 1
0.00360760 1
0.00373120 1
0.00369030 1
0.00397830 1
0.00364680 1
0.00362510 1
0.00378160 1
0.00349410 1
0.00289040 1
0.00363040 1
0.00344380 1
0.00331930 1
0.00353930 1
0.00356680 1
0.00286810 1
0.00371560 1
0.00341430 1
0.00342770 1
0.00439580 1
0.00441980 1
0.00344480 1
0.00359840 1
0.00340150 1
0.00350970 1
0.00350160 1
0.00335470 1
0.00360490 1
0.00340850 1
0.00380330 1
0.00346000 1
0.00355840 1
0.00327030 1
0.00371670 1
0.00343900 1
0.00334810 1
0.00361660 1
0.00360480 1
0.00366500 1
0.00338470 1
0.00398500 1
0.00362750 1
0.00385690 1
0.00378530 1
0.00364800 1
0.00358090 1
0.00378380 1
0.00398430 1
0.00381600 1
0.00374890 1
0.00367880 1
0.00373930 1
0.00403770 1
0.00360120 1
0.00360190 1
0.00383360 1
0.00384220 1
0.00362290 1
0.00373210 1
0.00390680 1
0.00355710 1
0.00346980 1
0.00361160 1
0.00363820 1
0.00375340 1
0.00366440 1
0.00377420 1
0.00351490 1
0.00364440 1
0.00354390 1
0.00402270 1
0.00376600 1
0.00343180 1
0.00406860 1
0.00388690 1
0.00350060 1
0.00366850 1
-
-
-
-
0.00312060 0
0.00520210 1
0.00515520 1
0.00558560 1
0.00529270 1
0.00497550 1
0.00390960 1
0.00529900 1
0.00452840 1
0.00522620 1
0.00436510 1
0.00494190 1
0.00569860 1
0.00404480 1
0.00497950 1
0.00540960 1
0.00536950 1
0.00526740 1
0.00468900 1
0.00491580 1
0.00543400 1
0.00538560 1
0.00556740 1
0.00566030 1
0.00467650 1
0.00477370 1
0.00552030 1
0.00572990 1
0.01888320 1
0.00715790 1
0.00473850 1
0.00422060 1
0.00455250 1
0.00430390 1
0.00424080 1
0.00427820 1
0.00402960 1
0.00421620 1
0.00446330 1
0.00442970 1
0.00412240 1
0.00446320 1
0.00377860 1
0.00474560 1
0.00419310 1
0.00423890 1
0.00422870 1
0.00386610 1
0.00365130 1
0.00472640 1
0.00399040 1
0.00398710 1
0.00424710 1
0.00398220 1
0.00382700 1
0.00458300 1
0.00401220 1
0.00405280 1
0.00454930 1
0.00388930 1
0.00481140 1
0.00433090 1
0.00467400 1
0.00460570 1
0.00467530 1
0.00420990 1
0.00471100 1
0.00439150 1
0.00443090 1
0.00466240 1
0.00429290 1
0.00418810 1
0.00482880 1
0.00492340 1
0.00378100 1
0.00454440 1
0.00371710 1
0.00450360 1
0.00398390 1
0.00444500 1
0.00397380 1
0.00425160 1
0.00405460 1
0.00435930 1
0.00397430 1
0.00459010 1
0.00433460 1
0.00473900 1
0.00378820 1
0.00428910 1
0.00399200 1
0.00400210 1
0.00387910 1
0.00386560 1
0.00392460 1
0.00385250 1
0.00331410 1
0.00375200 1
0.00341860 1
0.00480450 1
0.00340600 1
0.00471040 1
0.00424130 1
0.00479020 1
0.00474840 1
0.00423520 1
0.00489420 1
0.00403570 1
0.00447700 1
0.00413240 1
0.00422110 1
0.00411620 1
0.00411940 1
0.00434880 1
0.00431990 1
0.00396930 1
0.00422190 1
0.00378160 1
0.00494630 1
0.00367500 1
0.00505270 1
0.00377190 1
0.00459100 1
0.00406570 1
0.00409190 1
0.00309990 1
0.00367820 1
0.00387840 1
0.00443350 1
0.00394000 1
0.00399040 1
0.00316330 1
0.00433030 1
0.00377070 1
0.00346560 1
0.00467240 1
0.00416630 1
0.00402190 1
0.00309140 1
0.00318570 1
0.00330880 1
0.00410220 1
0.00362040 1
0.00406970 1
0.00323590 1
0.00360930 1
0.00366230 1
0.00406260 1
0.00345000 1
0.00403530 1
0.00362000 1
0.00428610 1
0.00357980 1
0.00315110 1
0.00305690 1
0.00444280 1
0.00372890 1
0.00363870 1
0.00440680 1
0.00353180 1
0.00355970 1
0.00311960 1
0.00313440 1
0.00332070 1
0.00427010 1
0.00310660 1
0.00431910 1
0.00321510 1
0.00379520 1
0.00352360 1
0.00406710 1
0.00387670 1
0.00371730 1
0.00344680 1
0.00417410 1
0.00340930 1
0.00307630 1
0.00443830 1
0.00349130 1
0.00367500 1
0.00336690 1
0.00324480 1
0.00306360 1
0.00342770 1
0.00368510 1
0.00406410 1
0.00336300 1
0.00334900 1
0.00418320 1
0.00323090 1
0.00351040 1
0.00306530 1
0.00308760 1
0.00308650 1
0.00431490 1
0.00378490 1
0.00400920 1
0.00312350 1
0.00328110 1
0.00413770 1
0.00338370 1
0.00390250 1
0.00318300 1
0.00305110 1
0.00306260 1
0.00382480 1
0.00344550 1
0.00392020 1
0.00328270 1
0.00312290 1
0.00304690 1
0.00366390 1
0.00354470 1
0.00332110 1
0.00346320 1
0.00312200 1
0.00367210 1
0.00354400 1
0.00434130 1
0.00335620 1
0.00357300 1
0.00324590 1
0.00344870 1
0.00403220 1
0.00318020 1
0.00330650 1
0.00303500 1
0.00363640 1
0.00338470 1
0.00383040 1
0.00361680 1
0.00380410 1
0.00317900 1
0.00334730 1
0.00375310 1
0.00344580 1
0.00370920 1
0.00332650 1
0.00318480 1
0.00349330 1
0.00400640 1
0.00345900 1
0.00365310 1
0.00321750 1
0.00354280 1
0.00384690 1
0.00333130 1
0.00381020 1
0.00322150 1
0.00317570 1
0.00312040 1
0.00419270 1
0.00331660 1
0.00301030 1
0.00318810 1
0.00334010 1
0.00383850 1
0.00335500 1
0.00369370 1
0.00313750 1
0.00311640 1
0.00328260 1
0.00382030 1
0.00339880 1
0.00309950 1
0.00302860 1
0.00354850 1
0.00374850 1
0.00319530 1
0.00300550 1
0.00408250 1
0.00306080 1
0.00307040 1
0.00315670 1
0.00311990 1
0.00322440 1
0.00341100 1
0.00342010 1
0.00378040 1
0.00321230 1
0.00311890 1
0.00406220 1
0.00383840 1
0.00330230 1
0.00322810 1
0.00334030 1
0.00376560 1
0.00314000 1
0.00357600 1
0.00382960 1
0.00308980 1
0.00313090 1
0.00402000 1
0.00311510 1
0.00307370 1
0.00317600 1
0.00335110 1
0.00372190 1
0.00315950 1
0.00314100 1
0.00324620 1
0.00317600 1
0.00315930 1
0.00390420 1
0.00321000 1
0.00344850 1
0.00410230 1
0.00340910 1
0.00358070 1
0.00319970 1
0.00312130 1
0.00316150 1
0.00357320 1
0.00371300 1
0.00380870 1
0.00321350 1
0.00346330 1
0.00449250 1
0.00348860 1
0.00425880 1
0.00384850 1
0.00485840 1
0.00371410 1
0.00434400 1
0.00389100 1
0.00488360 1
0.00438070 1
0.00401740 1
0.00508540 1
0.00419370 1
0.00410560 1
0.00330900 1
0.00328380 1
0.00336520 1
0.00429970 1
0.00431310 1
0.00452660 1
0.00421070 1
0.00365620 1
0.00487610 1
0.00835600 1
0.00751990 1
0.00417240 1
0.00771980 1
0.00455470 1
0.00457830 1
0.00421310 1
0.00462760 1
0.00589950 1
0.00642330 1
0.00391240 1
0.00463380 1
0.00457190 1
0.00382900 1
0.00450640 1
0.00739690 1
0.00997090 1
0.00710920 1
0.00691230 1
0.00417330 1
0.00414730 1
0.00384820 1
0.00670370 1
0.00455680 1
0.00541550 1
0.00642860 1
0.00725010 1
0.00358240 1
0.00376350 1
0.00443600 1
0.00390750 1
0.00564240 1
0.00388140 1
0.00415860 1
0.00484710 1
0.00413770 1
0.00373320 1
0.00366240 1
0.00349040 1
0.00367540 1
0.00442920 1
0.00338540 1
0.00366450 1
-
-
-
-
0.00138730 0
0.00197920 1
0.00116980 1
0.00113570 1
0.00112660 1
0.00122230 1
0.00187340 1
0.00209100 1
0.00200570 1
0.00125210 1
0.00137390 1
0.00127910 1
-
-
-
-
0.00169700 0
0.00215860 1
0.00248970 1
0.00215330 1
0.00219550 1
0.00335310 1
0.00221580 1
0.00203800 1
0.00202390 1
0.00201220 1
0.00206440 1
0.00214050 1
0.00217640 1
0.00232940 1
0.00208120 1
0.00297950 1
0.00227670 1
0.00212470 1
0.00222360 1
0.00219210 1
0.00228800 1
0.00204880 1
0.00231660 1
0.00220060 1
0.00221060 1
0.00209620 1
0.00221500 1
0.00230410 1
0.00232410 1
0.00259600 1
0.00302660 1
0.00228380 1
0.00296110 1
0.00295620 1
0.00206260 1
0.00226630 1
0.00226570 1
0.00294270 1
0.00230940 1
0.00200920 1
0.00216820 1
0.00205060 1
0.00217460 1
0.00221850 1
0.00204860 1
0.00220100 1
0.00212980 1
0.00196500 1
0.00193990 1
0.00269300 1
0.00215470 1
0.00196120 1
0.00206700 1
0.00198620 1
0.00261830 1
0.00247100 1
0.00207990 1
0.00300400 1
0.00218840 1
0.00348380 1
0.00220070 1
0.00201800 1
0.00247560 1
0.00206850 1
0.00205020 1
0.00202960 1
0.00269970 1
0.00256600 1
0.00203420 1
0.00209510 1
0.00202640 1
0.00267460 1
0.00221150 1
0.00239910 1
0.00250770 1
0.00263910 1
0.00210060 1
0.00203030 1
0.00227380 1
0.00201740 1
0.00201080 1
0.00194840 1
0.00203540 1
0.00201830 1
0.00202610 1
0.00205460 1
0.00197780 1
0.00201210 1
0.00270540 1
0.00241130 1
0.00207350 1
0.00204540 1
0.00200510 1
0.00212700 1
0.00204110 1
0.00203520 1
0.00287520 1
0.00202890 1
-
-
-
-
0.00085560 0
0.00104930 1
0.00120450 1
0.00188410 1
0.00217170 1
0.00182320 1
0.00198440 1
0.00150630 1
0.00104750 1
0.00105590 1
0.00110050 1
0.00106120 1
0.00109280 1
0.00107480 1
0.00105430 1
0.00108480 1
0.00103450 1
0.00104450 1
0.00103750 1
0.00101190 1
0.00111450 1
0.00166040 1
0.00112600 1
0.00181190 1
0.00115340 1
0.00102570 1
0.00104150 1
0.00101170 1
0.00103900 1
0.00105680 1
0.00101500 1
0.00113050 1
0.00104200 1
0.00103250 1
0.00169480 1
0.00148630 1
0.00108210 1
0.00107870 1
0.00102500 1
0.00104550 1
0.00102540 1
0.00101490 1
0.00117000 1
0.00102720 1
0.00103940 1
0.00171120 1
0.00108370 1
0.00101780 1
0.00113350 1
0.00135340 1
0.00138030 1
0.00144880 1
0.00106120 1
0.00118200 1
0.00103430 1
0.00111820 1
0.00204240 1
0.00163530 1
0.00118330 1
0.00102630 1
0.00105700 1
0.00101740 1
0.00102880 1
0.00110510 1
0.00188180 1
0.00148640 1
0.00095090 1
0.00097000 1
0.00096960 1
0.00106080 1
0.00102550 1
0.00105210 1
0.00116490 1
0.00111030 1
0.00102480 1
0.00196430 1
0.00105150 1
0.00103460 1
0.00105640 1
0.00102610 1
0.00109600 1
0.00104620 1
0.00106750 1
0.00101700 1
0.00104380 1
0.00102690 1
0.00175440 1
0.00146540 1
0.00103290 1
0.00103690 1
0.00101710 1
0.00103690 1
0.00102880 1
0.00106560 1
0.00101890 1
0.00101240 1
0.00109830 1
0.00171390 1
0.00104610 1
0.00103580 1
0.00225670 1
0.00147270 1
0.00104470 1
0.00100530 1
0.00103840 1
0.00098830 1
0.00105060 1
0.00113380 1
0.00183230 1
0.00158000 1
0.00103160 1
0.00213900 1
0.00112360 1
0.00101180 1
0.00112480 1
0.00103930 1
0.00105790 1
0.00102880 1
0.00105310 1
0.00189190 1
0.00105530 1
0.00101570 1
0.00202730 1
0.00177290 1
0.00105750 1
0.00103160 1
0.00104070 1
0.00100470 1
0.00151900 1
0.00153640 1
0.00175330 1
0.00184500 1
0.00106350 1
0.00103200 1
0.00103030 1
