1
186.62,210.61,43.76,113.78
185.62,211.61,43.76,113.78
183.62,212.61,43.76,113.78
182.62,214.61,43.76,113.78
183.62,232.61,43.76,113.78
182.62,235.61,43.76,113.78
180.62,237.61,43.76,113.78
180.62,236.61,43.76,113.78
180.62,236.61,43.76,113.78
181.62,237.61,43.76,113.78
181.62,237.61,43.76,113.78
182.62,237.61,43.76,113.78
183.62,238.61,43.76,113.78
182.62,238.61,43.76,113.78
183.62,239.61,43.76,113.78
176.62,237.61,43.76,113.78
182.62,236.61,43.76,113.78
188.62,235.61,43.76,113.78
194.62,235.61,43.76,113.78
202.62,237.61,43.76,113.78
208.62,239.61,43.76,113.78
215.62,242.61,43.76,113.78
222.62,244.61,43.76,113.78
228.62,243.61,43.76,113.78
234.62,243.61,43.76,113.78
241.62,242.61,43.76,113.78
236.62,246.61,43.76,113.78
236.62,247.61,43.76,113.78
236.62,247.61,43.76,113.78
236.62,247.61,43.76,113.78
237.62,247.61,43.76,113.78
238.62,248.61,43.76,113.78
243.62,248.61,43.76,113.78
241.62,247.61,43.76,113.78
242.62,247.61,43.76,113.78
242.62,246.61,43.76,113.78
241.62,246.61,43.76,113.78
241.62,245.61,43.76,113.78
240.62,244.61,43.76,113.78
240.62,243.61,43.76,113.78
240.62,242.61,43.76,113.78
239.62,241.61,43.76,113.78
239.62,241.61,43.76,113.78
239.62,240.61,43.76,113.78
238.62,239.61,43.76,113.78
238.62,238.61,43.76,113.78
238.62,237.61,43.76,113.78
237.62,236.61,43.76,113.78
237.62,235.61,43.76,113.78
237.62,234.61,43.76,113.78
237.62,233.61,43.76,113.78
237.62,233.61,43.76,113.78
237.62,232.61,43.76,113.78
237.62,231.61,43.76,113.78
237.62,230.61,43.76,113.78
237.62,229.61,43.76,113.78
237.62,229.61,43.76,113.78
237.62,228.61,43.76,113.78
237.62,227.61,43.76,113.78
238.62,226.61,43.76,113.78
238.62,226.61,43.76,113.78
238.62,225.61,43.76,113.78
239.62,226.61,43.76,113.78
239.62,223.61,43.76,113.78
239.62,223.61,43.76,113.78
231.62,223.61,43.76,113.78
226.62,223.61,43.76,113.78
222.62,224.61,43.76,113.78
221.62,224.61,43.76,113.78
220.62,224.61,43.76,113.78
219.62,224.61,43.76,113.78
220.62,247.61,43.76,113.78
221.62,248.61,43.76,113.78
221.62,248.61,43.76,113.78
221.62,248.61,43.76,113.78
221.62,248.61,43.76,113.78
217.62,249.61,43.76,113.78
217.62,248.61,43.76,113.78
219.62,247.61,43.76,113.78
2
0
0
0
0
1
120.08,219.44,70.42,117.56
119.08,220.44,70.42,117.56
114.08,221.44,70.42,117.56
112.08,222.44,70.42,117.56
109.08,221.44,70.42,117.56
106.08,220.44,70.42,117.56
98.08,220.44,70.42,117.56
105.08,213.44,70.42,117.56
104.08,210.44,70.42,117.56
102.08,208.44,70.42,117.56
102.08,207.44,70.42,117.56
102.08,207.44,70.42,117.56
103.08,208.44,70.42,117.56
104.08,209.44,70.42,117.56
106.08,208.44,70.42,117.56
107.08,206.44,70.42,117.56
108.08,204.44,70.42,117.56
109.08,201.44,70.42,117.56
110.08,198.44,70.42,117.56
112.08,196.44,70.42,117.56
114.08,195.44,70.42,117.56
116.08,196.44,70.42,117.56
119.08,196.44,70.42,117.56
123.08,197.44,70.42,117.56
127.08,197.44,70.42,117.56
131.08,195.44,70.42,117.56
135.08,193.44,70.42,117.56
138.08,190.44,70.42,117.56
141.08,186.44,70.42,117.56
145.08,184.44,70.42,117.56
149.08,182.44,70.42,117.56
152.08,182.44,70.42,117.56
156.08,182.44,70.42,117.56
159.08,183.44,70.42,117.56
163.08,184.44,70.42,117.56
167.08,183.44,70.42,117.56
170.08,182.44,70.42,117.56
173.08,179.44,70.42,117.56
175.08,177.44,70.42,117.56
177.08,174.44,70.42,117.56
179.08,173.44,70.42,117.56
182.08,172.44,70.42,117.56
185.08,173.44,70.42,117.56
187.08,174.44,70.42,117.56
190.08,176.44,70.42,117.56
193.08,175.44,70.42,117.56
195.08,173.44,70.42,117.56
197.08,171.44,70.42,117.56
199.08,168.44,70.42,117.56
200.08,165.44,70.42,117.56
201.08,163.44,70.42,117.56
202.08,162.44,70.42,117.56
203.08,162.44,70.42,117.56
204.08,163.44,70.42,117.56
205.08,164.44,70.42,117.56
206.08,164.44,70.42,117.56
207.08,164.44,70.42,117.56
208.08,162.44,70.42,117.56
210.08,159.44,70.42,117.56
211.08,157.44,70.42,117.56
213.08,155.44,70.42,117.56
214.08,155.44,70.42,117.56
216.08,155.44,70.42,117.56
218.08,156.44,70.42,117.56
220.08,157.44,70.42,117.56
223.08,159.44,70.42,117.56
225.08,160.44,70.42,117.56
227.08,159.44,70.42,117.56
228.08,158.44,70.42,117.56
230.08,156.44,70.42,117.56
232.08,154.44,70.42,117.56
234.08,153.44,70.42,117.56
236.08,152.44,70.42,117.56
237.08,153.44,70.42,117.56
239.08,153.44,70.42,117.56
240.08,153.44,70.42,117.56
241.08,152.44,70.42,117.56
243.08,150.44,70.42,117.56
245.08,148.44,70.42,117.56
247.08,147.44,70.42,117.56
249.08,145.44,70.42,117.56
252.08,145.44,70.42,117.56
254.08,145.44,70.42,117.56
256.08,146.44,70.42,117.56
259.08,148.44,70.42,117.56
261.08,150.44,70.42,117.56
265.08,150.44,70.42,117.56
266.08,150.44,70.42,117.56
267.08,149.44,70.42,117.56
267.08,148.44,70.42,117.56
267.08,147.44,70.42,117.56
267.08,146.44,70.42,117.56
266.08,146.44,70.42,117.56
265.08,146.44,70.42,117.56
264.08,147.44,70.42,117.56
263.08,147.44,70.42,117.56
262.08,145.44,70.42,117.56
261.08,144.44,70.42,117.56
261.08,142.44,70.42,117.56
260.08,141.44,70.42,117.56
260.08,140.44,70.42,117.56
260.08,140.44,70.42,117.56
260.08,141.44,70.42,117.56
259.08,142.44,70.42,117.56
259.08,144.44,70.42,117.56
259.08,146.44,70.42,117.56
259.08,148.44,70.42,117.56
259.08,150.44,70.42,117.56
259.08,150.44,70.42,117.56
258.08,150.44,70.42,117.56
257.08,149.44,70.42,117.56
257.08,149.44,70.42,117.56
256.08,149.44,70.42,117.56
257.08,149.44,70.42,117.56
258.08,148.44,70.42,117.56
259.08,148.44,70.42,117.56
259.08,147.44,70.42,117.56
260.08,148.44,70.42,117.56
260.08,149.44,70.42,117.56
260.08,150.44,70.42,117.56
259.08,151.44,70.42,117.56
259.08,153.44,70.42,117.56
259.08,155.44,70.42,117.56
259.08,156.44,70.42,117.56
259.08,157.44,70.42,117.56
258.08,158.44,70.42,117.56
257.08,159.44,70.42,117.56
256.08,159.44,70.42,117.56
256.08,159.44,70.42,117.56
255.08,158.44,70.42,117.56
255.08,157.44,70.42,117.56
254.08,156.44,70.42,117.56
254.08,156.44,70.42,117.56
254.08,158.44,70.42,117.56
253.08,160.44,70.42,117.56
253.08,163.44,70.42,117.56
252.08,166.44,70.42,117.56
250.08,168.44,70.42,117.56
249.08,169.44,70.42,117.56
247.08,170.44,70.42,117.56
246.08,170.44,70.42,117.56
245.08,171.44,70.42,117.56
244.08,173.44,70.42,117.56
243.08,173.44,70.42,117.56
241.08,172.44,70.42,117.56
238.08,170.44,70.42,117.56
236.08,169.44,70.42,117.56
234.08,169.44,70.42,117.56
231.08,169.44,70.42,117.56
229.08,171.44,70.42,117.56
227.08,172.44,70.42,117.56
225.08,175.44,70.42,117.56
223.08,178.44,70.42,117.56
221.08,181.44,70.42,117.56
219.08,183.44,70.42,117.56
217.08,184.44,70.42,117.56
213.08,184.44,70.42,117.56
211.08,185.44,70.42,117.56
208.08,186.44,70.42,117.56
207.08,187.44,70.42,117.56
204.08,190.44,70.42,117.56
203.08,190.44,70.42,117.56
200.08,187.44,70.42,117.56
197.08,185.44,70.42,117.56
194.08,182.44,70.42,117.56
191.08,181.44,70.42,117.56
189.08,182.44,70.42,117.56
187.08,183.44,70.42,117.56
186.08,184.44,70.42,117.56
184.08,186.44,70.42,117.56
182.08,188.44,70.42,117.56
180.08,190.44,70.42,117.56
177.08,192.44,70.42,117.56
175.08,192.44,70.42,117.56
172.08,192.44,70.42,117.56
170.08,192.44,70.42,117.56
169.08,192.44,70.42,117.56
168.08,193.44,70.42,117.56
168.08,193.44,70.42,117.56
167.08,193.44,70.42,117.56
167.08,192.44,70.42,117.56
167.08,191.44,70.42,117.56
166.08,188.44,70.42,117.56
166.08,186.44,70.42,117.56
166.08,185.44,70.42,117.56
166.08,185.44,70.42,117.56
166.08,187.44,70.42,117.56
166.08,189.44,70.42,117.56
165.08,191.44,70.42,117.56
165.08,192.44,70.42,117.56
165.08,192.44,70.42,117.56
162.08,195.44,70.42,117.56
161.08,201.44,70.42,117.56
159.08,204.44,70.42,117.56
158.08,202.44,70.42,117.56
158.08,201.44,70.42,117.56
158.08,201.44,70.42,117.56
158.08,203.44,70.42,117.56
157.08,205.44,70.42,117.56
157.08,206.44,70.42,117.56
157.08,206.44,70.42,117.56
158.08,206.44,70.42,117.56
158.08,206.44,70.42,117.56
159.08,206.44,70.42,117.56
161.08,206.44,70.42,117.56
161.08,205.44,70.42,117.56
161.08,205.44,70.42,117.56
160.08,206.44,70.42,117.56
159.08,208.44,70.42,117.56
158.08,210.44,70.42,117.56
157.08,212.44,70.42,117.56
156.08,214.44,70.42,117.56
154.08,215.44,70.42,117.56
152.08,216.44,70.42,117.56
151.08,217.44,70.42,117.56
149.08,219.44,70.42,117.56
147.08,220.44,70.42,117.56
145.08,221.44,70.42,117.56
144.08,222.44,70.42,117.56
143.08,223.44,70.42,117.56
141.08,224.44,70.42,117.56
140.08,224.44,70.42,117.56
138.08,224.44,70.42,117.56
137.08,224.44,70.42,117.56
136.08,225.44,70.42,117.56
135.08,225.44,70.42,117.56
133.08,226.44,70.42,117.56
132.08,226.44,70.42,117.56
132.08,226.44,70.42,117.56
132.08,227.44,70.42,117.56
131.08,228.44,70.42,117.56
131.08,228.44,70.42,117.56
131.08,229.44,70.42,117.56
131.08,229.44,70.42,117.56
131.08,230.44,70.42,117.56
131.08,230.44,70.42,117.56
131.08,231.44,70.42,117.56
132.08,231.44,70.42,117.56
133.08,231.44,70.42,117.56
134.08,231.44,70.42,117.56
135.08,231.44,70.42,117.56
136.08,231.44,70.42,117.56
137.08,232.44,70.42,117.56
138.08,233.44,70.42,117.56
139.08,234.44,70.42,117.56
140.08,234.44,70.42,117.56
142.08,236.44,70.42,117.56
143.08,237.44,70.42,117.56
144.08,238.44,70.42,117.56
145.08,239.44,70.42,117.56
147.08,239.44,70.42,117.56
148.08,240.44,70.42,117.56
149.08,241.44,70.42,117.56
150.08,241.44,70.42,117.56
152.08,242.44,70.42,117.56
153.08,242.44,70.42,117.56
154.08,243.44,70.42,117.56
155.08,243.44,70.42,117.56
156.08,244.44,70.42,117.56
157.08,244.44,70.42,117.56
157.08,245.44,70.42,117.56
158.08,245.44,70.42,117.56
158.08,246.44,70.42,117.56
159.08,246.44,70.42,117.56
159.08,247.44,70.42,117.56
160.08,247.44,70.42,117.56
161.08,247.44,70.42,117.56
162.08,247.44,70.42,117.56
162.08,248.44,70.42,117.56
163.08,248.44,70.42,117.56
164.08,248.44,70.42,117.56
164.08,248.44,70.42,117.56
164.08,249.44,70.42,117.56
164.08,250.44,70.42,117.56
166.08,249.44,70.42,117.56
167.08,250.44,70.42,117.56
167.08,250.44,70.42,117.56
168.08,251.44,70.42,117.56
169.08,251.44,70.42,117.56
169.08,252.44,70.42,117.56
170.08,252.44,70.42,117.56
171.08,252.44,70.42,117.56
171.08,253.44,70.42,117.56
172.08,253.44,70.42,117.56
173.08,253.44,70.42,117.56
173.08,254.44,70.42,117.56
174.08,254.44,70.42,117.56
175.08,254.44,70.42,117.56
175.08,254.44,70.42,117.56
176.08,255.44,70.42,117.56
177.08,255.44,70.42,117.56
177.08,255.44,70.42,117.56
178.08,255.44,70.42,117.56
179.08,255.44,70.42,117.56
179.08,256.44,70.42,117.56
179.08,256.44,70.42,117.56
180.08,256.44,70.42,117.56
180.08,257.44,70.42,117.56
181.08,257.44,70.42,117.56
181.08,257.44,70.42,117.56
182.08,257.44,70.42,117.56
182.08,258.44,70.42,117.56
183.08,258.44,70.42,117.56
183.08,258.44,70.42,117.56
184.08,258.44,70.42,117.56
184.08,259.44,70.42,117.56
184.08,259.44,70.42,117.56
184.08,259.44,70.42,117.56
185.08,259.44,70.42,117.56
185.08,260.44,70.42,117.56
185.08,260.44,70.42,117.56
186.08,260.44,70.42,117.56
187.08,260.44,70.42,117.56
188.08,260.44,70.42,117.56
189.08,260.44,70.42,117.56
190.08,260.44,70.42,117.56
190.08,260.44,70.42,117.56
191.08,260.44,70.42,117.56
191.08,261.44,70.42,117.56
191.08,261.44,70.42,117.56
191.08,261.44,70.42,117.56
192.08,261.44,70.42,117.56
192.08,261.44,70.42,117.56
192.08,261.44,70.42,117.56
193.08,261.44,70.42,117.56
193.08,261.44,70.42,117.56
193.08,261.44,70.42,117.56
194.08,261.44,70.42,117.56
194.08,261.44,70.42,117.56
194.08,261.44,70.42,117.56
195.08,261.44,70.42,117.56
195.08,261.44,70.42,117.56
195.08,261.44,70.42,117.56
195.08,261.44,70.42,117.56
195.08,261.44,70.42,117.56
195.08,261.44,70.42,117.56
195.08,261.44,70.42,117.56
195.08,262.44,70.42,117.56
195.08,262.44,70.42,117.56
195.08,262.44,70.42,117.56
195.08,262.44,70.42,117.56
195.08,262.44,70.42,117.56
195.08,262.44,70.42,117.56
195.08,262.44,70.42,117.56
196.08,262.44,70.42,117.56
196.08,262.44,70.42,117.56
196.08,262.44,70.42,117.56
197.08,262.44,70.42,117.56
197.08,262.44,70.42,117.56
197.08,262.44,70.42,117.56
197.08,262.44,70.42,117.56
197.08,262.44,70.42,117.56
197.08,262.44,70.42,117.56
198.08,263.44,70.42,117.56
198.08,263.44,70.42,117.56
199.08,263.44,70.42,117.56
200.08,263.44,70.42,117.56
201.08,263.44,70.42,117.56
202.08,263.44,70.42,117.56
203.08,263.44,70.42,117.56
204.08,263.44,70.42,117.56
205.08,263.44,70.42,117.56
205.08,263.44,70.42,117.56
205.08,263.44,70.42,117.56
205.08,263.44,70.42,117.56
205.08,263.44,70.42,117.56
205.08,263.44,70.42,117.56
205.08,263.44,70.42,117.56
205.08,263.44,70.42,117.56
205.08,263.44,70.42,117.56
206.08,263.44,70.42,117.56
206.08,263.44,70.42,117.56
206.08,263.44,70.42,117.56
207.08,263.44,70.42,117.56
207.08,263.44,70.42,117.56
207.08,263.44,70.42,117.56
207.08,263.44,70.42,117.56
207.08,263.44,70.42,117.56
207.08,263.44,70.42,117.56
207.08,263.44,70.42,117.56
207.08,263.44,70.42,117.56
2
0
0
0
0
1
313.54,222.98,44.20,116.43
319.54,223.98,44.20,116.43
323.54,224.98,44.20,116.43
328.54,226.98,44.20,116.43
332.54,226.98,44.20,116.43
337.54,226.98,44.20,116.43
343.54,225.98,44.20,116.43
345.54,222.98,44.20,116.43
345.54,212.98,44.20,116.43
343.54,224.98,44.20,116.43
2
0
0
0
0
1
420.30,226.14,47.54,111.02
422.30,226.14,47.54,111.02
423.30,222.14,47.54,111.02
423.30,248.14,47.54,111.02
444.30,247.14,47.54,111.02
449.30,254.14,47.54,111.02
444.30,255.14,47.54,111.02
440.30,254.14,47.54,111.02
435.30,254.14,47.54,111.02
431.30,254.14,47.54,111.02
427.30,254.14,47.54,111.02
422.30,254.14,47.54,111.02
418.30,253.14,47.54,111.02
413.30,254.14,47.54,111.02
409.30,253.14,47.54,111.02
404.30,253.14,47.54,111.02
400.30,253.14,47.54,111.02
395.30,253.14,47.54,111.02
391.30,253.14,47.54,111.02
386.30,253.14,47.54,111.02
382.30,253.14,47.54,111.02
378.30,253.14,47.54,111.02
375.30,253.14,47.54,111.02
371.30,253.14,47.54,111.02
368.30,252.14,47.54,111.02
365.30,252.14,47.54,111.02
362.30,252.14,47.54,111.02
359.30,252.14,47.54,111.02
356.30,252.14,47.54,111.02
353.30,252.14,47.54,111.02
350.30,252.14,47.54,111.02
347.30,252.14,47.54,111.02
344.30,252.14,47.54,111.02
341.30,252.14,47.54,111.02
338.30,252.14,47.54,111.02
336.30,252.14,47.54,111.02
334.30,252.14,47.54,111.02
332.30,252.14,47.54,111.02
330.30,252.14,47.54,111.02
328.30,252.14,47.54,111.02
326.30,252.14,47.54,111.02
324.30,252.14,47.54,111.02
322.30,252.14,47.54,111.02
321.30,252.14,47.54,111.02
319.30,252.14,47.54,111.02
318.30,252.14,47.54,111.02
317.30,252.14,47.54,111.02
315.30,252.14,47.54,111.02
314.30,252.14,47.54,111.02
313.30,252.14,47.54,111.02
312.30,252.14,47.54,111.02
311.30,252.14,47.54,111.02
310.30,252.14,47.54,111.02
309.30,252.14,47.54,111.02
308.30,252.14,47.54,111.02
307.30,251.14,47.54,111.02
307.30,251.14,47.54,111.02
306.30,250.14,47.54,111.02
306.30,250.14,47.54,111.02
305.30,250.14,47.54,111.02
305.30,249.14,47.54,111.02
305.30,249.14,47.54,111.02
305.30,248.14,47.54,111.02
305.30,248.14,47.54,111.02
305.30,247.14,47.54,111.02
305.30,246.14,47.54,111.02
305.30,246.14,47.54,111.02
305.30,245.14,47.54,111.02
305.30,245.14,47.54,111.02
305.30,244.14,47.54,111.02
305.30,243.14,47.54,111.02
305.30,242.14,47.54,111.02
305.30,242.14,47.54,111.02
305.30,241.14,47.54,111.02
305.30,241.14,47.54,111.02
305.30,240.14,47.54,111.02
306.30,239.14,47.54,111.02
306.30,238.14,47.54,111.02
306.30,237.14,47.54,111.02
307.30,236.14,47.54,111.02
307.30,236.14,47.54,111.02
307.30,236.14,47.54,111.02
308.30,236.14,47.54,111.02
308.30,236.14,47.54,111.02
311.30,233.14,47.54,111.02
313.30,232.14,47.54,111.02
314.30,232.14,47.54,111.02
316.30,231.14,47.54,111.02
318.30,230.14,47.54,111.02
320.30,229.14,47.54,111.02
322.30,228.14,47.54,111.02
324.30,227.14,47.54,111.02
326.30,226.14,47.54,111.02
329.30,225.14,47.54,111.02
331.30,224.14,47.54,111.02
333.30,224.14,47.54,111.02
2
0
0
0
0
1
289.18,168.64,48.03,105.19
290.18,166.64,48.03,105.19
290.18,165.64,48.03,105.19
291.18,164.64,48.03,105.19
292.18,164.64,48.03,105.19
293.18,165.64,48.03,105.19
293.18,167.64,48.03,105.19
294.18,168.64,48.03,105.19
295.18,169.64,48.03,105.19
296.18,169.64,48.03,105.19
298.18,167.64,48.03,105.19
300.18,165.64,48.03,105.19
303.18,163.64,48.03,105.19
306.18,161.64,48.03,105.19
308.18,161.64,48.03,105.19
310.18,161.64,48.03,105.19
312.18,162.64,48.03,105.19
314.18,163.64,48.03,105.19
316.18,164.64,48.03,105.19
318.18,164.64,48.03,105.19
320.18,164.64,48.03,105.19
322.18,163.64,48.03,105.19
324.18,162.64,48.03,105.19
326.18,161.64,48.03,105.19
327.18,160.64,48.03,105.19
329.18,160.64,48.03,105.19
330.18,160.64,48.03,105.19
331.18,160.64,48.03,105.19
332.18,161.64,48.03,105.19
330.18,157.64,48.03,105.19
329.18,155.64,48.03,105.19
327.18,149.64,48.03,105.19
326.18,147.64,48.03,105.19
324.18,143.64,48.03,105.19
324.18,140.64,48.03,105.19
323.18,139.64,48.03,105.19
323.18,138.64,48.03,105.19
323.18,138.64,48.03,105.19
322.18,139.64,48.03,105.19
322.18,140.64,48.03,105.19
322.18,143.64,48.03,105.19
321.18,147.64,48.03,105.19
321.18,150.64,48.03,105.19
322.18,154.64,48.03,105.19
323.18,158.64,48.03,105.19
323.18,160.64,48.03,105.19
322.18,161.64,48.03,105.19
323.18,162.64,48.03,105.19
324.18,162.64,48.03,105.19
325.18,162.64,48.03,105.19
325.18,162.64,48.03,105.19
325.18,162.64,48.03,105.19
326.18,162.64,48.03,105.19
326.18,162.64,48.03,105.19
326.18,163.64,48.03,105.19
326.18,165.64,48.03,105.19
326.18,167.64,48.03,105.19
326.18,169.64,48.03,105.19
327.18,170.64,48.03,105.19
326.18,173.64,48.03,105.19
327.18,175.64,48.03,105.19
327.18,177.64,48.03,105.19
328.18,179.64,48.03,105.19
328.18,181.64,48.03,105.19
329.18,184.64,48.03,105.19
329.18,187.64,48.03,105.19
330.18,190.64,48.03,105.19
330.18,194.64,48.03,105.19
331.18,198.64,48.03,105.19
331.18,202.64,48.03,105.19
330.18,205.64,48.03,105.19
330.18,207.64,48.03,105.19
330.18,209.64,48.03,105.19
330.18,211.64,48.03,105.19
330.18,212.64,48.03,105.19
329.18,213.64,48.03,105.19
329.18,215.64,48.03,105.19
329.18,216.64,48.03,105.19
329.18,218.64,48.03,105.19
329.18,219.64,48.03,105.19
329.18,220.64,48.03,105.19
329.18,220.64,48.03,105.19
330.18,219.64,48.03,105.19
331.18,218.64,48.03,105.19
331.18,217.64,48.03,105.19
332.18,216.64,48.03,105.19
332.18,215.64,48.03,105.19
332.18,214.64,48.03,105.19
332.18,213.64,48.03,105.19
332.18,212.64,48.03,105.19
332.18,212.64,48.03,105.19
332.18,211.64,48.03,105.19
332.18,211.64,48.03,105.19
332.18,211.64,48.03,105.19
332.18,211.64,48.03,105.19
332.18,210.64,48.03,105.19
332.18,210.64,48.03,105.19
332.18,209.64,48.03,105.19
332.18,208.64,48.03,105.19
333.18,207.64,48.03,105.19
334.18,205.64,48.03,105.19
334.18,204.64,48.03,105.19
333.18,204.64,48.03,105.19
333.18,203.64,48.03,105.19
333.18,203.64,48.03,105.19
332.18,203.64,48.03,105.19
332.18,203.64,48.03,105.19
331.18,204.64,48.03,105.19
331.18,204.64,48.03,105.19
330.18,204.64,48.03,105.19
330.18,204.64,48.03,105.19
329.18,204.64,48.03,105.19
329.18,204.64,48.03,105.19
328.18,203.64,48.03,105.19
328.18,202.64,48.03,105.19
328.18,202.64,48.03,105.19
327.18,201.64,48.03,105.19
325.18,201.64,48.03,105.19
332.18,210.64,48.03,105.19
329.18,205.64,48.03,105.19
329.18,206.64,48.03,105.19
331.18,209.64,48.03,105.19
331.18,209.64,48.03,105.19
331.18,208.64,48.03,105.19
331.18,206.64,48.03,105.19
329.18,204.64,48.03,105.19
327.18,202.64,48.03,105.19
325.18,201.64,48.03,105.19
323.18,199.64,48.03,105.19
322.18,198.64,48.03,105.19
320.18,195.64,48.03,105.19
318.18,193.64,48.03,105.19
316.18,191.64,48.03,105.19
313.18,188.64,48.03,105.19
