0.02978700
0.01166930
0.01074750
0.00959950
0.00717000
0.00857890
0.00646290
0.00663390
0.00737430
0.00682300
0.00638660
0.00729330
0.00604080
0.00590530
0.00614710
0.00619790
0.00716340
0.00676500
0.00670830
0.00585560
0.00587790
0.00583950
0.00606140
0.00579070
0.00832690
0.00921820
0.00789680
0.00681290
0.00734140
0.00853260
0.00768160
0.00668190
0.00669040
0.00759160
0.00808080
0.00650760
0.00829670
0.00732480
0.01237720
0.01175590
0.00804940
0.00881250
0.00950160
0.00911740
0.00764010
0.01195080
0.00919020
0.00801320
0.00865380
0.00790060
0.00950600
0.00857370
0.00808180
0.01919320
0.01182250
0.00940580
0.00965940
0.01560300
0.00952660
0.01060510
0.01731180
0.00861550
0.00817800
0.00880830
0.00727280
0.00827410
0.00752730
0.00906050
0.00659420
0.00682270
0.00680020
0.00659130
0.00888150
0.00791170
0.00696410
0.01052750
0.00705760
0.01091170
0.01048190
0.01300440
0.01322910
0.00831540
0.01125920
0.01066260
0.01378740
0.01441140
0.01210520
0.01459470
0.01388260
0.01527800
0.01089730
0.01536020
0.02800430
0.00791130
0.01145180
0.01500130
0.01125720
0.01354610
0.00635660
0.00646070
0.00748490
0.00643830
0.00646050
0.00725230
0.00614820
0.00718370
0.00729880
0.00675500
0.00676430
0.00761060
0.00656260
0.00662300
0.00745820
0.00656720
0.00663550
0.00724260
0.00657210
0.00643000
0.01093800
0.00928130
0.00913040
0.00855040
0.00944990
0.01169530
0.00881150
0.01011640
0.01087700
0.01472370
0.01488350
0.01161700
0.00966250
0.01001120
0.01073010
0.01050810
0.01304370
0.00659590
0.00730260
0.00762970
0.00710360
0.00675090
0.00790890
0.00858530
0.00644490
0.00793180
0.00609880
0.00672540
0.00723880
0.00723070
0.00644770
0.00712610
0.00601690
0.00606960
0.00717430
0.00609730
0.00641590
0.00716940
0.00628100
0.00708210
0.00733960
0.00614090
0.00612400
0.00691360
0.00584240
0.00622890
0.00709240
0.00623680
0.00634510
0.00770850
0.00593220
0.00602180
0.00581150
0.00596460
0.00619230
0.00601490
0.00595360
0.00590220
0.00588510
0.00594070
0.00603460
0.00615690
0.00700910
0.00622040
0.00599250
0.00596450
0.00572850
0.00633890
0.00723710
0.00642310
0.00631140
0.00728110
0.00607100
0.00640310
0.00716120
0.00627950
0.00730650
0.00733770
0.00601910
0.00644340
0.00706950
0.00610990
0.00673560
0.00990120
0.00719660
0.00752260
0.00800050
0.00649980
0.00755920
0.00827310
0.00927720
0.00923020
0.00972560
0.00918750
0.01008020
0.01197460
0.01208240
0.00936980
0.01079630
0.01247390
0.01249830
0.01173780
0.01110000
0.00949000
0.00854140
0.00936290
0.00880330
0.00884110
0.01008830
0.00990360
0.00646530
0.00698030
0.00670170
0.00729320
0.00641170
0.00687780
0.00591900
0.00671310
0.00596950
0.00632590
0.00707860
0.00662330
0.00635600
0.00780140
0.00589800
0.00624270
0.00702060
0.00644220
0.00710980
0.00701760
0.00583300
0.00693380
0.00712880
0.00602140
0.00625480
0.00854050
0.00602280
0.00601530
0.00781070
0.00654860
0.00635160
0.00788530
0.00657970
0.00679880
0.00712250
0.00644000
0.00644790
0.00750750
0.00642440
0.00641460
0.00740110
0.00685260
0.00632500
0.00768780
0.01011930
0.00831390
0.00956010
0.00925090
0.01031730
0.00929730
0.00947050
0.01264520
0.00836980
0.00805760
0.01082170
0.00887480
0.00906860
0.01037660
0.00941020
0.00842960
0.00873370
0.00923690
0.00787800
0.00643790
0.00652400
0.00772440
0.00688560
0.00676740
0.00948320
0.00625800
0.00806600
0.00742290
0.00618850
0.00635240
0.00762150
0.00643380
0.00626010
0.00719980
0.00592990
0.00620820
0.00697650
0.00703960
0.00722250
0.00746280
0.00625360
0.00608990
0.00718550
0.00598010
0.00636690
0.00707070
0.00628300
0.00598190
0.00707720
0.00604330
0.00598000
0.00567700
0.00612160
0.00607390
0.00619800
0.00590790
0.00692430
0.00913220
0.00676140
0.00627900
0.00793750
0.00705230
0.00807330
0.00630210
0.00613980
0.00620050
0.00658750
0.00735540
0.00637640
0.00746420
0.00828970
0.00634160
0.01032620
0.01101030
0.01315670
0.01095140
0.01063830
0.00930290
0.00966070
0.01260160
0.00994180
0.01016750
0.01480880
0.00995840
0.01098100
0.01158730
0.00866690
0.01232240
0.00960040
0.00662730
0.00760610
0.00776520
0.00697970
0.00708880
0.00722750
0.00672110
0.00615120
0.00772340
0.00614560
0.00624550
0.00702230
0.00631720
0.00603300
0.00599930
0.00640500
0.00633090
0.00604560
0.00604610
0.00611750
0.00590800
0.00584650
0.00587020
0.00776100
0.00612410
0.00582530
0.00590790
0.00596820
0.00602580
0.00624240
0.00702980
0.00637120
0.00623240
0.00719010
0.00591250
0.00630100
0.00716280
0.00623370
0.00622970
0.00718670
0.00599460
0.00608860
0.00725810
0.00645250
0.00655170
0.00761410
0.00609300
0.00667120
0.00768000
0.00653380
0.00685390
0.00749620
0.00711700
0.00876200
0.00920490
0.00975430
0.01160600
0.01131140
0.01317860
0.00966980
0.01025400
0.00978840
0.01014250
0.01306780
0.01005770
0.00859760
0.00891320
0.00928970
0.00890350
0.00898460
0.00840050
0.00916560
0.00837380
0.00643480
0.00697880
0.00681800
0.00800030
0.00663150
0.00762310
0.00594440
0.00630150
0.00636220
0.00736830
0.00664710
0.00658850
0.00769600
0.00635750
0.00643950
0.00710090
0.00619160
0.00728290
0.00731780
0.00617680
0.00638970
0.00716720
0.00628020
0.00614470
0.00707970
0.00586030
0.00797580
0.00748520
0.00613150
0.00713440
0.00695830
0.00610230
0.00641030
0.00722460
0.00592930
0.00637550
0.00699850
0.00617600
0.00612740
0.00688820
0.00604450
0.00625390
0.00677070
0.00616700
0.00578390
0.00591630
0.00570140
0.00676130
0.00609830
0.00638940
0.00586890
0.00633450
0.00606690
0.00620150
0.00638880
0.00613470
0.00595680
0.00581300
0.00630670
0.00600940
0.00623950
0.00695370
0.00598400
0.00625970
0.00701230
0.00618820
0.00611910
0.00715770
0.00589200
0.00711250
0.00678110
0.00629850
0.00617920
0.00722650
0.00589990
0.00612450
0.00704570
0.00607820
0.00611450
0.00716380
0.00591870
0.00614990
0.00713420
0.00603280
0.00615140
0.00698060
0.00608550
0.00623840
0.00713650
0.00590650
0.00623690
0.00714660
0.00607670
0.00590040
0.00578310
0.00605020
0.00611360
0.00603860
0.00600100
0.00596170
0.00645320
0.00627780
0.00638870
0.00613990
0.00641610
0.00617290
0.00613030
0.00575730
0.00605560
0.00598010
0.00622770
0.00626210
0.00667590
0.00752390
0.00735420
0.00656210
0.01266500
0.01005220
0.01168980
0.01090400
0.00975150
0.01113340
0.01157090
0.01186850
0.00942830
0.01312280
0.00911940
0.01142530
0.01305250
0.00944380
0.00939190
0.01084070
0.00926370
0.00720090
0.00920430
0.01107540
0.00885180
0.01247710
0.01066560
0.01104430
0.01166380
0.00867970
0.01054230
0.01034360
0.01013780
0.01000990
0.01133760
0.00877570
0.00902150
0.01089760
0.01233670
0.01079200
0.01540670
0.01992210
0.01087790
0.01262590
0.00924610
0.01027480
0.00927990
0.00817240
0.00890170
0.00709990
0.01666570
0.01595480
0.01361370
0.01387130
0.01063100
0.01455230
0.01171630
0.01743420
0.01666760
0.01454850
0.01298890
0.00892050
0.00878600
0.00847880
0.01899220
0.01628690
0.01586850
0.01332210
0.01864320
0.01552680
0.01490850
0.01728960
0.01104660
0.01806440
0.01534740
0.00788220
0.00833120
0.01393170
0.00910190
0.01134220
0.00807450
0.00680450
0.00687140
0.00817790
0.00657770
0.00634990
0.00622440
0.00653020
0.00650310
0.00720570
0.00687630
0.00835380
0.00632520
0.00621590
0.00661100
0.00831770
0.00680010
0.00606130
0.00619180
0.00622940
0.00693380
0.00745310
0.00864920
0.00928820
0.01002650
0.01061090
0.01165180
0.00981750
0.01262420
0.01076140
0.01035360
0.01324600
0.00903130
0.01028770
0.01106480
0.00987770
0.01244170
0.01002390
0.00874100
0.00950460
0.01220740
0.01358460
0.00656700
0.00843040
0.00645050
0.01097480
0.00977570
0.00880950
0.00758150
0.00762190
0.00638180
0.00648520
0.00644360
0.00592660
0.00669380
0.00614630
0.00723370
0.00673310
0.00651660
0.00713130
0.00611660
0.00647360
0.00715970
0.00630140
0.00614840
0.00849900
0.00617770
0.00632660
0.00752210
0.00784010
0.00654180
0.00697260
0.00780050
0.00638430
0.00624830
0.00614840
0.00889600
0.01009560
0.00905170
0.01323660
0.00874030
0.01048290
0.02825780
0.00835840
0.00833200
0.02812570
0.01206490
0.01298100
0.01286750
0.00682070
0.00827510
0.00904190
0.01124440
0.00661380
0.00693680
0.00775920
0.00665670
0.00580000
0.00584740
0.00579420
0.00613280
0.00624200
0.00729280
0.00627550
0.00597010
0.00592820
0.00579970
0.00597590
0.00619660
0.00699710
0.00585770
0.00611900
0.00599510
0.00591900
0.00572870
0.00835000
0.00703600
0.00595190
0.00623230
0.00711270
0.00610990
0.00759600
0.00618930
0.00675250
0.00613620
0.00606330
0.00753080
0.00625090
0.00604110
0.00723420
0.00716590
0.00614340
0.00631990
0.00771750
0.00603830
0.00611250
0.00606470
0.00698370
0.00585010
0.00655260
0.00708470
0.00612190
0.00570670
0.00663280
0.00613820
0.00605980
0.00733710
0.00734440
0.00603470
0.00602470
0.00592430
0.00591800
0.00597590
0.00643380
0.00709520
0.00639830
0.00587090
0.00795140
0.00603180
0.00652480
0.00710060
0.00718870
0.00651270
0.00593820
0.00600220
0.00596230
0.00591160
0.00626880
0.00733800
0.00610400
0.00617280
0.00593320
0.00597280
0.00595490
0.00627850
0.00705330
0.00617660
0.00583740
0.00600030
0.00587120
0.00597880
0.00737890
0.00724670
0.00604840
0.00636310
0.00716460
0.00620230
0.00592460
0.00634590
0.00721880
0.00633420
0.00642350
0.00719520
0.00603870
0.00599540
0.00622470
0.00730660
0.00613550
0.00617330
0.00722440
0.00617520
0.00597360
0.00619970
0.00741480
0.00607700
0.00670280
0.00728560
0.00628980
0.00635720
0.00718680
0.00762800
0.00681910
0.00678550
0.00736460
0.00617030
0.00596260
0.00639230
0.00588460
0.00595990
0.00594640
0.00735750
0.00614220
0.00616080
0.00565480
0.00568400
0.00619540
0.00705870
0.00720110
0.00665250
0.00608490
0.00786070
0.00609760
0.00588440
0.00614230
0.00721180
0.00598520
0.00574850
0.00576860
0.00595390
0.00647770
0.00616910
0.00685430
0.00593670
0.00623700
0.00709370
0.00583160
0.00589820
0.00614990
0.00716490
0.00602590
0.00621890
0.00756750
0.00626820
0.00607140
0.00616920
0.00705580
0.00599900
0.00640440
0.00687300
0.00634620
0.00585690
0.00637940
0.00704870
0.00633320
0.00625840
0.00720910
0.00606300
0.00665300
0.00648310
0.00734210
0.00632270
0.00711870
0.00706650
0.00599590
0.00590740
0.00596080
0.00583460
0.00621490
0.00700000
0.00725090
0.00622780
0.00586090
0.00650710
0.00726440
0.00623610
0.00622460
0.00689270
0.00595080
0.00596570
0.00668950
0.00592780
0.00584820
0.00617090
0.00751610
0.00628280
0.00584480
0.00584580
0.00587700
0.00604230
0.00599550
0.00716240
0.00605750
0.00586280
0.00569500
0.00590550
0.00578510
0.00746160
0.00701400
0.00604010
0.00606310
0.00707670
0.00604080
0.00581600
0.00595710
0.00762350
0.00626770
0.00641340
0.00735460
0.00650870
0.00607380
0.00672950
0.00712230
0.00614200
0.00630730
0.00718460
0.00602990
0.00596990
0.00621130
0.00730790
0.00652330
0.00607220
0.00712060
0.00666410
0.00605680
0.00566350
0.00578050
0.00578180
0.00669440
0.00707180
0.00604320
0.00573390
0.00588630
0.00577260
0.00584540
0.00607110
0.00712620
0.00601230
0.00617560
0.00779260
0.00618240
0.00596650
0.00749500
0.00727630
0.00609260
0.00588250
0.00603200
0.00602170
0.00694460
0.00630800
0.00738860
0.00656180
0.00600930
0.00620930
0.00586420
0.00696290
0.00645860
0.00716940
0.00601030
0.00624660
0.00573770
0.00595190
0.00577110
0.00705680
0.00669200
0.00602300
0.00626720
0.00731120
0.00591020
0.00601720
0.00649200
0.00729210
0.00671600
0.00709620
0.00723240
0.00585090
0.00579830
0.00621950
0.00687290
0.00603370
0.00600850
0.00702350
0.00599760
0.00594420
0.00604460
0.00782600
0.00652930
0.00704260
0.00760390
0.00612740
0.00609080
0.00569380
0.00588830
0.00580750
0.00680010
0.00697020
0.00603110
0.00578760
0.00613230
0.00684360
0.00609660
0.00612030
0.00723300
0.00599090
0.00596110
0.00582600
0.00585500
0.00567940
0.00614350
0.00691090
0.00612450
0.00581860
0.00603240
0.00580800
0.00673660
0.00610300
0.00773470
0.00612340
0.00619150
0.00582570
0.00601560
0.00601080
0.00757750
0.00716590
0.00627520
0.00629150
0.00753190
0.00612170
0.00598940
0.00620960
0.00752070
0.00612320
0.00635190
0.00702840
0.00617680
0.00593030
0.00621980
0.00712470
0.00614450
0.00632180
0.00713530
0.00622810
0.00602040
0.00626640
0.00710780
0.00616330
0.00702380
0.00901890
0.00617200
0.00604820
0.00569690
0.00645690
0.00593460
0.00645180
0.00712580
0.00616330
0.00589730
0.00798170
0.00607760
0.00586510
0.00702030
0.00703210
0.00627800
0.00593770
0.00579210
0.00593320
0.00588950
0.00624990
0.00741560
0.00600670
0.00628770
0.00602100
0.00603810
0.00598620
0.00632440
0.00732320
0.00633510
0.00622450
0.00765950
0.00610450
0.00770040
0.00632470
0.00733490
0.00661110
0.00677450
0.00754840
0.00622610
0.00598470
0.00631170
0.00708740
0.00622510
0.00659490
0.00728660
0.00607120
0.00595800
0.00636960
0.00687460
0.00660610
0.00672840
0.00714100
0.00610820
0.00576340
0.00586770
0.00591840
0.00580190
0.00700130
0.00729770
0.00617210
0.00650500
0.00572070
0.00596690
0.00590750
0.00599910
0.00702960
0.00617340
0.00601850
0.00803500
0.00612980
0.00598870
0.00617000
0.00788740
0.00619710
0.00598640
0.00570120
0.00592410
0.00657490
0.00674030
0.00704800
0.00596620
0.00569120
0.00591840
0.00573580
0.00578380
0.00596120
0.00693410
0.00600610
0.00590280
0.00568610
0.00605460
0.00581400
0.00765070
0.00717520
0.00611980
0.00628830
0.00738420
0.00611490
0.00723800
0.00608240
0.00731190
0.00630080
0.00643770
0.00728870
0.00593960
0.00581910
0.00618570
0.00732110
0.00607760
0.00619220
0.00707770
0.00622770
0.00595850
0.00616800
0.00582720
0.00597310
0.00677970
0.00728190
0.00629470
0.00604200
0.00586410
0.00609460
0.00655740
0.00675540
0.00721970
0.00641510
0.00611870
