1
385.50,142.50,106.00,92.00
385.50,142.50,106.00,92.00
379.50,135.50,106.00,92.00
379.50,135.50,106.00,92.00
379.50,135.50,106.00,92.00
376.50,128.50,106.00,92.00
376.50,128.50,106.00,92.00
376.50,128.50,106.00,92.00
370.50,119.50,106.00,92.00
370.50,119.50,106.00,92.00
370.50,119.50,106.00,92.00
364.50,112.50,106.00,92.00
364.50,112.50,106.00,92.00
364.50,112.50,106.00,92.00
360.50,106.50,106.00,92.00
360.50,106.50,106.00,92.00
360.50,106.50,106.00,92.00
355.50,101.50,106.00,92.00
355.50,101.50,106.00,92.00
355.50,101.50,106.00,92.00
350.50,96.50,106.00,92.00
350.50,96.50,106.00,92.00
350.50,96.50,106.00,92.00
344.50,91.50,106.00,92.00
344.50,91.50,106.00,92.00
344.50,91.50,106.00,92.00
338.50,88.50,106.00,92.00
338.50,88.50,106.00,92.00
338.50,88.50,106.00,92.00
332.50,85.50,106.00,92.00
332.50,85.50,106.00,92.00
332.50,85.50,106.00,92.00
326.50,82.50,106.00,92.00
326.50,82.50,106.00,92.00
326.50,82.50,106.00,92.00
320.50,78.50,106.00,92.00
320.50,78.50,106.00,92.00
320.50,78.50,106.00,92.00
313.50,74.50,106.00,92.00
313.50,74.50,106.00,92.00
313.50,74.50,106.00,92.00
307.50,70.50,106.00,92.00
307.50,70.50,106.00,92.00
307.50,70.50,106.00,92.00
300.50,67.50,106.00,92.00
300.50,67.50,106.00,92.00
300.50,67.50,106.00,92.00
293.50,65.50,106.00,92.00
293.50,65.50,106.00,92.00
293.50,65.50,106.00,92.00
285.50,63.50,106.00,92.00
285.50,63.50,106.00,92.00
285.50,63.50,106.00,92.00
279.50,61.50,106.00,92.00
278.50,61.50,106.00,92.00
278.50,61.50,106.00,92.00
274.50,61.50,106.00,92.00
274.50,61.50,106.00,92.00
274.50,61.50,106.00,92.00
274.50,61.50,106.00,92.00
274.50,61.50,106.00,92.00
274.50,61.50,106.00,92.00
274.50,61.50,106.00,92.00
274.50,61.50,106.00,92.00
274.50,61.50,106.00,92.00
274.50,61.50,106.00,92.00
274.50,61.50,106.00,92.00
274.50,61.50,106.00,92.00
274.50,61.50,106.00,92.00
274.50,61.50,106.00,92.00
274.50,61.50,106.00,92.00
274.50,61.50,106.00,92.00
274.50,61.50,106.00,92.00
274.50,61.50,106.00,92.00
274.50,61.50,106.00,92.00
274.50,61.50,106.00,92.00
274.50,61.50,106.00,92.00
274.50,61.50,106.00,92.00
274.50,61.50,106.00,92.00
274.50,61.50,106.00,92.00
274.50,61.50,106.00,92.00
274.50,61.50,106.00,92.00
274.50,61.50,106.00,92.00
274.50,61.50,106.00,92.00
274.50,61.50,106.00,92.00
274.50,61.50,106.00,92.00
274.50,61.50,106.00,92.00
274.50,61.50,106.00,92.00
274.50,61.50,106.00,92.00
274.50,61.50,106.00,92.00
274.50,61.50,106.00,92.00
274.50,61.50,106.00,92.00
274.50,61.50,106.00,92.00
274.50,61.50,106.00,92.00
274.50,61.50,106.00,92.00
274.50,61.50,106.00,92.00
274.50,61.50,106.00,92.00
274.50,61.50,106.00,92.00
274.50,61.50,106.00,92.00
274.50,61.50,106.00,92.00
274.50,61.50,106.00,92.00
274.50,61.50,106.00,92.00
274.50,61.50,106.00,92.00
274.50,61.50,106.00,92.00
274.50,61.50,106.00,92.00
274.50,61.50,106.00,92.00
274.50,61.50,106.00,92.00
274.50,61.50,106.00,92.00
274.50,61.50,106.00,92.00
274.50,61.50,106.00,92.00
274.50,61.50,106.00,92.00
274.50,61.50,106.00,92.00
274.50,61.50,106.00,92.00
274.50,61.50,106.00,92.00
274.50,61.50,106.00,92.00
274.50,61.50,106.00,92.00
274.50,61.50,106.00,92.00
274.50,61.50,106.00,92.00
274.50,61.50,106.00,92.00
274.50,61.50,106.00,92.00
274.50,61.50,106.00,92.00
274.50,61.50,106.00,92.00
275.50,61.50,106.00,92.00
275.50,61.50,106.00,92.00
275.50,61.50,106.00,92.00
276.50,61.50,106.00,92.00
276.50,61.50,106.00,92.00
276.50,61.50,106.00,92.00
277.50,61.50,106.00,92.00
277.50,61.50,106.00,92.00
277.50,61.50,106.00,92.00
279.50,62.50,106.00,92.00
279.50,62.50,106.00,92.00
279.50,62.50,106.00,92.00
281.50,63.50,106.00,92.00
281.50,63.50,106.00,92.00
281.50,63.50,106.00,92.00
283.50,64.50,106.00,92.00
283.50,64.50,106.00,92.00
283.50,64.50,106.00,92.00
285.50,65.50,106.00,92.00
285.50,65.50,106.00,92.00
285.50,65.50,106.00,92.00
286.50,65.50,106.00,92.00
287.50,66.50,106.00,92.00
287.50,66.50,106.00,92.00
289.50,67.50,106.00,92.00
289.50,67.50,106.00,92.00
289.50,67.50,106.00,92.00
291.50,69.50,106.00,92.00
291.50,69.50,106.00,92.00
291.50,69.50,106.00,92.00
292.50,70.50,106.00,92.00
292.50,70.50,106.00,92.00
292.50,70.50,106.00,92.00
293.50,71.50,106.00,92.00
293.50,71.50,106.00,92.00
293.50,71.50,106.00,92.00
294.50,73.50,106.00,92.00
294.50,73.50,106.00,92.00
294.50,73.50,106.00,92.00
295.50,74.50,106.00,92.00
295.50,74.50,106.00,92.00
295.50,74.50,106.00,92.00
296.50,76.50,106.00,92.00
296.50,76.50,106.00,92.00
296.50,76.50,106.00,92.00
297.50,78.50,106.00,92.00
297.50,78.50,106.00,92.00
297.50,78.50,106.00,92.00
297.50,80.50,106.00,92.00
297.50,80.50,106.00,92.00
297.50,80.50,106.00,92.00
297.50,81.50,106.00,92.00
297.50,81.50,106.00,92.00
297.50,81.50,106.00,92.00
297.50,82.50,106.00,92.00
297.50,82.50,106.00,92.00
297.50,82.50,106.00,92.00
297.50,83.50,106.00,92.00
297.50,83.50,106.00,92.00
297.50,83.50,106.00,92.00
296.50,84.50,106.00,92.00
296.50,84.50,106.00,92.00
296.50,84.50,106.00,92.00
295.50,86.50,106.00,92.00
295.50,86.50,106.00,92.00
295.50,86.50,106.00,92.00
294.50,89.50,106.00,92.00
294.50,89.50,106.00,92.00
294.50,89.50,106.00,92.00
293.50,91.50,106.00,92.00
293.50,92.50,106.00,92.00
293.50,92.50,106.00,92.00
291.50,95.50,106.00,92.00
291.50,95.50,106.00,92.00
291.50,95.50,106.00,92.00
290.50,98.50,106.00,92.00
290.50,98.50,106.00,92.00
289.50,98.50,106.00,92.00
287.50,102.50,106.00,92.00
287.50,102.50,106.00,92.00
287.50,102.50,106.00,92.00
284.50,106.50,106.00,92.00
284.50,106.50,106.00,92.00
284.50,106.50,106.00,92.00
280.50,110.50,106.00,92.00
280.50,110.50,106.00,92.00
280.50,110.50,106.00,92.00
276.50,115.50,106.00,92.00
276.50,115.50,106.00,92.00
276.50,115.50,106.00,92.00
271.50,121.50,106.00,92.00
271.50,121.50,106.00,92.00
271.50,121.50,106.00,92.00
264.50,128.50,106.00,92.00
264.50,128.50,106.00,92.00
264.50,128.50,106.00,92.00
257.50,135.50,106.00,92.00
257.50,135.50,106.00,92.00
257.50,135.50,106.00,92.00
249.50,143.50,106.00,92.00
249.50,143.50,106.00,92.00
249.50,143.50,106.00,92.00
240.50,151.50,106.00,92.00
240.50,151.50,106.00,92.00
240.50,151.50,106.00,92.00
230.50,157.50,106.00,92.00
230.50,157.50,106.00,92.00
230.50,157.50,106.00,92.00
219.50,164.50,106.00,92.00
219.50,164.50,106.00,92.00
219.50,164.50,106.00,92.00
215.50,177.50,106.00,92.00
215.50,177.50,106.00,92.00
215.50,177.50,106.00,92.00
203.50,186.50,106.00,92.00
203.50,186.50,106.00,92.00
203.50,186.50,106.00,92.00
194.50,191.50,106.00,92.00
194.50,191.50,106.00,92.00
194.50,191.50,106.00,92.00
187.50,196.50,106.00,92.00
187.50,196.50,106.00,92.00
187.50,196.50,106.00,92.00
181.50,202.50,106.00,92.00
181.50,202.50,106.00,92.00
181.50,202.50,106.00,92.00
176.50,208.50,106.00,92.00
176.50,208.50,106.00,92.00
176.50,208.50,106.00,92.00
173.50,211.50,106.00,92.00
173.50,211.50,106.00,92.00
173.50,211.50,106.00,92.00
172.50,212.50,106.00,92.00
172.50,212.50,106.00,92.00
172.50,212.50,106.00,92.00
171.50,213.50,106.00,92.00
171.50,213.50,106.00,92.00
171.50,213.50,106.00,92.00
171.50,213.50,106.00,92.00
171.50,213.50,106.00,92.00
171.50,213.50,106.00,92.00
171.50,212.50,106.00,92.00
171.50,212.50,106.00,92.00
171.50,212.50,106.00,92.00
171.50,212.50,106.00,92.00
171.50,212.50,106.00,92.00
171.50,212.50,106.00,92.00
171.50,212.50,106.00,92.00
171.50,212.50,106.00,92.00
171.50,212.50,106.00,92.00
171.50,212.50,106.00,92.00
171.50,212.50,106.00,92.00
171.50,212.50,106.00,92.00
171.50,212.50,106.00,92.00
171.50,212.50,106.00,92.00
171.50,212.50,106.00,92.00
171.50,212.50,106.00,92.00
171.50,212.50,106.00,92.00
171.50,212.50,106.00,92.00
171.50,212.50,106.00,92.00
171.50,212.50,106.00,92.00
171.50,212.50,106.00,92.00
171.50,212.50,106.00,92.00
171.50,212.50,106.00,92.00
171.50,212.50,106.00,92.00
171.50,212.50,106.00,92.00
171.50,212.50,106.00,92.00
171.50,212.50,106.00,92.00
171.50,212.50,106.00,92.00
171.50,212.50,106.00,92.00
171.50,212.50,106.00,92.00
171.50,212.50,106.00,92.00
171.50,212.50,106.00,92.00
171.50,212.50,106.00,92.00
171.50,212.50,106.00,92.00
171.50,212.50,106.00,92.00
171.50,212.50,106.00,92.00
171.50,212.50,106.00,92.00
171.50,212.50,106.00,92.00
171.50,212.50,106.00,92.00
171.50,212.50,106.00,92.00
171.50,212.50,106.00,92.00
171.50,212.50,106.00,92.00
172.50,212.50,106.00,92.00
172.50,212.50,106.00,92.00
172.50,212.50,106.00,92.00
173.50,211.50,106.00,92.00
173.50,211.50,106.00,92.00
173.50,211.50,106.00,92.00
175.50,210.50,106.00,92.00
175.50,210.50,106.00,92.00
175.50,210.50,106.00,92.00
178.50,208.50,106.00,92.00
178.50,208.50,106.00,92.00
178.50,208.50,106.00,92.00
181.50,200.50,106.00,92.00
181.50,200.50,106.00,92.00
181.50,200.50,106.00,92.00
182.50,199.50,106.00,92.00
182.50,199.50,106.00,92.00
182.50,199.50,106.00,92.00
181.50,201.50,106.00,92.00
181.50,201.50,106.00,92.00
181.50,201.50,106.00,92.00
180.50,204.50,106.00,92.00
180.50,204.50,106.00,92.00
180.50,204.50,106.00,92.00
180.50,204.50,106.00,92.00
180.50,204.50,106.00,92.00
180.50,204.50,106.00,92.00
180.50,203.50,106.00,92.00
180.50,203.50,106.00,92.00
180.50,203.50,106.00,92.00
180.50,203.50,106.00,92.00
180.50,203.50,106.00,92.00
180.50,203.50,106.00,92.00
180.50,204.50,106.00,92.00
180.50,204.50,106.00,92.00
180.50,204.50,106.00,92.00
180.50,205.50,106.00,92.00
180.50,205.50,106.00,92.00
180.50,205.50,106.00,92.00
180.50,204.50,106.00,92.00
180.50,204.50,106.00,92.00
180.50,204.50,106.00,92.00
180.50,204.50,106.00,92.00
180.50,204.50,106.00,92.00
180.50,204.50,106.00,92.00
180.50,204.50,106.00,92.00
180.50,204.50,106.00,92.00
180.50,204.50,106.00,92.00
180.50,204.50,106.00,92.00
180.50,204.50,106.00,92.00
180.50,204.50,106.00,92.00
180.50,204.50,106.00,92.00
180.50,204.50,106.00,92.00
180.50,204.50,106.00,92.00
180.50,204.50,106.00,92.00
180.50,204.50,106.00,92.00
180.50,204.50,106.00,92.00
180.50,204.50,106.00,92.00
180.50,204.50,106.00,92.00
180.50,204.50,106.00,92.00
180.50,204.50,106.00,92.00
180.50,204.50,106.00,92.00
180.50,204.50,106.00,92.00
180.50,204.50,106.00,92.00
180.50,204.50,106.00,92.00
180.50,204.50,106.00,92.00
180.50,204.50,106.00,92.00
180.50,204.50,106.00,92.00
180.50,204.50,106.00,92.00
180.50,204.50,106.00,92.00
180.50,204.50,106.00,92.00
180.50,204.50,106.00,92.00
180.50,204.50,106.00,92.00
180.50,204.50,106.00,92.00
180.50,204.50,106.00,92.00
180.50,204.50,106.00,92.00
180.50,204.50,106.00,92.00
180.50,204.50,106.00,92.00
180.50,204.50,106.00,92.00
180.50,204.50,106.00,92.00
180.50,204.50,106.00,92.00
180.50,204.50,106.00,92.00
180.50,204.50,106.00,92.00
180.50,204.50,106.00,92.00
180.50,204.50,106.00,92.00
180.50,204.50,106.00,92.00
180.50,204.50,106.00,92.00
180.50,204.50,106.00,92.00
180.50,204.50,106.00,92.00
180.50,204.50,106.00,92.00
179.50,205.50,106.00,92.00
179.50,205.50,106.00,92.00
179.50,205.50,106.00,92.00
178.50,205.50,106.00,92.00
178.50,205.50,106.00,92.00
178.50,205.50,106.00,92.00
177.50,206.50,106.00,92.00
177.50,206.50,106.00,92.00
177.50,206.50,106.00,92.00
175.50,208.50,106.00,92.00
175.50,208.50,106.00,92.00
175.50,208.50,106.00,92.00
172.50,210.50,106.00,92.00
172.50,210.50,106.00,92.00
172.50,210.50,106.00,92.00
169.50,213.50,106.00,92.00
169.50,213.50,106.00,92.00
169.50,213.50,106.00,92.00
166.50,217.50,106.00,92.00
166.50,217.50,106.00,92.00
166.50,217.50,106.00,92.00
164.50,220.50,106.00,92.00
164.50,220.50,106.00,92.00
164.50,220.50,106.00,92.00
165.50,220.50,106.00,92.00
165.50,220.50,106.00,92.00
165.50,220.50,106.00,92.00
166.50,218.50,106.00,92.00
166.50,218.50,106.00,92.00
166.50,218.50,106.00,92.00
167.50,217.50,106.00,92.00
167.50,217.50,106.00,92.00
167.50,217.50,106.00,92.00
166.50,217.50,106.00,92.00
166.50,217.50,106.00,92.00
166.50,217.50,106.00,92.00
166.50,217.50,106.00,92.00
166.50,217.50,106.00,92.00
166.50,217.50,106.00,92.00
166.50,217.50,106.00,92.00
166.50,217.50,106.00,92.00
166.50,217.50,106.00,92.00
166.50,217.50,106.00,92.00
166.50,217.50,106.00,92.00
166.50,217.50,106.00,92.00
166.50,217.50,106.00,92.00
166.50,217.50,106.00,92.00
166.50,217.50,106.00,92.00
166.50,217.50,106.00,92.00
166.50,217.50,106.00,92.00
166.50,217.50,106.00,92.00
166.50,217.50,106.00,92.00
166.50,217.50,106.00,92.00
166.50,217.50,106.00,92.00
166.50,217.50,106.00,92.00
166.50,217.50,106.00,92.00
166.50,217.50,106.00,92.00
166.50,217.50,106.00,92.00
166.50,217.50,106.00,92.00
166.50,217.50,106.00,92.00
166.50,217.50,106.00,92.00
166.50,217.50,106.00,92.00
166.50,217.50,106.00,92.00
166.50,217.50,106.00,92.00
166.50,217.50,106.00,92.00
166.50,217.50,106.00,92.00
166.50,217.50,106.00,92.00
166.50,217.50,106.00,92.00
166.50,217.50,106.00,92.00
166.50,217.50,106.00,92.00
166.50,217.50,106.00,92.00
166.50,217.50,106.00,92.00
166.50,217.50,106.00,92.00
166.50,217.50,106.00,92.00
166.50,217.50,106.00,92.00
166.50,217.50,106.00,92.00
166.50,217.50,106.00,92.00
166.50,217.50,106.00,92.00
166.50,217.50,106.00,92.00
166.50,217.50,106.00,92.00
166.50,217.50,106.00,92.00
166.50,217.50,106.00,92.00
166.50,217.50,106.00,92.00
166.50,217.50,106.00,92.00
166.50,217.50,106.00,92.00
166.50,217.50,106.00,92.00
166.50,217.50,106.00,92.00
166.50,217.50,106.00,92.00
166.50,217.50,106.00,92.00
166.50,217.50,106.00,92.00
166.50,217.50,106.00,92.00
166.50,217.50,106.00,92.00
166.50,217.50,106.00,92.00
166.50,217.50,106.00,92.00
166.50,217.50,106.00,92.00
166.50,217.50,106.00,92.00
166.50,217.50,106.00,92.00
166.50,217.50,106.00,92.00
166.50,217.50,106.00,92.00
166.50,217.50,106.00,92.00
166.50,217.50,106.00,92.00
166.50,217.50,106.00,92.00
166.50,217.50,106.00,92.00
166.50,217.50,106.00,92.00
166.50,217.50,106.00,92.00
166.50,217.50,106.00,92.00
166.50,217.50,106.00,92.00
166.50,217.50,106.00,92.00
166.50,217.50,106.00,92.00
166.50,217.50,106.00,92.00
166.50,217.50,106.00,92.00
166.50,217.50,106.00,92.00
166.50,217.50,106.00,92.00
166.50,217.50,106.00,92.00
166.50,217.50,106.00,92.00
166.50,217.50,106.00,92.00
166.50,217.50,106.00,92.00
166.50,217.50,106.00,92.00
166.50,217.50,106.00,92.00
166.50,217.50,106.00,92.00
166.50,217.50,106.00,92.00
166.50,217.50,106.00,92.00
166.50,217.50,106.00,92.00
166.50,217.50,106.00,92.00
166.50,217.50,106.00,92.00
166.50,217.50,106.00,92.00
166.50,217.50,106.00,92.00
166.50,217.50,106.00,92.00
166.50,217.50,106.00,92.00
166.50,217.50,106.00,92.00
166.50,217.50,106.00,92.00
166.50,217.50,106.00,92.00
166.50,217.50,106.00,92.00
166.50,217.50,106.00,92.00
166.50,217.50,106.00,92.00
166.50,217.50,106.00,92.00
166.50,217.50,106.00,92.00
166.50,217.50,106.00,92.00
166.50,217.50,106.00,92.00
166.50,217.50,106.00,92.00
166.50,217.50,106.00,92.00
167.50,217.50,106.00,92.00
167.50,217.50,106.00,92.00
167.50,217.50,106.00,92.00
169.50,215.50,106.00,92.00
169.50,215.50,106.00,92.00
169.50,215.50,106.00,92.00
172.50,211.50,106.00,92.00
172.50,211.50,106.00,92.00
173.50,211.50,106.00,92.00
177.50,208.50,106.00,92.00
177.50,208.50,106.00,92.00
177.50,208.50,106.00,92.00
182.50,203.50,106.00,92.00
182.50,203.50,106.00,92.00
182.50,203.50,106.00,92.00
182.50,203.50,106.00,92.00
182.50,203.50,106.00,92.00
182.50,203.50,106.00,92.00
183.50,203.50,106.00,92.00
183.50,203.50,106.00,92.00
183.50,203.50,106.00,92.00
184.50,203.50,106.00,92.00
184.50,203.50,106.00,92.00
184.50,203.50,106.00,92.00
192.50,208.50,106.00,92.00
192.50,208.50,106.00,92.00
192.50,208.50,106.00,92.00
201.50,212.50,106.00,92.00
201.50,212.50,106.00,92.00
201.50,212.50,106.00,92.00
212.50,219.50,106.00,92.00
212.50,219.50,106.00,92.00
212.50,219.50,106.00,92.00
212.50,219.50,106.00,92.00
212.50,219.50,106.00,92.00
212.50,219.50,106.00,92.00
212.50,218.50,106.00,92.00
212.50,218.50,106.00,92.00
212.50,218.50,106.00,92.00
212.50,218.50,106.00,92.00
212.50,218.50,106.00,92.00
212.50,218.50,106.00,92.00
212.50,217.50,106.00,92.00
212.50,217.50,106.00,92.00
212.50,217.50,106.00,92.00
212.50,217.50,106.00,92.00
212.50,217.50,106.00,92.00
212.50,217.50,106.00,92.00
212.50,217.50,106.00,92.00
212.50,217.50,106.00,92.00
212.50,217.50,106.00,92.00
212.50,217.50,106.00,92.00
212.50,217.50,106.00,92.00
212.50,217.50,106.00,92.00
212.50,217.50,106.00,92.00
212.50,217.50,106.00,92.00
212.50,217.50,106.00,92.00
212.50,217.50,106.00,92.00
212.50,217.50,106.00,92.00
212.50,217.50,106.00,92.00
212.50,217.50,106.00,92.00
212.50,217.50,106.00,92.00
212.50,217.50,106.00,92.00
212.50,217.50,106.00,92.00
212.50,217.50,106.00,92.00
212.50,217.50,106.00,92.00
212.50,217.50,106.00,92.00
212.50,217.50,106.00,92.00
212.50,217.50,106.00,92.00
212.50,217.50,106.00,92.00
212.50,217.50,106.00,92.00
212.50,217.50,106.00,92.00
212.50,217.50,106.00,92.00
212.50,217.50,106.00,92.00
212.50,217.50,106.00,92.00
212.50,217.50,106.00,92.00
212.50,217.50,106.00,92.00
212.50,217.50,106.00,92.00
212.50,217.50,106.00,92.00
212.50,217.50,106.00,92.00
212.50,217.50,106.00,92.00
212.50,217.50,106.00,92.00
212.50,217.50,106.00,92.00
212.50,217.50,106.00,92.00
212.50,217.50,106.00,92.00
212.50,217.50,106.00,92.00
212.50,217.50,106.00,92.00
212.50,217.50,106.00,92.00
212.50,217.50,106.00,92.00
212.50,217.50,106.00,92.00
212.50,217.50,106.00,92.00
212.50,217.50,106.00,92.00
212.50,217.50,106.00,92.00
212.50,218.50,106.00,92.00
212.50,218.50,106.00,92.00
212.50,218.50,106.00,92.00
212.50,218.50,106.00,92.00
212.50,218.50,106.00,92.00
212.50,218.50,106.00,92.00
212.50,218.50,106.00,92.00
212.50,218.50,106.00,92.00
212.50,218.50,106.00,92.00
212.50,218.50,106.00,92.00
212.50,218.50,106.00,92.00
212.50,218.50,106.00,92.00
212.50,218.50,106.00,92.00
212.50,218.50,106.00,92.00
212.50,218.50,106.00,92.00
212.50,218.50,106.00,92.00
212.50,218.50,106.00,92.00
212.50,218.50,106.00,92.00
212.50,218.50,106.00,92.00
212.50,218.50,106.00,92.00
212.50,218.50,106.00,92.00
212.50,218.50,106.00,92.00
212.50,218.50,106.00,92.00
212.50,218.50,106.00,92.00
212.50,218.50,106.00,92.00
212.50,218.50,106.00,92.00
212.50,218.50,106.00,92.00
212.50,218.50,106.00,92.00
212.50,218.50,106.00,92.00
212.50,218.50,106.00,92.00
212.50,218.50,106.00,92.00
212.50,218.50,106.00,92.00
212.50,218.50,106.00,92.00
212.50,218.50,106.00,92.00
212.50,218.50,106.00,92.00
212.50,218.50,106.00,92.00
212.50,218.50,106.00,92.00
212.50,218.50,106.00,92.00
212.50,218.50,106.00,92.00
212.50,218.50,106.00,92.00
212.50,218.50,106.00,92.00
212.50,218.50,106.00,92.00
212.50,218.50,106.00,92.00
212.50,218.50,106.00,92.00
212.50,218.50,106.00,92.00
212.50,218.50,106.00,92.00
212.50,218.50,106.00,92.00
212.50,218.50,106.00,92.00
212.50,218.50,106.00,92.00
212.50,218.50,106.00,92.00
212.50,218.50,106.00,92.00
212.50,218.50,106.00,92.00
212.50,218.50,106.00,92.00
212.50,218.50,106.00,92.00
212.50,218.50,106.00,92.00
212.50,218.50,106.00,92.00
212.50,218.50,106.00,92.00
212.50,218.50,106.00,92.00
212.50,218.50,106.00,92.00
212.50,218.50,106.00,92.00
212.50,218.50,106.00,92.00
212.50,218.50,106.00,92.00
212.50,218.50,106.00,92.00
212.50,218.50,106.00,92.00
212.50,218.50,106.00,92.00
212.50,218.50,106.00,92.00
212.50,218.50,106.00,92.00
212.50,218.50,106.00,92.00
212.50,218.50,106.00,92.00
212.50,218.50,106.00,92.00
212.50,218.50,106.00,92.00
212.50,218.50,106.00,92.00
212.50,218.50,106.00,92.00
212.50,218.50,106.00,92.00
212.50,218.50,106.00,92.00
212.50,218.50,106.00,92.00
212.50,218.50,106.00,92.00
212.50,218.50,106.00,92.00
212.50,218.50,106.00,92.00
212.50,218.50,106.00,92.00
212.50,218.50,106.00,92.00
212.50,218.50,106.00,92.00
212.50,218.50,106.00,92.00
212.50,218.50,106.00,92.00
212.50,218.50,106.00,92.00
212.50,218.50,106.00,92.00
212.50,218.50,106.00,92.00
212.50,218.50,106.00,92.00
212.50,218.50,106.00,92.00
212.50,218.50,106.00,92.00
212.50,218.50,106.00,92.00
212.50,218.50,106.00,92.00
212.50,218.50,106.00,92.00
212.50,218.50,106.00,92.00
212.50,218.50,106.00,92.00
212.50,218.50,106.00,92.00
212.50,218.50,106.00,92.00
212.50,218.50,106.00,92.00
212.50,218.50,106.00,92.00
212.50,218.50,106.00,92.00
212.50,218.50,106.00,92.00
212.50,218.50,106.00,92.00
212.50,218.50,106.00,92.00
212.50,218.50,106.00,92.00
212.50,218.50,106.00,92.00
212.50,218.50,106.00,92.00
212.50,218.50,106.00,92.00
212.50,218.50,106.00,92.00
212.50,218.50,106.00,92.00
212.50,218.50,106.00,92.00
212.50,218.50,106.00,92.00
212.50,218.50,106.00,92.00
212.50,218.50,106.00,92.00
212.50,218.50,106.00,92.00
212.50,218.50,106.00,92.00
212.50,218.50,106.00,92.00
212.50,218.50,106.00,92.00
212.50,218.50,106.00,92.00
212.50,218.50,106.00,92.00
212.50,218.50,106.00,92.00
212.50,218.50,106.00,92.00
212.50,218.50,106.00,92.00
212.50,218.50,106.00,92.00
212.50,218.50,106.00,92.00
212.50,218.50,106.00,92.00
212.50,218.50,106.00,92.00
212.50,218.50,106.00,92.00
212.50,218.50,106.00,92.00
212.50,218.50,106.00,92.00
212.50,218.50,106.00,92.00
212.50,218.50,106.00,92.00
212.50,218.50,106.00,92.00
212.50,218.50,106.00,92.00
212.50,218.50,106.00,92.00
212.50,218.50,106.00,92.00
212.50,218.50,106.00,92.00
212.50,218.50,106.00,92.00
212.50,218.50,106.00,92.00
212.50,218.50,106.00,92.00
212.50,218.50,106.00,92.00
212.50,218.50,106.00,92.00
212.50,218.50,106.00,92.00
212.50,218.50,106.00,92.00
212.50,218.50,106.00,92.00
212.50,218.50,106.00,92.00
212.50,218.50,106.00,92.00
212.50,218.50,106.00,92.00
212.50,218.50,106.00,92.00
212.50,218.50,106.00,92.00
212.50,218.50,106.00,92.00
212.50,218.50,106.00,92.00
212.50,218.50,106.00,92.00
212.50,218.50,106.00,92.00
212.50,218.50,106.00,92.00
212.50,218.50,106.00,92.00
212.50,218.50,106.00,92.00
212.50,218.50,106.00,92.00
212.50,218.50,106.00,92.00
212.50,218.50,106.00,92.00
212.50,218.50,106.00,92.00
212.50,218.50,106.00,92.00
212.50,218.50,106.00,92.00
212.50,218.50,106.00,92.00
212.50,218.50,106.00,92.00
212.50,218.50,106.00,92.00
213.50,219.50,106.00,92.00
213.50,219.50,106.00,92.00
213.50,219.50,106.00,92.00
215.50,222.50,106.00,92.00
215.50,222.50,106.00,92.00
215.50,222.50,106.00,92.00
217.50,227.50,106.00,92.00
217.50,227.50,106.00,92.00
217.50,228.50,106.00,92.00
219.50,231.50,106.00,92.00
219.50,231.50,106.00,92.00
219.50,231.50,106.00,92.00
221.50,233.50,106.00,92.00
221.50,233.50,106.00,92.00
221.50,233.50,106.00,92.00
224.50,237.50,106.00,92.00
224.50,237.50,106.00,92.00
224.50,237.50,106.00,92.00
227.50,240.50,106.00,92.00
227.50,240.50,106.00,92.00
227.50,240.50,106.00,92.00
231.50,245.50,106.00,92.00
231.50,245.50,106.00,92.00
232.50,246.50,106.00,92.00
234.50,248.50,106.00,92.00
234.50,248.50,106.00,92.00
234.50,248.50,106.00,92.00
237.50,250.50,106.00,92.00
237.50,250.50,106.00,92.00
237.50,250.50,106.00,92.00
241.50,255.50,106.00,92.00
241.50,255.50,106.00,92.00
241.50,255.50,106.00,92.00
244.50,260.50,106.00,92.00
244.50,260.50,106.00,92.00
244.50,260.50,106.00,92.00
248.50,263.50,106.00,92.00
248.50,263.50,106.00,92.00
249.50,264.50,106.00,92.00
251.50,266.50,106.00,92.00
251.50,266.50,106.00,92.00
251.50,266.50,106.00,92.00
254.50,269.50,106.00,92.00
254.50,269.50,106.00,92.00
254.50,269.50,106.00,92.00
258.50,273.50,106.00,92.00
258.50,273.50,106.00,92.00
258.50,273.50,106.00,92.00
259.50,278.50,106.00,92.00
259.50,278.50,106.00,92.00
260.50,278.50,106.00,92.00
263.50,280.50,106.00,92.00
263.50,280.50,106.00,92.00
264.50,281.50,106.00,92.00
267.50,283.50,106.00,92.00
267.50,283.50,106.00,92.00
267.50,283.50,106.00,92.00
273.50,287.50,106.00,92.00
273.50,287.50,106.00,92.00
273.50,287.50,106.00,92.00
279.50,290.50,106.00,92.00
279.50,290.50,106.00,92.00
279.50,290.50,106.00,92.00
286.50,297.50,106.00,92.00
286.50,297.50,106.00,92.00
286.50,297.50,106.00,92.00
295.50,301.50,106.00,92.00
295.50,301.50,106.00,92.00
296.50,301.50,106.00,92.00
306.50,307.50,106.00,92.00
306.50,307.50,106.00,92.00
306.50,307.50,106.00,92.00
320.50,314.50,106.00,92.00
320.50,314.50,106.00,92.00
320.50,314.50,106.00,92.00
336.50,321.50,106.00,92.00
336.50,321.50,106.00,92.00
336.50,321.50,106.00,92.00
351.50,329.50,106.00,92.00
351.50,329.50,106.00,92.00
351.50,329.50,106.00,92.00
360.50,328.50,106.00,92.00
360.50,328.50,106.00,92.00
360.50,328.50,106.00,92.00
359.50,328.50,106.00,92.00
359.50,328.50,106.00,92.00
359.50,328.50,106.00,92.00
361.50,328.50,106.00,92.00
361.50,328.50,106.00,92.00
361.50,328.50,106.00,92.00
363.50,328.50,106.00,92.00
363.50,328.50,106.00,92.00
363.50,328.50,106.00,92.00
363.50,328.50,106.00,92.00
363.50,328.50,106.00,92.00
363.50,328.50,106.00,92.00
363.50,328.50,106.00,92.00
363.50,328.50,106.00,92.00
363.50,328.50,106.00,92.00
363.50,328.50,106.00,92.00
363.50,328.50,106.00,92.00
363.50,328.50,106.00,92.00
363.50,328.50,106.00,92.00
363.50,328.50,106.00,92.00
363.50,328.50,106.00,92.00
363.50,328.50,106.00,92.00
363.50,328.50,106.00,92.00
363.50,328.50,106.00,92.00
363.50,328.50,106.00,92.00
363.50,328.50,106.00,92.00
363.50,328.50,106.00,92.00
363.50,328.50,106.00,92.00
363.50,328.50,106.00,92.00
363.50,328.50,106.00,92.00
363.50,328.50,106.00,92.00
363.50,328.50,106.00,92.00
363.50,328.50,106.00,92.00
363.50,328.50,106.00,92.00
363.50,328.50,106.00,92.00
363.50,328.50,106.00,92.00
363.50,328.50,106.00,92.00
363.50,328.50,106.00,92.00
363.50,328.50,106.00,92.00
363.50,328.50,106.00,92.00
363.50,328.50,106.00,92.00
363.50,328.50,106.00,92.00
363.50,328.50,106.00,92.00
363.50,328.50,106.00,92.00
363.50,328.50,106.00,92.00
363.50,328.50,106.00,92.00
363.50,328.50,106.00,92.00
363.50,328.50,106.00,92.00
363.50,328.50,106.00,92.00
363.50,328.50,106.00,92.00
363.50,328.50,106.00,92.00
363.50,328.50,106.00,92.00
363.50,328.50,106.00,92.00
363.50,328.50,106.00,92.00
363.50,328.50,106.00,92.00
363.50,328.50,106.00,92.00
363.50,328.50,106.00,92.00
363.50,328.50,106.00,92.00
363.50,328.50,106.00,92.00
363.50,328.50,106.00,92.00
363.50,328.50,106.00,92.00
363.50,328.50,106.00,92.00
363.50,328.50,106.00,92.00
363.50,328.50,106.00,92.00
363.50,328.50,106.00,92.00
363.50,328.50,106.00,92.00
363.50,328.50,106.00,92.00
363.50,328.50,106.00,92.00
363.50,328.50,106.00,92.00
363.50,328.50,106.00,92.00
363.50,328.50,106.00,92.00
363.50,328.50,106.00,92.00
363.50,328.50,106.00,92.00
363.50,328.50,106.00,92.00
363.50,328.50,106.00,92.00
363.50,328.50,106.00,92.00
363.50,328.50,106.00,92.00
363.50,328.50,106.00,92.00
363.50,328.50,106.00,92.00
363.50,328.50,106.00,92.00
363.50,328.50,106.00,92.00
363.50,328.50,106.00,92.00
363.50,328.50,106.00,92.00
363.50,328.50,106.00,92.00
363.50,328.50,106.00,92.00
363.50,328.50,106.00,92.00
363.50,328.50,106.00,92.00
363.50,328.50,106.00,92.00
363.50,328.50,106.00,92.00
363.50,328.50,106.00,92.00
363.50,328.50,106.00,92.00
363.50,328.50,106.00,92.00
363.50,328.50,106.00,92.00
363.50,328.50,106.00,92.00
363.50,328.50,106.00,92.00
363.50,328.50,106.00,92.00
363.50,328.50,106.00,92.00
363.50,328.50,106.00,92.00
363.50,328.50,106.00,92.00
363.50,328.50,106.00,92.00
363.50,328.50,106.00,92.00
363.50,328.50,106.00,92.00
363.50,328.50,106.00,92.00
363.50,328.50,106.00,92.00
363.50,328.50,106.00,92.00
363.50,328.50,106.00,92.00
363.50,328.50,106.00,92.00
363.50,328.50,106.00,92.00
363.50,328.50,106.00,92.00
363.50,328.50,106.00,92.00
363.50,328.50,106.00,92.00
363.50,328.50,106.00,92.00
363.50,328.50,106.00,92.00
363.50,328.50,106.00,92.00
363.50,328.50,106.00,92.00
363.50,328.50,106.00,92.00
363.50,328.50,106.00,92.00
363.50,328.50,106.00,92.00
363.50,328.50,106.00,92.00
363.50,328.50,106.00,92.00
363.50,328.50,106.00,92.00
363.50,328.50,106.00,92.00
363.50,328.50,106.00,92.00
363.50,328.50,106.00,92.00
363.50,328.50,106.00,92.00
363.50,328.50,106.00,92.00
363.50,328.50,106.00,92.00
363.50,328.50,106.00,92.00
363.50,328.50,106.00,92.00
363.50,328.50,106.00,92.00
363.50,328.50,106.00,92.00
363.50,328.50,106.00,92.00
363.50,328.50,106.00,92.00
363.50,328.50,106.00,92.00
363.50,328.50,106.00,92.00
362.50,328.50,106.00,92.00
362.50,328.50,106.00,92.00
362.50,328.50,106.00,92.00
361.50,328.50,106.00,92.00
361.50,328.50,106.00,92.00
360.50,328.50,106.00,92.00
360.50,328.50,106.00,92.00
360.50,328.50,106.00,92.00
357.50,328.50,106.00,92.00
357.50,328.50,106.00,92.00
357.50,328.50,106.00,92.00
354.50,328.50,106.00,92.00
354.50,328.50,106.00,92.00
354.50,328.50,106.00,92.00
352.50,328.50,106.00,92.00
350.50,327.50,106.00,92.00
350.50,327.50,106.00,92.00
347.50,328.50,106.00,92.00
345.50,328.50,106.00,92.00
345.50,328.50,106.00,92.00
340.50,327.50,106.00,92.00
339.50,327.50,106.00,92.00
339.50,327.50,106.00,92.00
332.50,320.50,106.00,92.00
332.50,320.50,106.00,92.00
332.50,320.50,106.00,92.00
323.50,313.50,106.00,92.00
323.50,313.50,106.00,92.00
323.50,313.50,106.00,92.00
323.50,313.50,106.00,92.00
315.50,306.50,106.00,92.00
315.50,306.50,106.00,92.00
315.50,306.50,106.00,92.00
312.50,299.50,106.00,92.00
312.50,299.50,106.00,92.00
312.50,298.50,106.00,92.00
312.50,297.50,106.00,92.00
312.50,297.50,106.00,92.00
313.50,298.50,106.00,92.00
313.50,298.50,106.00,92.00
313.50,298.50,106.00,92.00
313.50,300.50,106.00,92.00
313.50,301.50,106.00,92.00
313.50,301.50,106.00,92.00
313.50,301.50,106.00,92.00
313.50,301.50,106.00,92.00
313.50,301.50,106.00,92.00
313.50,301.50,106.00,92.00
313.50,301.50,106.00,92.00
313.50,301.50,106.00,92.00
313.50,301.50,106.00,92.00
313.50,301.50,106.00,92.00
313.50,301.50,106.00,92.00
313.50,301.50,106.00,92.00
313.50,301.50,106.00,92.00
313.50,301.50,106.00,92.00
313.50,301.50,106.00,92.00
313.50,301.50,106.00,92.00
313.50,301.50,106.00,92.00
313.50,301.50,106.00,92.00
313.50,301.50,106.00,92.00
313.50,301.50,106.00,92.00
313.50,301.50,106.00,92.00
313.50,301.50,106.00,92.00
313.50,301.50,106.00,92.00
313.50,301.50,106.00,92.00
313.50,301.50,106.00,92.00
313.50,301.50,106.00,92.00
313.50,301.50,106.00,92.00
313.50,301.50,106.00,92.00
313.50,301.50,106.00,92.00
313.50,301.50,106.00,92.00
313.50,301.50,106.00,92.00
313.50,301.50,106.00,92.00
313.50,301.50,106.00,92.00
313.50,301.50,106.00,92.00
313.50,301.50,106.00,92.00
312.50,301.50,106.00,92.00
312.50,301.50,106.00,92.00
312.50,301.50,106.00,92.00
311.50,301.50,106.00,92.00
311.50,301.50,106.00,92.00
311.50,301.50,106.00,92.00
309.50,300.50,106.00,92.00
309.50,300.50,106.00,92.00
309.50,300.50,106.00,92.00
308.50,299.50,106.00,92.00
305.50,297.50,106.00,92.00
305.50,297.50,106.00,92.00
303.50,296.50,106.00,92.00
301.50,294.50,106.00,92.00
301.50,294.50,106.00,92.00
298.50,292.50,106.00,92.00
297.50,291.50,106.00,92.00
297.50,291.50,106.00,92.00
296.50,287.50,106.00,92.00
296.50,286.50,106.00,92.00
296.50,286.50,106.00,92.00
293.50,284.50,106.00,92.00
293.50,284.50,106.00,92.00
293.50,284.50,106.00,92.00
293.50,284.50,106.00,92.00
284.50,279.50,106.00,92.00
284.50,279.50,106.00,92.00
283.50,278.50,106.00,92.00
279.50,274.50,106.00,92.00
279.50,274.50,106.00,92.00
278.50,272.50,106.00,92.00
277.50,271.50,106.00,92.00
277.50,271.50,106.00,92.00
274.50,267.50,106.00,92.00
274.50,266.50,106.00,92.00
274.50,266.50,106.00,92.00
274.50,262.50,106.00,92.00
274.50,262.50,106.00,92.00
274.50,262.50,106.00,92.00
274.50,262.50,106.00,92.00
276.50,264.50,106.00,92.00
276.50,264.50,106.00,92.00
275.50,265.50,106.00,92.00
274.50,269.50,106.00,92.00
274.50,269.50,106.00,92.00
274.50,269.50,106.00,92.00
274.50,268.50,106.00,92.00
274.50,268.50,106.00,92.00
274.50,267.50,106.00,92.00
274.50,267.50,106.00,92.00
274.50,267.50,106.00,92.00
274.50,267.50,106.00,92.00
274.50,267.50,106.00,92.00
274.50,267.50,106.00,92.00
274.50,267.50,106.00,92.00
274.50,267.50,106.00,92.00
274.50,267.50,106.00,92.00
274.50,267.50,106.00,92.00
274.50,267.50,106.00,92.00
274.50,267.50,106.00,92.00
274.50,267.50,106.00,92.00
274.50,267.50,106.00,92.00
274.50,267.50,106.00,92.00
274.50,267.50,106.00,92.00
274.50,267.50,106.00,92.00
274.50,267.50,106.00,92.00
274.50,267.50,106.00,92.00
274.50,267.50,106.00,92.00
274.50,267.50,106.00,92.00
274.50,267.50,106.00,92.00
274.50,267.50,106.00,92.00
274.50,267.50,106.00,92.00
274.50,267.50,106.00,92.00
274.50,267.50,106.00,92.00
274.50,267.50,106.00,92.00
274.50,268.50,106.00,92.00
274.50,268.50,106.00,92.00
274.50,268.50,106.00,92.00
275.50,269.50,106.00,92.00
275.50,269.50,106.00,92.00
275.50,269.50,106.00,92.00
277.50,271.50,106.00,92.00
277.50,271.50,106.00,92.00
277.50,271.50,106.00,92.00
278.50,271.50,106.00,92.00
280.50,272.50,106.00,92.00
280.50,272.50,106.00,92.00
282.50,274.50,106.00,92.00
284.50,275.50,106.00,92.00
284.50,275.50,106.00,92.00
289.50,278.50,106.00,92.00
289.50,278.50,106.00,92.00
289.50,278.50,106.00,92.00
295.50,283.50,106.00,92.00
295.50,283.50,106.00,92.00
295.50,283.50,106.00,92.00
301.50,287.50,106.00,92.00
301.50,287.50,106.00,92.00
301.50,287.50,106.00,92.00
301.50,287.50,106.00,92.00
309.50,291.50,106.00,92.00
309.50,291.50,106.00,92.00
309.50,291.50,106.00,92.00
317.50,297.50,106.00,92.00
317.50,297.50,106.00,92.00
327.50,304.50,106.00,92.00
327.50,304.50,106.00,92.00
327.50,304.50,106.00,92.00
339.50,312.50,106.00,92.00
340.50,312.50,106.00,92.00
340.50,312.50,106.00,92.00
354.50,322.50,106.00,92.00
354.50,322.50,106.00,92.00
354.50,322.50,106.00,92.00
354.50,322.50,106.00,92.00
364.50,322.50,106.00,92.00
364.50,322.50,106.00,92.00
364.50,322.50,106.00,92.00
375.50,322.50,106.00,92.00
