0.02978700 0
0.01166930 1
0.01074750 1
0.00959950 1
0.00717000 1
0.00857890 1
0.00646290 1
0.00663390 1
0.00737430 1
0.00682300 1
0.00638660 1
0.00729330 1
0.00604080 1
0.00590530 1
0.00614710 1
0.00619790 1
0.00716340 1
0.00676500 1
0.00670830 1
0.00585560 1
0.00587790 1
0.00583950 1
0.00606140 1
0.00579070 1
0.00832690 1
0.00921820 1
0.00789680 1
0.00681290 1
0.00734140 1
0.00853260 1
0.00768160 1
0.00668190 1
0.00669040 1
0.00759160 1
0.00808080 1
0.00650760 1
0.00829670 1
0.00732480 1
0.01237720 1
0.01175590 1
0.00804940 1
0.00881250 1
0.00950160 1
0.00911740 1
0.00764010 1
0.01195080 1
0.00919020 1
0.00801320 1
0.00865380 1
0.00790060 1
0.00950600 1
0.00857370 1
0.00808180 1
0.01919320 1
0.01182250 1
0.00940580 1
0.00965940 1
0.01560300 1
0.00952660 1
0.01060510 1
0.01731180 1
0.00861550 1
0.00817800 1
0.00880830 1
0.00727280 1
0.00827410 1
0.00752730 1
0.00906050 1
0.00659420 1
0.00682270 1
0.00680020 1
0.00659130 1
0.00888150 1
0.00791170 1
0.00696410 1
0.01052750 1
0.00705760 1
0.01091170 1
0.01048190 1
0.01300440 1
0.01322910 1
0.00831540 1
0.01125920 1
0.01066260 1
0.01378740 1
0.01441140 1
0.01210520 1
0.01459470 1
0.01388260 1
0.01527800 1
0.01089730 1
0.01536020 1
0.02800430 1
0.00791130 1
0.01145180 1
0.01500130 1
0.01125720 1
0.01354610 1
0.00635660 1
0.00646070 1
0.00748490 1
0.00643830 1
0.00646050 1
0.00725230 1
0.00614820 1
0.00718370 1
0.00729880 1
0.00675500 1
0.00676430 1
0.00761060 1
0.00656260 1
0.00662300 1
0.00745820 1
0.00656720 1
0.00663550 1
0.00724260 1
0.00657210 1
0.00643000 1
0.01093800 1
0.00928130 1
0.00913040 1
0.00855040 1
0.00944990 1
0.01169530 1
0.00881150 1
0.01011640 1
0.01087700 1
0.01472370 1
0.01488350 1
0.01161700 1
0.00966250 1
0.01001120 1
0.01073010 1
0.01050810 1
0.01304370 1
0.00659590 1
0.00730260 1
0.00762970 1
0.00710360 1
0.00675090 1
0.00790890 1
0.00858530 1
0.00644490 1
0.00793180 1
0.00609880 1
0.00672540 1
0.00723880 1
0.00723070 1
0.00644770 1
0.00712610 1
0.00601690 1
0.00606960 1
0.00717430 1
0.00609730 1
0.00641590 1
0.00716940 1
0.00628100 1
0.00708210 1
0.00733960 1
0.00614090 1
0.00612400 1
0.00691360 1
0.00584240 1
0.00622890 1
0.00709240 1
0.00623680 1
0.00634510 1
0.00770850 1
0.00593220 1
0.00602180 1
0.00581150 1
0.00596460 1
0.00619230 1
0.00601490 1
0.00595360 1
0.00590220 1
0.00588510 1
0.00594070 1
0.00603460 1
0.00615690 1
0.00700910 1
0.00622040 1
0.00599250 1
0.00596450 1
0.00572850 1
0.00633890 1
0.00723710 1
0.00642310 1
0.00631140 1
0.00728110 1
0.00607100 1
0.00640310 1
0.00716120 1
0.00627950 1
0.00730650 1
0.00733770 1
0.00601910 1
0.00644340 1
0.00706950 1
0.00610990 1
0.00673560 1
0.00990120 1
0.00719660 1
0.00752260 1
0.00800050 1
0.00649980 1
0.00755920 1
0.00827310 1
0.00927720 1
0.00923020 1
0.00972560 1
0.00918750 1
0.01008020 1
0.01197460 1
0.01208240 1
0.00936980 1
0.01079630 1
0.01247390 1
0.01249830 1
0.01173780 1
0.01110000 1
0.00949000 1
0.00854140 1
0.00936290 1
0.00880330 1
0.00884110 1
0.01008830 1
0.00990360 1
0.00646530 1
0.00698030 1
0.00670170 1
0.00729320 1
0.00641170 1
0.00687780 1
0.00591900 1
0.00671310 1
0.00596950 1
0.00632590 1
0.00707860 1
0.00662330 1
0.00635600 1
0.00780140 1
0.00589800 1
0.00624270 1
0.00702060 1
0.00644220 1
0.00710980 1
0.00701760 1
0.00583300 1
0.00693380 1
0.00712880 1
0.00602140 1
0.00625480 1
0.00854050 1
0.00602280 1
0.00601530 1
0.00781070 1
0.00654860 1
0.00635160 1
0.00788530 1
0.00657970 1
0.00679880 1
0.00712250 1
0.00644000 1
0.00644790 1
0.00750750 1
0.00642440 1
0.00641460 1
0.00740110 1
0.00685260 1
0.00632500 1
0.00768780 1
0.01011930 1
0.00831390 1
0.00956010 1
0.00925090 1
0.01031730 1
0.00929730 1
0.00947050 1
0.01264520 1
0.00836980 1
0.00805760 1
0.01082170 1
0.00887480 1
0.00906860 1
0.01037660 1
0.00941020 1
0.00842960 1
0.00873370 1
0.00923690 1
0.00787800 1
0.00643790 1
0.00652400 1
0.00772440 1
0.00688560 1
0.00676740 1
0.00948320 1
0.00625800 1
0.00806600 1
0.00742290 1
0.00618850 1
0.00635240 1
0.00762150 1
0.00643380 1
0.00626010 1
0.00719980 1
0.00592990 1
0.00620820 1
0.00697650 1
0.00703960 1
0.00722250 1
0.00746280 1
0.00625360 1
0.00608990 1
0.00718550 1
0.00598010 1
0.00636690 1
0.00707070 1
0.00628300 1
0.00598190 1
0.00707720 1
0.00604330 1
0.00598000 1
0.00567700 1
0.00612160 1
0.00607390 1
0.00619800 1
0.00590790 1
0.00692430 1
0.00913220 1
0.00676140 1
0.00627900 1
0.00793750 1
0.00705230 1
0.00807330 1
0.00630210 1
0.00613980 1
0.00620050 1
0.00658750 1
0.00735540 1
0.00637640 1
0.00746420 1
0.00828970 1
0.00634160 1
0.01032620 1
0.01101030 1
0.01315670 1
0.01095140 1
0.01063830 1
0.00930290 1
0.00966070 1
0.01260160 1
0.00994180 1
0.01016750 1
0.01480880 1
0.00995840 1
0.01098100 1
0.01158730 1
0.00866690 1
0.01232240 1
0.00960040 1
0.00662730 1
0.00760610 1
0.00776520 1
0.00697970 1
0.00708880 1
0.00722750 1
0.00672110 1
0.00615120 1
0.00772340 1
0.00614560 1
0.00624550 1
0.00702230 1
0.00631720 1
0.00603300 1
0.00599930 1
0.00640500 1
0.00633090 1
0.00604560 1
0.00604610 1
0.00611750 1
0.00590800 1
0.00584650 1
0.00587020 1
0.00776100 1
0.00612410 1
0.00582530 1
0.00590790 1
0.00596820 1
0.00602580 1
0.00624240 1
0.00702980 1
0.00637120 1
0.00623240 1
0.00719010 1
0.00591250 1
0.00630100 1
0.00716280 1
0.00623370 1
0.00622970 1
0.00718670 1
0.00599460 1
0.00608860 1
0.00725810 1
0.00645250 1
0.00655170 1
0.00761410 1
0.00609300 1
0.00667120 1
0.00768000 1
0.00653380 1
0.00685390 1
0.00749620 1
0.00711700 1
0.00876200 1
0.00920490 1
0.00975430 1
0.01160600 1
0.01131140 1
0.01317860 1
0.00966980 1
0.01025400 1
0.00978840 1
0.01014250 1
0.01306780 1
0.01005770 1
0.00859760 1
0.00891320 1
0.00928970 1
0.00890350 1
0.00898460 1
0.00840050 1
0.00916560 1
0.00837380 1
0.00643480 1
0.00697880 1
0.00681800 1
0.00800030 1
0.00663150 1
0.00762310 1
0.00594440 1
0.00630150 1
0.00636220 1
0.00736830 1
0.00664710 1
0.00658850 1
0.00769600 1
0.00635750 1
0.00643950 1
0.00710090 1
0.00619160 1
0.00728290 1
0.00731780 1
0.00617680 1
0.00638970 1
0.00716720 1
0.00628020 1
0.00614470 1
0.00707970 1
0.00586030 1
0.00797580 1
0.00748520 1
0.00613150 1
0.00713440 1
0.00695830 1
0.00610230 1
0.00641030 1
0.00722460 1
0.00592930 1
0.00637550 1
0.00699850 1
0.00617600 1
0.00612740 1
0.00688820 1
0.00604450 1
0.00625390 1
0.00677070 1
0.00616700 1
0.00578390 1
0.00591630 1
0.00570140 1
0.00676130 1
0.00609830 1
0.00638940 1
0.00586890 1
0.00633450 1
0.00606690 1
0.00620150 1
0.00638880 1
0.00613470 1
0.00595680 1
0.00581300 1
0.00630670 1
0.00600940 1
0.00623950 1
0.00695370 1
0.00598400 1
0.00625970 1
0.00701230 1
0.00618820 1
0.00611910 1
0.00715770 1
0.00589200 1
0.00711250 1
0.00678110 1
0.00629850 1
0.00617920 1
0.00722650 1
0.00589990 1
0.00612450 1
0.00704570 1
0.00607820 1
0.00611450 1
0.00716380 1
0.00591870 1
0.00614990 1
0.00713420 1
0.00603280 1
0.00615140 1
0.00698060 1
0.00608550 1
0.00623840 1
0.00713650 1
0.00590650 1
0.00623690 1
0.00714660 1
0.00607670 1
0.00590040 1
0.00578310 1
0.00605020 1
0.00611360 1
0.00603860 1
0.00600100 1
0.00596170 1
0.00645320 1
0.00627780 1
0.00638870 1
0.00613990 1
0.00641610 1
0.00617290 1
0.00613030 1
0.00575730 1
0.00605560 1
0.00598010 1
0.00622770 1
0.00626210 1
0.00667590 1
0.00752390 1
0.00735420 1
0.00656210 1
0.01266500 1
0.01005220 1
0.01168980 1
0.01090400 1
0.00975150 1
0.01113340 1
0.01157090 1
0.01186850 1
0.00942830 1
0.01312280 1
0.00911940 1
0.01142530 1
0.01305250 1
0.00944380 1
0.00939190 1
0.01084070 1
0.00926370 1
0.00720090 1
0.00920430 1
0.01107540 1
0.00885180 1
0.01247710 1
0.01066560 1
0.01104430 1
0.01166380 1
0.00867970 1
0.01054230 1
0.01034360 1
0.01013780 1
0.01000990 1
0.01133760 1
0.00877570 1
0.00902150 1
0.01089760 1
0.01233670 1
0.01079200 1
0.01540670 1
0.01992210 1
0.01087790 1
0.01262590 1
0.00924610 1
0.01027480 1
0.00927990 1
0.00817240 1
0.00890170 1
0.00709990 1
0.01666570 1
0.01595480 1
0.01361370 1
0.01387130 1
0.01063100 1
0.01455230 1
0.01171630 1
0.01743420 1
0.01666760 1
0.01454850 1
0.01298890 1
0.00892050 1
0.00878600 1
0.00847880 1
0.01899220 1
0.01628690 1
0.01586850 1
0.01332210 1
0.01864320 1
0.01552680 1
0.01490850 1
0.01728960 1
0.01104660 1
0.01806440 1
0.01534740 1
0.00788220 1
0.00833120 1
0.01393170 1
0.00910190 1
0.01134220 1
0.00807450 1
0.00680450 1
0.00687140 1
0.00817790 1
0.00657770 1
0.00634990 1
0.00622440 1
0.00653020 1
0.00650310 1
0.00720570 1
0.00687630 1
0.00835380 1
0.00632520 1
0.00621590 1
0.00661100 1
0.00831770 1
0.00680010 1
0.00606130 1
0.00619180 1
0.00622940 1
0.00693380 1
0.00745310 1
0.00864920 1
0.00928820 1
0.01002650 1
0.01061090 1
0.01165180 1
0.00981750 1
0.01262420 1
0.01076140 1
0.01035360 1
0.01324600 1
0.00903130 1
0.01028770 1
0.01106480 1
0.00987770 1
0.01244170 1
0.01002390 1
0.00874100 1
0.00950460 1
0.01220740 1
0.01358460 1
0.00656700 1
0.00843040 1
0.00645050 1
0.01097480 1
0.00977570 1
0.00880950 1
0.00758150 1
0.00762190 1
0.00638180 1
0.00648520 1
0.00644360 1
0.00592660 1
0.00669380 1
0.00614630 1
0.00723370 1
0.00673310 1
0.00651660 1
0.00713130 1
0.00611660 1
0.00647360 1
0.00715970 1
0.00630140 1
0.00614840 1
0.00849900 1
0.00617770 1
0.00632660 1
0.00752210 1
0.00784010 1
0.00654180 1
0.00697260 1
0.00780050 1
0.00638430 1
0.00624830 1
0.00614840 1
0.00889600 1
0.01009560 1
0.00905170 1
0.01323660 1
0.00874030 1
0.01048290 1
0.02825780 1
0.00835840 1
0.00833200 1
0.02812570 1
0.01206490 1
0.01298100 1
0.01286750 1
0.00682070 1
0.00827510 1
0.00904190 1
0.01124440 1
0.00661380 1
0.00693680 1
0.00775920 1
0.00665670 1
0.00580000 1
0.00584740 1
0.00579420 1
0.00613280 1
0.00624200 1
0.00729280 1
0.00627550 1
0.00597010 1
0.00592820 1
0.00579970 1
0.00597590 1
0.00619660 1
0.00699710 1
0.00585770 1
0.00611900 1
0.00599510 1
0.00591900 1
0.00572870 1
0.00835000 1
0.00703600 1
0.00595190 1
0.00623230 1
0.00711270 1
0.00610990 1
0.00759600 1
0.00618930 1
0.00675250 1
0.00613620 1
0.00606330 1
0.00753080 1
0.00625090 1
0.00604110 1
0.00723420 1
0.00716590 1
0.00614340 1
0.00631990 1
0.00771750 1
0.00603830 1
0.00611250 1
0.00606470 1
0.00698370 1
0.00585010 1
0.00655260 1
0.00708470 1
0.00612190 1
0.00570670 1
0.00663280 1
0.00613820 1
0.00605980 1
0.00733710 1
0.00734440 1
0.00603470 1
0.00602470 1
0.00592430 1
0.00591800 1
0.00597590 1
0.00643380 1
0.00709520 1
0.00639830 1
0.00587090 1
0.00795140 1
0.00603180 1
0.00652480 1
0.00710060 1
0.00718870 1
0.00651270 1
0.00593820 1
0.00600220 1
0.00596230 1
0.00591160 1
0.00626880 1
0.00733800 1
0.00610400 1
0.00617280 1
0.00593320 1
0.00597280 1
0.00595490 1
0.00627850 1
0.00705330 1
0.00617660 1
0.00583740 1
0.00600030 1
0.00587120 1
0.00597880 1
0.00737890 1
0.00724670 1
0.00604840 1
0.00636310 1
0.00716460 1
0.00620230 1
0.00592460 1
0.00634590 1
0.00721880 1
0.00633420 1
0.00642350 1
0.00719520 1
0.00603870 1
0.00599540 1
0.00622470 1
0.00730660 1
0.00613550 1
0.00617330 1
0.00722440 1
0.00617520 1
0.00597360 1
0.00619970 1
0.00741480 1
0.00607700 1
0.00670280 1
0.00728560 1
0.00628980 1
0.00635720 1
0.00718680 1
0.00762800 1
0.00681910 1
0.00678550 1
0.00736460 1
0.00617030 1
0.00596260 1
0.00639230 1
0.00588460 1
0.00595990 1
0.00594640 1
0.00735750 1
0.00614220 1
0.00616080 1
0.00565480 1
0.00568400 1
0.00619540 1
0.00705870 1
0.00720110 1
0.00665250 1
0.00608490 1
0.00786070 1
0.00609760 1
0.00588440 1
0.00614230 1
0.00721180 1
0.00598520 1
0.00574850 1
0.00576860 1
0.00595390 1
0.00647770 1
0.00616910 1
0.00685430 1
0.00593670 1
0.00623700 1
0.00709370 1
0.00583160 1
0.00589820 1
0.00614990 1
0.00716490 1
0.00602590 1
0.00621890 1
0.00756750 1
0.00626820 1
0.00607140 1
0.00616920 1
0.00705580 1
0.00599900 1
0.00640440 1
0.00687300 1
0.00634620 1
0.00585690 1
0.00637940 1
0.00704870 1
0.00633320 1
0.00625840 1
0.00720910 1
0.00606300 1
0.00665300 1
0.00648310 1
0.00734210 1
0.00632270 1
0.00711870 1
0.00706650 1
0.00599590 1
0.00590740 1
0.00596080 1
0.00583460 1
0.00621490 1
0.00700000 1
0.00725090 1
0.00622780 1
0.00586090 1
0.00650710 1
0.00726440 1
0.00623610 1
0.00622460 1
0.00689270 1
0.00595080 1
0.00596570 1
0.00668950 1
0.00592780 1
0.00584820 1
0.00617090 1
0.00751610 1
0.00628280 1
0.00584480 1
0.00584580 1
0.00587700 1
0.00604230 1
0.00599550 1
0.00716240 1
0.00605750 1
0.00586280 1
0.00569500 1
0.00590550 1
0.00578510 1
0.00746160 1
0.00701400 1
0.00604010 1
0.00606310 1
0.00707670 1
0.00604080 1
0.00581600 1
0.00595710 1
0.00762350 1
0.00626770 1
0.00641340 1
0.00735460 1
0.00650870 1
0.00607380 1
0.00672950 1
0.00712230 1
0.00614200 1
0.00630730 1
0.00718460 1
0.00602990 1
0.00596990 1
0.00621130 1
0.00730790 1
0.00652330 1
0.00607220 1
0.00712060 1
0.00666410 1
0.00605680 1
0.00566350 1
0.00578050 1
0.00578180 1
0.00669440 1
0.00707180 1
0.00604320 1
0.00573390 1
0.00588630 1
0.00577260 1
0.00584540 1
0.00607110 1
0.00712620 1
0.00601230 1
0.00617560 1
0.00779260 1
0.00618240 1
0.00596650 1
0.00749500 1
0.00727630 1
0.00609260 1
0.00588250 1
0.00603200 1
0.00602170 1
0.00694460 1
0.00630800 1
0.00738860 1
0.00656180 1
0.00600930 1
0.00620930 1
0.00586420 1
0.00696290 1
0.00645860 1
0.00716940 1
0.00601030 1
0.00624660 1
0.00573770 1
0.00595190 1
0.00577110 1
0.00705680 1
0.00669200 1
0.00602300 1
0.00626720 1
0.00731120 1
0.00591020 1
0.00601720 1
0.00649200 1
0.00729210 1
0.00671600 1
0.00709620 1
0.00723240 1
0.00585090 1
0.00579830 1
0.00621950 1
0.00687290 1
0.00603370 1
0.00600850 1
0.00702350 1
0.00599760 1
0.00594420 1
0.00604460 1
0.00782600 1
0.00652930 1
0.00704260 1
0.00760390 1
0.00612740 1
0.00609080 1
0.00569380 1
0.00588830 1
0.00580750 1
0.00680010 1
0.00697020 1
0.00603110 1
0.00578760 1
0.00613230 1
0.00684360 1
0.00609660 1
0.00612030 1
0.00723300 1
0.00599090 1
0.00596110 1
0.00582600 1
0.00585500 1
0.00567940 1
0.00614350 1
0.00691090 1
0.00612450 1
0.00581860 1
0.00603240 1
0.00580800 1
0.00673660 1
0.00610300 1
0.00773470 1
0.00612340 1
0.00619150 1
0.00582570 1
0.00601560 1
0.00601080 1
0.00757750 1
0.00716590 1
0.00627520 1
0.00629150 1
0.00753190 1
0.00612170 1
0.00598940 1
0.00620960 1
0.00752070 1
0.00612320 1
0.00635190 1
0.00702840 1
0.00617680 1
0.00593030 1
0.00621980 1
0.00712470 1
0.00614450 1
0.00632180 1
0.00713530 1
0.00622810 1
0.00602040 1
0.00626640 1
0.00710780 1
0.00616330 1
0.00702380 1
0.00901890 1
0.00617200 1
0.00604820 1
0.00569690 1
0.00645690 1
0.00593460 1
0.00645180 1
0.00712580 1
0.00616330 1
0.00589730 1
0.00798170 1
0.00607760 1
0.00586510 1
0.00702030 1
0.00703210 1
0.00627800 1
0.00593770 1
0.00579210 1
0.00593320 1
0.00588950 1
0.00624990 1
0.00741560 1
0.00600670 1
0.00628770 1
0.00602100 1
0.00603810 1
0.00598620 1
0.00632440 1
0.00732320 1
0.00633510 1
0.00622450 1
0.00765950 1
0.00610450 1
0.00770040 1
0.00632470 1
0.00733490 1
0.00661110 1
0.00677450 1
0.00754840 1
0.00622610 1
0.00598470 1
0.00631170 1
0.00708740 1
0.00622510 1
0.00659490 1
0.00728660 1
0.00607120 1
0.00595800 1
0.00636960 1
0.00687460 1
0.00660610 1
0.00672840 1
0.00714100 1
0.00610820 1
0.00576340 1
0.00586770 1
0.00591840 1
0.00580190 1
0.00700130 1
0.00729770 1
0.00617210 1
0.00650500 1
0.00572070 1
0.00596690 1
0.00590750 1
0.00599910 1
0.00702960 1
0.00617340 1
0.00601850 1
0.00803500 1
0.00612980 1
0.00598870 1
0.00617000 1
0.00788740 1
0.00619710 1
0.00598640 1
0.00570120 1
0.00592410 1
0.00657490 1
0.00674030 1
0.00704800 1
0.00596620 1
0.00569120 1
0.00591840 1
0.00573580 1
0.00578380 1
0.00596120 1
0.00693410 1
0.00600610 1
0.00590280 1
0.00568610 1
0.00605460 1
0.00581400 1
0.00765070 1
0.00717520 1
0.00611980 1
0.00628830 1
0.00738420 1
0.00611490 1
0.00723800 1
0.00608240 1
0.00731190 1
0.00630080 1
0.00643770 1
0.00728870 1
0.00593960 1
0.00581910 1
0.00618570 1
0.00732110 1
0.00607760 1
0.00619220 1
0.00707770 1
0.00622770 1
0.00595850 1
0.00616800 1
0.00582720 1
0.00597310 1
0.00677970 1
0.00728190 1
0.00629470 1
0.00604200 1
0.00586410 1
0.00609460 1
0.00655740 1
0.00675540 1
0.00721970 1
0.00641510 1
0.00611870 1
