1
323.29,162.22,48.42,68.56
321.29,161.22,48.42,68.56
318.29,160.22,48.42,68.56
314.29,160.22,48.42,68.56
304.29,160.22,48.42,68.56
299.29,159.22,48.42,68.56
296.29,159.22,48.42,68.56
290.29,159.22,48.42,68.56
282.29,158.22,48.42,68.56
277.29,157.22,48.42,68.56
274.29,157.22,48.42,68.56
2
0
0
0
0
1
311.78,158.98,47.28,69.40
306.78,156.98,47.28,69.40
300.78,154.98,47.28,69.40
294.78,152.98,47.28,69.40
288.78,150.98,47.28,69.40
282.78,147.98,47.28,69.40
276.78,145.98,47.28,69.40
2
0
0
0
0
1
320.82,155.90,46.34,70.04
316.82,155.90,46.34,70.04
316.82,154.90,46.34,70.04
314.82,153.90,46.34,70.04
315.82,155.90,46.34,70.04
314.82,155.90,46.34,70.04
312.82,157.90,46.34,70.04
310.82,157.90,46.34,70.04
316.82,161.90,46.34,70.04
310.82,159.90,46.34,70.04
309.82,160.90,46.34,70.04
304.82,160.90,46.34,70.04
301.82,162.90,46.34,70.04
301.82,162.90,46.34,70.04
302.82,161.90,46.34,70.04
301.82,163.90,46.34,70.04
300.82,163.90,46.34,70.04
300.82,164.90,46.34,70.04
299.82,164.90,46.34,70.04
300.82,164.90,46.34,70.04
302.82,163.90,46.34,70.04
302.82,163.90,46.34,70.04
303.82,163.90,46.34,70.04
303.82,164.90,46.34,70.04
306.82,164.90,46.34,70.04
306.82,164.90,46.34,70.04
306.82,164.90,46.34,70.04
305.82,164.90,46.34,70.04
302.82,164.90,46.34,70.04
301.82,163.90,46.34,70.04
300.82,163.90,46.34,70.04
300.82,163.90,46.34,70.04
299.82,163.90,46.34,70.04
298.82,163.90,46.34,70.04
296.82,163.90,46.34,70.04
295.82,163.90,46.34,70.04
293.82,163.90,46.34,70.04
291.82,163.90,46.34,70.04
289.82,163.90,46.34,70.04
288.82,164.90,46.34,70.04
287.82,164.90,46.34,70.04
288.82,164.90,46.34,70.04
289.82,164.90,46.34,70.04
290.82,164.90,46.34,70.04
290.82,164.90,46.34,70.04
291.82,164.90,46.34,70.04
290.82,164.90,46.34,70.04
290.82,164.90,46.34,70.04
288.82,164.90,46.34,70.04
287.82,164.90,46.34,70.04
287.82,164.90,46.34,70.04
287.82,164.90,46.34,70.04
288.82,165.90,46.34,70.04
289.82,165.90,46.34,70.04
289.82,165.90,46.34,70.04
290.82,166.90,46.34,70.04
291.82,166.90,46.34,70.04
291.82,166.90,46.34,70.04
291.82,166.90,46.34,70.04
291.82,166.90,46.34,70.04
291.82,166.90,46.34,70.04
293.82,166.90,46.34,70.04
295.82,166.90,46.34,70.04
297.82,166.90,46.34,70.04
300.82,166.90,46.34,70.04
300.82,166.90,46.34,70.04
303.82,166.90,46.34,70.04
303.82,166.90,46.34,70.04
304.82,166.90,46.34,70.04
304.82,166.90,46.34,70.04
303.82,166.90,46.34,70.04
303.82,165.90,46.34,70.04
303.82,165.90,46.34,70.04
304.82,165.90,46.34,70.04
306.82,165.90,46.34,70.04
306.82,166.90,46.34,70.04
306.82,166.90,46.34,70.04
308.82,166.90,46.34,70.04
310.82,167.90,46.34,70.04
313.82,168.90,46.34,70.04
313.82,168.90,46.34,70.04
315.82,169.90,46.34,70.04
318.82,169.90,46.34,70.04
320.82,169.90,46.34,70.04
323.82,170.90,46.34,70.04
326.82,170.90,46.34,70.04
328.82,171.90,46.34,70.04
328.82,170.90,46.34,70.04
329.82,170.90,46.34,70.04
330.82,170.90,46.34,70.04
331.82,170.90,46.34,70.04
328.82,188.90,46.34,70.04
327.82,189.90,46.34,70.04
327.82,189.90,46.34,70.04
327.82,190.90,46.34,70.04
333.82,192.90,46.34,70.04
334.82,187.90,46.34,70.04
334.82,187.90,46.34,70.04
337.82,188.90,46.34,70.04
337.82,194.90,46.34,70.04
337.82,190.90,46.34,70.04
338.82,190.90,46.34,70.04
338.82,195.90,46.34,70.04
337.82,196.90,46.34,70.04
337.82,196.90,46.34,70.04
342.82,198.90,46.34,70.04
343.82,198.90,46.34,70.04
342.82,213.90,46.34,70.04
2
0
0
0
0
1
420.35,142.80,34.48,88.08
420.35,141.80,34.48,88.08
414.35,140.80,34.48,88.08
411.35,146.80,34.48,88.08
413.35,145.80,34.48,88.08
413.35,143.80,34.48,88.08
414.35,144.80,34.48,88.08
415.35,145.80,34.48,88.08
415.35,145.80,34.48,88.08
414.35,143.80,34.48,88.08
414.35,142.80,34.48,88.08
415.35,141.80,34.48,88.08
413.35,141.80,34.48,88.08
412.35,141.80,34.48,88.08
413.35,142.80,34.48,88.08
414.35,142.80,34.48,88.08
415.35,142.80,34.48,88.08
416.35,143.80,34.48,88.08
417.35,144.80,34.48,88.08
420.35,145.80,34.48,88.08
423.35,145.80,34.48,88.08
427.35,145.80,34.48,88.08
432.35,145.80,34.48,88.08
445.35,145.80,34.48,88.08
448.35,145.80,34.48,88.08
450.35,145.80,34.48,88.08
452.35,144.80,34.48,88.08
456.35,144.80,34.48,88.08
459.35,143.80,34.48,88.08
461.35,143.80,34.48,88.08
463.35,142.80,34.48,88.08
465.35,139.80,34.48,88.08
466.35,137.80,34.48,88.08
467.35,136.80,34.48,88.08
470.35,135.80,34.48,88.08
470.35,135.80,34.48,88.08
469.35,136.80,34.48,88.08
469.35,136.80,34.48,88.08
469.35,137.80,34.48,88.08
471.35,139.80,34.48,88.08
472.35,141.80,34.48,88.08
472.35,143.80,34.48,88.08
471.35,143.80,34.48,88.08
471.35,143.80,34.48,88.08
472.35,143.80,34.48,88.08
472.35,144.80,34.48,88.08
469.35,146.80,34.48,88.08
465.35,146.80,34.48,88.08
464.35,146.80,34.48,88.08
461.35,146.80,34.48,88.08
458.35,146.80,34.48,88.08
457.35,147.80,34.48,88.08
456.35,147.80,34.48,88.08
455.35,146.80,34.48,88.08
456.35,144.80,34.48,88.08
458.35,143.80,34.48,88.08
459.35,143.80,34.48,88.08
460.35,142.80,34.48,88.08
459.35,141.80,34.48,88.08
459.35,140.80,34.48,88.08
459.35,139.80,34.48,88.08
459.35,137.80,34.48,88.08
458.35,136.80,34.48,88.08
458.35,135.80,34.48,88.08
457.35,134.80,34.48,88.08
456.35,134.80,34.48,88.08
455.35,134.80,34.48,88.08
455.35,134.80,34.48,88.08
454.35,134.80,34.48,88.08
455.35,134.80,34.48,88.08
453.35,133.80,34.48,88.08
453.35,132.80,34.48,88.08
454.35,131.80,34.48,88.08
454.35,131.80,34.48,88.08
455.35,131.80,34.48,88.08
455.35,131.80,34.48,88.08
453.35,130.80,34.48,88.08
453.35,130.80,34.48,88.08
453.35,130.80,34.48,88.08
454.35,130.80,34.48,88.08
454.35,130.80,34.48,88.08
454.35,129.80,34.48,88.08
454.35,126.80,34.48,88.08
454.35,126.80,34.48,88.08
455.35,125.80,34.48,88.08
456.35,124.80,34.48,88.08
457.35,124.80,34.48,88.08
458.35,124.80,34.48,88.08
459.35,122.80,34.48,88.08
462.35,121.80,34.48,88.08
466.35,120.80,34.48,88.08
471.35,120.80,34.48,88.08
477.35,119.80,34.48,88.08
482.35,119.80,34.48,88.08
495.35,114.80,34.48,88.08
503.35,112.80,34.48,88.08
506.35,111.80,34.48,88.08
512.35,109.80,34.48,88.08
521.35,109.80,34.48,88.08
526.35,106.80,34.48,88.08
528.35,105.80,34.48,88.08
531.35,103.80,34.48,88.08
535.35,101.80,34.48,88.08
535.35,100.80,34.48,88.08
535.35,101.80,34.48,88.08
534.35,99.80,34.48,88.08
534.35,96.80,34.48,88.08
533.35,95.80,34.48,88.08
531.35,95.80,34.48,88.08
529.35,95.80,34.48,88.08
527.35,97.80,34.48,88.08
524.35,98.80,34.48,88.08
522.35,97.80,34.48,88.08
520.35,96.80,34.48,88.08
518.35,96.80,34.48,88.08
515.35,96.80,34.48,88.08
513.35,97.80,34.48,88.08
509.35,95.80,34.48,88.08
508.35,92.80,34.48,88.08
507.35,92.80,34.48,88.08
505.35,90.80,34.48,88.08
501.35,89.80,34.48,88.08
499.35,89.80,34.48,88.08
498.35,89.80,34.48,88.08
497.35,88.80,34.48,88.08
495.35,83.80,34.48,88.08
492.35,80.80,34.48,88.08
490.35,79.80,34.48,88.08
488.35,78.80,34.48,88.08
486.35,75.80,34.48,88.08
485.35,73.80,34.48,88.08
485.35,70.80,34.48,88.08
485.35,68.80,34.48,88.08
485.35,68.80,34.48,88.08
486.35,68.80,34.48,88.08
486.35,68.80,34.48,88.08
486.35,67.80,34.48,88.08
486.35,66.80,34.48,88.08
487.35,64.80,34.48,88.08
487.35,63.80,34.48,88.08
489.35,64.80,34.48,88.08
490.35,64.80,34.48,88.08
490.35,63.80,34.48,88.08
492.35,62.80,34.48,88.08
492.35,59.80,34.48,88.08
493.35,58.80,34.48,88.08
493.35,58.80,34.48,88.08
493.35,60.80,34.48,88.08
492.35,61.80,34.48,88.08
492.35,61.80,34.48,88.08
490.35,61.80,34.48,88.08
488.35,61.80,34.48,88.08
486.35,62.80,34.48,88.08
485.35,63.80,34.48,88.08
481.35,63.80,34.48,88.08
479.35,62.80,34.48,88.08
473.35,61.80,34.48,88.08
470.35,62.80,34.48,88.08
465.35,62.80,34.48,88.08
461.35,63.80,34.48,88.08
458.35,66.80,34.48,88.08
450.35,68.80,34.48,88.08
450.35,68.80,34.48,88.08
442.35,68.80,34.48,88.08
439.35,69.80,34.48,88.08
437.35,70.80,34.48,88.08
437.35,71.80,34.48,88.08
435.35,71.80,34.48,88.08
433.35,71.80,34.48,88.08
432.35,71.80,34.48,88.08
431.35,70.80,34.48,88.08
431.35,70.80,34.48,88.08
430.35,71.80,34.48,88.08
429.35,72.80,34.48,88.08
429.35,73.80,34.48,88.08
429.35,73.80,34.48,88.08
428.35,72.80,34.48,88.08
428.35,72.80,34.48,88.08
428.35,73.80,34.48,88.08
427.35,74.80,34.48,88.08
426.35,71.80,34.48,88.08
425.35,70.80,34.48,88.08
424.35,69.80,34.48,88.08
423.35,69.80,34.48,88.08
421.35,71.80,34.48,88.08
419.35,71.80,34.48,88.08
414.35,69.80,34.48,88.08
412.35,69.80,34.48,88.08
411.35,69.80,34.48,88.08
408.35,71.80,34.48,88.08
407.35,71.80,34.48,88.08
406.35,70.80,34.48,88.08
405.35,69.80,34.48,88.08
402.35,68.80,34.48,88.08
400.35,69.80,34.48,88.08
397.35,70.80,34.48,88.08
395.35,70.80,34.48,88.08
392.35,69.80,34.48,88.08
390.35,69.80,34.48,88.08
385.35,69.80,34.48,88.08
379.35,70.80,34.48,88.08
376.35,69.80,34.48,88.08
373.35,68.80,34.48,88.08
373.35,68.80,34.48,88.08
373.35,68.80,34.48,88.08
