0.00196590
0.00308550
0.00443750
0.00521260
0.00341420
0.00343060
0.00339450
0.00348840
0.00306960
0.00226960
0.00212820
0.00237430
0.00205500
0.00000000
0.00000000
0.00000000
0.00000000
0.00316990
0.00374490
0.00382060
0.00385560
0.00350710
0.00376360
0.00360660
0.00359050
0.00389350
0.00000000
0.00000000
0.00000000
0.00000000
0.00151630
0.00217540
0.00209930
0.00242640
0.00210900
0.00227380
0.00214410
0.00223890
0.00222560
0.00211130
0.00303780
0.00267200
0.00206440
0.00225250
0.00229070
0.00231410
0.00223470
0.00220200
0.00217580
0.00219970
0.00214770
0.00213900
0.00255640
0.00287930
0.00249330
0.00249500
0.00320970
0.00301050
0.00248700
0.00358110
0.00226240
0.00233510
0.00224330
0.00225770
0.00217690
0.00305030
0.00219030
0.00218990
0.00307860
0.00243520
0.00216330
0.00320110
0.00242840
0.00220810
0.00211110
0.00214600
0.00463500
0.00405010
0.00252720
0.00258360
0.00231100
0.00399710
0.00247670
0.00223180
0.00417580
0.04546520
0.00277250
0.00980660
0.00999740
0.00864550
0.00472290
0.00305700
0.00367760
0.00307230
0.00247270
0.00242450
0.00320960
0.00383970
0.00247920
0.00299460
0.00304210
0.00302550
0.00309800
0.00268940
0.00288010
0.00492240
0.00378560
0.00302940
0.00663730
0.00951070
0.00316580
0.00346840
0.00308090
0.00629130
0.00262140
0.00418240
0.00321480
0.00315240
0.00242820
0.00240150
0.00298090
0.00328790
0.00285490
0.00379040
0.00222540
0.00223060
0.00251280
0.00210570
0.00216400
0.00213160
0.00218190
0.00213000
0.00207770
0.00208590
0.00226800
0.00210010
0.00223160
0.00211710
0.00240500
0.00442850
0.00000000
0.00000000
0.00000000
0.00000000
0.00269810
0.00377620
0.00492330
0.00450640
0.00456480
0.00477320
0.00446300
0.00458260
0.00459500
0.00456760
0.00470590
0.00501470
0.00409280
0.00368000
0.00369740
0.00404350
0.00340850
0.00332410
0.00349760
0.00371230
0.00359740
0.00345130
0.00355460
0.00340570
0.00440830
0.00346520
0.00347630
0.00555540
0.00347150
0.00389370
0.00428260
0.00358580
0.00338800
0.00497090
0.00366630
0.00333830
0.00392370
0.00330060
0.00335240
0.00329030
0.00340960
0.00344010
0.00331500
0.00341570
0.00333000
0.00461450
0.00424040
0.00346840
0.00355000
0.00362590
0.00361370
0.00471600
0.00381300
0.00355750
0.00343750
0.00380230
0.00338350
0.00336530
0.00331400
0.00332710
0.00343540
0.00330680
0.00334450
0.00366930
0.00450520
0.00343890
0.00377490
0.00401830
0.00350860
0.00368570
0.00429820
0.00343910
0.00351210
0.00330370
0.00328840
0.00321570
0.00331910
0.00344740
0.00333350
0.00413830
0.00337770
0.00351750
0.00425700
0.00401440
0.00352960
0.00345460
0.00331200
0.00333670
0.00508770
0.00334930
0.00363910
0.00345400
0.00373640
0.00360980
0.00357530
0.00370590
0.00326360
0.00383430
0.00407080
0.00335640
0.00324990
0.00337590
0.00337750
0.00363070
0.00416630
0.00339370
0.00448370
0.00404480
0.00399960
0.00375000
0.00489180
0.00395680
0.00390920
0.00463140
0.00355410
0.00504930
0.00595290
0.00435200
0.00458490
0.00577840
0.00387130
0.00567540
0.00498260
0.00411430
0.00361230
0.00397670
0.00384540
0.00365750
0.00653650
0.00459150
0.00425190
0.00567600
0.00703130
0.00478740
0.00949340
0.00379590
0.00423390
0.00471570
0.00388200
0.00405490
0.00372020
0.00335020
0.00354010
0.00349000
0.00426980
0.00369760
0.00365320
0.00399940
0.00363590
0.00365150
0.00356020
0.00563360
0.00388090
0.00483150
0.00393660
0.00337570
0.00339090
0.00348700
0.00334900
0.00360950
0.00368800
0.00425260
0.00346620
0.00337750
0.00352580
0.00332020
0.00349880
0.00346990
0.00335040
0.00333330
0.00359350
0.00482540
0.00396360
0.00394130
0.00485530
0.00340040
0.00370300
0.00437390
0.00341780
0.00335690
0.00326920
0.00350120
0.00363210
0.00410050
0.00345880
0.00343380
0.00401480
0.00349310
0.00326620
0.00409290
0.00374250
0.00372770
0.00417040
0.00354420
0.00354150
0.00462760
0.00346170
0.00326370
0.00358770
0.00342020
0.00399610
0.00339510
0.00335020
0.00376260
0.00342450
0.00344960
