0.00196590 0
0.00308550 1
0.00443750 1
0.00521260 1
0.00341420 1
0.00343060 1
0.00339450 1
0.00348840 1
0.00306960 1
0.00226960 1
0.00212820 1
0.00237430 1
0.00205500 1
-
-
-
-
0.00316990 0
0.00374490 1
0.00382060 1
0.00385560 1
0.00350710 1
0.00376360 1
0.00360660 1
0.00359050 1
0.00389350 1
-
-
-
-
0.00151630 0
0.00217540 1
0.00209930 1
0.00242640 1
0.00210900 1
0.00227380 1
0.00214410 1
0.00223890 1
0.00222560 1
0.00211130 1
0.00303780 1
0.00267200 1
0.00206440 1
0.00225250 1
0.00229070 1
0.00231410 1
0.00223470 1
0.00220200 1
0.00217580 1
0.00219970 1
0.00214770 1
0.00213900 1
0.00255640 1
0.00287930 1
0.00249330 1
0.00249500 1
0.00320970 1
0.00301050 1
0.00248700 1
0.00358110 1
0.00226240 1
0.00233510 1
0.00224330 1
0.00225770 1
0.00217690 1
0.00305030 1
0.00219030 1
0.00218990 1
0.00307860 1
0.00243520 1
0.00216330 1
0.00320110 1
0.00242840 1
0.00220810 1
0.00211110 1
0.00214600 1
0.00463500 1
0.00405010 1
0.00252720 1
0.00258360 1
0.00231100 1
0.00399710 1
0.00247670 1
0.00223180 1
0.00417580 1
0.04546520 1
0.00277250 1
0.00980660 1
0.00999740 1
0.00864550 1
0.00472290 1
0.00305700 1
0.00367760 1
0.00307230 1
0.00247270 1
0.00242450 1
0.00320960 1
0.00383970 1
0.00247920 1
0.00299460 1
0.00304210 1
0.00302550 1
0.00309800 1
0.00268940 1
0.00288010 1
0.00492240 1
0.00378560 1
0.00302940 1
0.00663730 1
0.00951070 1
0.00316580 1
0.00346840 1
0.00308090 1
0.00629130 1
0.00262140 1
0.00418240 1
0.00321480 1
0.00315240 1
0.00242820 1
0.00240150 1
0.00298090 1
0.00328790 1
0.00285490 1
0.00379040 1
0.00222540 1
0.00223060 1
0.00251280 1
0.00210570 1
0.00216400 1
0.00213160 1
0.00218190 1
0.00213000 1
0.00207770 1
0.00208590 1
0.00226800 1
0.00210010 1
0.00223160 1
0.00211710 1
0.00240500 1
0.00442850 1
-
-
-
-
0.00269810 0
0.00377620 1
0.00492330 1
0.00450640 1
0.00456480 1
0.00477320 1
0.00446300 1
0.00458260 1
0.00459500 1
0.00456760 1
0.00470590 1
0.00501470 1
0.00409280 1
0.00368000 1
0.00369740 1
0.00404350 1
0.00340850 1
0.00332410 1
0.00349760 1
0.00371230 1
0.00359740 1
0.00345130 1
0.00355460 1
0.00340570 1
0.00440830 1
0.00346520 1
0.00347630 1
0.00555540 1
0.00347150 1
0.00389370 1
0.00428260 1
0.00358580 1
0.00338800 1
0.00497090 1
0.00366630 1
0.00333830 1
0.00392370 1
0.00330060 1
0.00335240 1
0.00329030 1
0.00340960 1
0.00344010 1
0.00331500 1
0.00341570 1
0.00333000 1
0.00461450 1
0.00424040 1
0.00346840 1
0.00355000 1
0.00362590 1
0.00361370 1
0.00471600 1
0.00381300 1
0.00355750 1
0.00343750 1
0.00380230 1
0.00338350 1
0.00336530 1
0.00331400 1
0.00332710 1
0.00343540 1
0.00330680 1
0.00334450 1
0.00366930 1
0.00450520 1
0.00343890 1
0.00377490 1
0.00401830 1
0.00350860 1
0.00368570 1
0.00429820 1
0.00343910 1
0.00351210 1
0.00330370 1
0.00328840 1
0.00321570 1
0.00331910 1
0.00344740 1
0.00333350 1
0.00413830 1
0.00337770 1
0.00351750 1
0.00425700 1
0.00401440 1
0.00352960 1
0.00345460 1
0.00331200 1
0.00333670 1
0.00508770 1
0.00334930 1
0.00363910 1
0.00345400 1
0.00373640 1
0.00360980 1
0.00357530 1
0.00370590 1
0.00326360 1
0.00383430 1
0.00407080 1
0.00335640 1
0.00324990 1
0.00337590 1
0.00337750 1
0.00363070 1
0.00416630 1
0.00339370 1
0.00448370 1
0.00404480 1
0.00399960 1
0.00375000 1
0.00489180 1
0.00395680 1
0.00390920 1
0.00463140 1
0.00355410 1
0.00504930 1
0.00595290 1
0.00435200 1
0.00458490 1
0.00577840 1
0.00387130 1
0.00567540 1
0.00498260 1
0.00411430 1
0.00361230 1
0.00397670 1
0.00384540 1
0.00365750 1
0.00653650 1
0.00459150 1
0.00425190 1
0.00567600 1
0.00703130 1
0.00478740 1
0.00949340 1
0.00379590 1
0.00423390 1
0.00471570 1
0.00388200 1
0.00405490 1
0.00372020 1
0.00335020 1
0.00354010 1
0.00349000 1
0.00426980 1
0.00369760 1
0.00365320 1
0.00399940 1
0.00363590 1
0.00365150 1
0.00356020 1
0.00563360 1
0.00388090 1
0.00483150 1
0.00393660 1
0.00337570 1
0.00339090 1
0.00348700 1
0.00334900 1
0.00360950 1
0.00368800 1
0.00425260 1
0.00346620 1
0.00337750 1
0.00352580 1
0.00332020 1
0.00349880 1
0.00346990 1
0.00335040 1
0.00333330 1
0.00359350 1
0.00482540 1
0.00396360 1
0.00394130 1
0.00485530 1
0.00340040 1
0.00370300 1
0.00437390 1
0.00341780 1
0.00335690 1
0.00326920 1
0.00350120 1
0.00363210 1
0.00410050 1
0.00345880 1
0.00343380 1
0.00401480 1
0.00349310 1
0.00326620 1
0.00409290 1
0.00374250 1
0.00372770 1
0.00417040 1
0.00354420 1
0.00354150 1
0.00462760 1
0.00346170 1
0.00326370 1
0.00358770 1
0.00342020 1
0.00399610 1
0.00339510 1
0.00335020 1
0.00376260 1
0.00342450 1
0.00344960 1
