0.00003470
0.00085680
0.00094160
0.00070310
0.00067330
0.00057770
0.00057200
0.00061370
0.00164620
0.00088300
0.00066540
0.00061170
0.00061220
0.00186500
0.00065600
0.00072230
0.00065130
0.00067830
0.00094380
0.00068280
0.00063110
0.00062030
0.00108420
0.00065270
0.00057770
0.00055350
0.00072910
0.00056910
0.00056580
0.00000000
0.00000000
0.00000000
0.00000000
0.00016510
0.00107020
0.00075630
0.00065750
0.00063710
0.00060320
0.00057670
0.00070790
0.00063010
0.00000000
0.00000000
0.00000000
0.00000000
0.00001520
0.00043610
0.00039230
0.00038670
0.00038180
0.00042290
0.00038890
0.00040540
0.00000000
0.00000000
0.00000000
0.00000000
0.00001630
0.00115720
0.00088300
0.00085860
0.00084250
0.00083530
0.00069030
0.00123100
0.00000000
0.00000000
0.00000000
0.00000000
0.00002400
0.00120070
0.00130620
0.00120130
0.00108080
0.00108590
0.00110850
0.00104120
0.00102630
0.00104570
0.00101140
0.00103410
0.00100700
0.00109610
0.00103000
0.00101340
0.00104510
0.00107200
0.00121320
0.00115610
0.00119890
0.00104700
0.00109710
0.00111550
0.00110890
0.00000000
0.00000000
0.00000000
0.00000000
0.00024110
0.00231650
0.00185910
0.00106870
0.00110980
0.00121090
0.00191730
0.00105780
0.00102700
0.00110190
0.00154800
0.00108860
0.00000000
0.00000000
0.00000000
0.00000000
0.00019480
0.00095910
0.00061180
0.00089750
0.00064920
0.00057590
0.00060580
0.00063120
0.00062210
0.00089480
0.00068700
0.00066150
0.00000000
0.00000000
0.00000000
0.00000000
0.00001700
0.00110410
0.00096870
0.00103570
0.00092230
0.00089440
0.00089820
0.00089540
0.00094000
0.00102300
0.00092020
0.00000000
0.00000000
0.00000000
0.00000000
0.00020450
0.00149450
0.00133100
0.00119540
0.00114480
0.00106710
0.00111750
0.00130820
0.00111470
0.00107680
0.00109440
0.00108520
0.00130780
0.00110790
0.00107310
0.00118430
0.00109500
0.00106350
0.00114630
0.00110810
0.00119910
0.00112520
0.00130130
0.00000000
0.00000000
0.00000000
0.00000000
0.00021060
0.00098360
0.00079230
0.00064930
0.00072040
0.00087430
0.00068000
0.00064410
0.00062580
0.00053080
0.00056040
0.00126910
0.00057890
0.00056250
0.00065600
0.00056940
0.00053330
0.00058260
0.00060050
0.00067230
0.00066840
0.00058710
0.00000000
0.00000000
0.00000000
0.00000000
0.00019110
0.00057100
0.00040410
0.00039590
0.00039830
0.00039770
0.00039490
0.00054520
0.00067440
0.00048680
0.00050600
0.00044900
0.00060020
0.00046560
0.00000000
0.00000000
0.00000000
0.00000000
0.00002320
0.00079250
0.00072380
0.00065290
0.00064610
0.00108710
0.00061900
0.00059170
0.00065180
0.00059420
0.00070760
0.00067510
0.00060770
0.00059960
0.00062460
0.00062410
0.00060770
0.00062850
0.00063760
0.00067950
0.00059810
0.00063950
0.00060590
0.00082680
0.00070120
0.00079250
0.00074770
0.00077330
0.00079650
0.00066760
0.00063750
0.00061410
0.00067370
0.00100940
0.00065750
0.00060490
0.00000000
0.00000000
0.00000000
0.00000000
0.00001540
0.00066200
0.00062010
0.00079950
0.00070660
0.00073060
0.00080170
0.00068890
0.00080940
0.00066200
