1
150.00,69.00,48.00,54.00
150.00,69.00,48.00,54.00
150.00,69.00,48.00,54.00
149.00,69.00,48.00,54.00
149.00,69.00,48.00,54.00
149.00,69.00,48.00,54.00
149.00,69.00,48.00,54.00
150.00,69.00,48.00,54.00
150.00,69.00,48.00,54.00
150.00,69.00,48.00,54.00
154.00,62.00,48.00,54.00
157.00,59.00,48.00,54.00
159.00,57.00,48.00,54.00
161.00,55.00,48.00,54.00
164.00,53.00,48.00,54.00
166.00,52.00,48.00,54.00
169.00,55.00,48.00,54.00
171.00,57.00,48.00,54.00
165.00,62.00,48.00,54.00
161.00,64.00,48.00,54.00
160.00,66.00,48.00,54.00
171.00,66.00,48.00,54.00
160.00,66.00,48.00,54.00
167.00,68.00,48.00,54.00
167.00,68.00,48.00,54.00
167.00,69.00,48.00,54.00
176.00,71.00,48.00,54.00
2
0
0
0
0
1
223.00,93.00,57.18,50.44
223.00,93.00,57.18,50.44
223.00,93.00,57.18,50.44
248.00,102.00,57.18,50.44
243.00,102.00,57.18,50.44
232.00,99.00,57.18,50.44
223.00,93.00,57.18,50.44
2
0
0
0
0
1
123.00,47.00,41.00,42.00
114.00,43.00,41.00,42.00
105.00,40.00,41.00,42.00
97.00,38.00,41.00,42.00
96.00,36.00,41.00,42.00
117.00,57.00,41.00,42.00
2
0
0
0
0
1
42.00,37.00,60.18,69.59
41.00,40.00,60.18,69.59
44.00,45.00,60.18,69.59
49.00,47.00,60.18,69.59
39.00,23.00,60.18,69.59
48.00,30.00,60.18,69.59
2
0
0
0
0
1
176.00,67.00,39.00,73.00
182.00,67.00,39.00,73.00
187.00,68.00,39.00,73.00
182.00,66.00,39.00,73.00
222.00,57.00,39.00,73.00
223.00,57.00,39.00,73.00
195.00,67.00,39.00,73.00
195.00,67.00,39.00,73.00
222.00,58.00,39.00,73.00
221.00,58.00,39.00,73.00
221.00,57.00,39.00,73.00
222.00,57.00,39.00,73.00
222.00,57.00,39.00,73.00
188.00,67.00,39.00,73.00
185.00,68.00,39.00,73.00
181.00,68.00,39.00,73.00
176.00,68.00,39.00,73.00
172.00,69.00,39.00,73.00
168.00,68.00,39.00,73.00
164.00,68.00,39.00,73.00
160.00,68.00,39.00,73.00
157.00,67.00,39.00,73.00
152.00,67.00,39.00,73.00
2
0
0
0
0
1
147.00,52.00,68.86,77.23
142.00,51.00,68.86,77.23
141.00,51.00,68.86,77.23
141.00,51.00,68.86,77.23
147.00,52.00,68.86,77.23
147.00,52.00,68.86,77.23
147.00,52.00,68.86,77.23
147.00,52.00,68.86,77.23
147.00,52.00,68.86,77.23
147.00,52.00,68.86,77.23
2
0
0
0
0
1
220.00,114.00,56.46,51.17
220.00,114.00,56.46,51.17
220.00,114.00,56.46,51.17
220.00,114.00,56.46,51.17
197.00,95.00,56.46,51.17
195.00,91.00,56.46,51.17
220.00,114.00,56.46,51.17
220.00,114.00,56.46,51.17
220.00,114.00,56.46,51.17
220.00,114.00,56.46,51.17
2
0
0
0
0
1
109.00,46.00,61.22,69.24
98.00,47.00,61.22,69.24
91.00,42.00,61.22,69.24
126.00,46.00,61.22,69.24
131.00,46.00,61.22,69.24
92.00,42.00,61.22,69.24
92.00,47.00,61.22,69.24
92.00,47.00,61.22,69.24
93.00,47.00,61.22,69.24
2
0
0
0
0
1
195.00,100.00,63.00,66.60
197.00,101.00,63.00,66.60
198.00,101.00,63.00,66.60
198.00,101.00,63.00,66.60
199.00,102.00,63.00,66.60
199.00,102.00,63.00,66.60
198.00,102.00,63.00,66.60
198.00,102.00,63.00,66.60
198.00,102.00,63.00,66.60
198.00,101.00,63.00,66.60
198.00,102.00,63.00,66.60
198.00,102.00,63.00,66.60
197.00,102.00,63.00,66.60
196.00,101.00,63.00,66.60
194.00,100.00,63.00,66.60
194.00,100.00,63.00,66.60
194.00,100.00,63.00,66.60
194.00,100.00,63.00,66.60
193.00,100.00,63.00,66.60
193.00,100.00,63.00,66.60
193.00,100.00,63.00,66.60
2
0
0
0
0
1
205.00,44.00,51.47,52.04
214.00,42.00,51.47,52.04
217.00,43.00,51.47,52.04
217.00,47.00,51.47,52.04
218.00,49.00,51.47,52.04
195.00,41.00,51.47,52.04
195.00,41.00,51.47,52.04
218.00,49.00,51.47,52.04
218.00,48.00,51.47,52.04
216.00,46.00,51.47,52.04
215.00,43.00,51.47,52.04
218.00,42.00,51.47,52.04
213.00,42.00,51.47,52.04
206.00,46.00,51.47,52.04
199.00,45.00,51.47,52.04
194.00,41.00,51.47,52.04
184.00,40.00,51.47,52.04
173.00,41.00,51.47,52.04
195.00,41.00,51.47,52.04
195.00,41.00,51.47,52.04
2
0
0
0
0
1
84.00,40.00,39.62,43.30
76.00,40.00,39.62,43.30
70.00,41.00,39.62,43.30
66.00,42.00,39.62,43.30
63.00,45.00,39.62,43.30
61.00,49.00,39.62,43.30
61.00,57.00,39.62,43.30
63.00,65.00,39.62,43.30
68.00,73.00,39.62,43.30
71.00,82.00,39.62,43.30
77.00,92.00,39.62,43.30
58.00,72.00,39.62,43.30
2
0
0
0
0
1
95.00,127.00,43.00,55.00
95.00,127.00,43.00,55.00
96.00,127.00,43.00,55.00
99.00,127.00,43.00,55.00
104.00,127.00,43.00,55.00
108.00,126.00,43.00,55.00
112.00,126.00,43.00,55.00
114.00,126.00,43.00,55.00
115.00,127.00,43.00,55.00
117.00,126.00,43.00,55.00
117.00,124.00,43.00,55.00
118.00,122.00,43.00,55.00
120.00,118.00,43.00,55.00
121.00,117.00,43.00,55.00
121.00,117.00,43.00,55.00
134.00,96.00,43.00,55.00
134.00,96.00,43.00,55.00
117.00,76.00,43.00,55.00
136.00,97.00,43.00,55.00
135.00,98.00,43.00,55.00
137.00,98.00,43.00,55.00
140.00,96.00,43.00,55.00
144.00,95.00,43.00,55.00
148.00,93.00,43.00,55.00
152.00,92.00,43.00,55.00
156.00,92.00,43.00,55.00
159.00,92.00,43.00,55.00
160.00,91.00,43.00,55.00
139.00,67.00,43.00,55.00
140.00,95.00,43.00,55.00
137.00,99.00,43.00,55.00
134.00,127.00,43.00,55.00
127.00,130.00,43.00,55.00
122.00,128.00,43.00,55.00
2
0
0
0
0
1
94.00,67.00,51.00,58.00
96.00,67.00,51.00,58.00
98.00,67.00,51.00,58.00
100.00,67.00,51.00,58.00
102.00,67.00,51.00,58.00
103.00,67.00,51.00,58.00
104.00,67.00,51.00,58.00
106.00,67.00,51.00,58.00
107.00,67.00,51.00,58.00
