0.01051550
0.01150260
0.01217210
0.01097690
0.00835220
0.00785560
0.00638360
0.00633690
0.00604460
0.00645920
0.00578160
0.00678260
0.00717340
0.00651670
0.00756810
0.00814400
0.00638600
0.00649760
0.00756530
0.00630260
0.00658380
0.00702900
0.00630620
0.00663570
0.00746070
0.00638400
0.00620250
0.00643490
0.00639980
0.00641900
0.00995390
0.00671350
0.00683340
0.00678290
0.00774260
0.00705480
0.00643950
0.00706620
0.00622140
0.00720910
0.00771920
0.00692960
0.00661550
0.00804560
0.00715360
0.00716470
0.00743740
0.00714050
0.00630540
0.00703980
0.00613020
0.00698260
0.00623260
0.00757940
0.00625860
0.00699510
0.00611930
0.00710730
0.00631400
0.00763450
0.00633110
0.00705390
0.00744680
0.00694210
0.00628940
0.00755920
0.00622780
0.00722860
0.00765640
0.00724610
0.00613210
0.00699190
0.00602150
0.00702970
0.00626900
0.00710590
0.00625570
0.00737600
0.00755810
0.00693600
0.00719750
0.00793100
0.00682060
0.00738110
0.01065940
0.00809680
0.00656540
0.01020310
0.00682960
0.00788420
0.00752020
0.00744660
0.00660410
0.00970610
0.00705060
0.00756190
0.00870940
0.00782640
0.00784590
0.00788860
0.00783060
0.02598680
0.00784940
0.01952890
0.00611740
0.00767480
0.00676160
0.00738250
0.00598180
0.00698880
0.00575600
0.00745450
0.00723240
0.00689830
0.00633790
0.00735480
0.00604960
0.00677140
0.00609000
0.00666920
0.00610750
0.00645780
0.00603360
0.00644290
0.00650260
0.00634440
0.00656780
0.00689710
0.00748120
0.00751060
0.00637080
0.00759040
0.00591460
0.00711440
0.00735310
0.00722840
0.00702110
0.00817030
0.00621290
0.00730240
0.00811650
0.00713120
0.00620000
0.00673060
0.00626920
0.00714700
0.00618590
0.00688120
0.00603810
0.00687620
0.00612870
0.00708610
0.00656770
0.00791480
0.00622040
0.00729970
0.00739800
0.00706240
0.00842360
0.00739810
0.00688400
0.00681380
0.00810200
0.00654300
0.00626230
0.00637700
0.00631660
0.00622150
0.00606320
0.00613150
0.00589380
0.00622060
0.00731070
0.00634580
0.00617050
0.00705670
0.00593250
0.00762570
0.00735390
0.00646370
0.00601120
0.00725600
0.00636600
0.00674300
0.00734350
0.00642030
0.00619470
0.00797780
0.00629910
0.00644080
0.00597430
0.00634850
0.00584850
0.00635780
0.00586240
0.00650050
0.00583160
0.00790840
0.00621500
0.00685780
0.00785800
0.00739320
0.00626470
0.00715180
0.00596320
0.00669900
0.00736370
0.00670150
0.00650060
0.00730670
0.00618060
0.00700710
0.00644970
0.00833240
0.00927560
0.00793370
0.00695000
0.00863030
0.00867830
0.00800530
0.00639690
0.00777070
0.00790670
0.00711090
0.00940280
0.01242810
0.00767550
0.00864790
0.00870270
0.00925460
0.00882830
0.01252060
0.00890770
0.00911160
0.00851470
0.00813090
0.00873160
0.00788170
0.00765790
0.01247030
0.01100930
0.00905430
0.00960860
0.01113410
0.01226780
0.01118410
0.00959580
0.01388840
0.00716720
0.00833630
0.00854230
0.00902350
0.00761930
0.01032830
0.00628000
0.00712910
0.00775680
0.00711190
0.00681690
0.00668930
0.00625800
0.00660870
0.00806200
0.00759720
0.00616480
0.00675330
0.00722360
0.00715410
0.00622190
0.00745060
0.00602420
0.00797050
0.00723490
0.00703360
0.00700190
0.00766740
0.00612440
0.00720050
0.00714170
0.00654840
0.00587070
0.00778520
0.00593290
0.00645970
0.00589810
0.00666950
0.00560200
0.00750220
0.00584510
0.00643870
0.00662420
0.01034030
0.00613190
0.00763610
0.00685780
0.00628150
0.00589470
0.00726310
0.00599210
0.00657320
0.00727880
0.00618430
0.00621750
0.00697740
0.00833600
0.00675610
0.00655470
0.00646380
0.00631570
0.00646600
0.00611690
0.00661830
0.00699730
0.00657780
0.00584170
0.00742780
0.00719080
0.00656460
0.00643910
0.00844150
0.00657840
0.00660850
0.00745380
0.00644170
0.00624730
0.00731410
0.00678790
0.00627460
0.00627040
0.00631330
0.00639360
0.00639520
0.00687500
0.00610370
0.00571830
0.00721730
0.00617900
0.00654430
0.00784010
0.00629610
0.00617230
0.00732820
0.00649340
0.00689900
0.00713430
0.00649770
0.00644680
0.00729980
0.00625540
0.00659140
0.00732160
0.00709900
0.00626700
0.00642160
0.00629200
0.00607880
0.00557080
0.00621930
0.00568400
0.00663190
0.00585950
0.00658140
0.00773930
0.00711460
0.00767360
0.00681190
0.00783700
0.00657710
0.00740250
0.00690210
0.00627110
0.00674630
0.00730220
0.00649080
0.00599090
0.00623510
0.00567620
0.00628370
0.00559040
0.00664280
0.00586000
0.00660940
0.00559480
0.00663760
0.00585540
0.00806230
0.00601580
0.00684730
0.00710330
0.00666290
0.00609190
0.00755280
0.00597670
0.00748710
0.00740280
0.00648590
0.00622700
0.00971760
0.00623960
0.00654070
0.00597420
0.00712100
0.00582420
0.00670360
0.00571740
0.00687160
0.00572710
0.00653790
0.00584310
0.00698040
0.00717470
0.00699960
0.00583550
0.00807590
0.00593070
0.00741720
0.00710210
0.00665990
0.00591250
0.00758820
0.00568290
0.00667370
0.00576480
0.00663200
0.00559280
0.00854320
0.00599150
0.00695310
0.00588380
0.00681370
0.00590760
0.00704500
0.00716090
0.00666000
0.00738730
0.00723400
0.00656160
0.00674890
0.00705990
0.00689260
0.00625210
0.00737310
0.00599740
0.00692670
0.00730360
0.00685170
0.00592720
0.00657770
0.00567450
0.00650610
0.00570260
0.00731900
0.00599780
0.00687680
0.00689460
0.00656060
0.00605690
0.00750600
0.00578710
0.00647610
0.00696670
0.00627130
0.00622010
0.00680660
0.00596160
0.00662810
0.00771640
0.00697900
0.00632110
0.00644000
0.00590860
0.00637770
0.00605670
0.00637080
0.00608030
0.00619430
0.00627010
0.00643560
0.00638320
0.00716040
0.00632730
0.00743800
0.00735180
0.00657890
0.00636680
0.00780780
0.00661960
0.00707650
0.00740240
0.00638850
0.00628060
0.00741460
0.00605910
0.00639020
0.00592190
0.00618480
0.00597800
0.00741660
0.00696200
0.00628150
0.00611590
0.00748930
0.00628270
0.00641270
0.00714540
0.00629850
0.00624060
0.00703580
0.00606560
0.00651190
0.00705960
0.00621720
0.00631190
0.00786110
0.00629580
0.00674130
0.00622920
0.00662950
0.00626780
0.00768920
0.00631430
0.00652050
0.00599710
0.00639090
0.00610650
0.00679350
0.00734540
0.00647380
0.00770680
0.00708970
0.00691640
0.00671840
0.00737080
0.00608500
0.00700750
0.00702270
0.00645810
0.00689120
0.00744280
0.00653360
0.00606950
0.00627810
0.00616310
0.00643560
0.00796790
0.00776480
0.00646890
0.00657880
0.00794610
0.00641420
0.00665000
0.00721550
0.00704030
0.00685210
0.00728390
0.00664580
0.00667190
0.00762970
0.00592100
0.00702500
0.00697210
0.00682730
0.00584140
0.00655640
0.00600510
0.00643090
0.00574070
0.00633070
0.00598110
0.00654160
0.00582150
0.00731180
0.00727300
0.00789690
0.00620140
0.00650040
0.00710440
0.00641640
0.00606230
0.00702200
0.00621490
0.00791920
0.00734800
0.00665450
0.00592620
0.00656190
0.00591990
0.00639630
0.00587960
0.00628110
0.00601540
0.00658850
0.00840910
0.00775710
0.00623120
0.00840630
0.00608260
0.00685820
0.00699870
0.00648430
0.00615950
0.00722080
0.00613830
0.00683750
0.00764040
0.00838500
0.00605320
0.00845540
0.00614710
0.00672770
0.00606680
0.00659080
0.00584040
0.00680520
0.00592330
0.00653200
0.00568960
0.00692070
0.00573440
0.00726140
0.00674460
0.00636870
0.00607250
0.00744730
0.00590670
0.00784350
0.00712390
0.00670780
0.00607470
0.00750880
0.00616440
0.00669520
0.00599490
0.00693980
0.00616110
0.00677330
0.00605200
0.00642870
0.00585930
0.00621370
0.00625150
0.00667620
0.00768950
0.00641580
0.00633440
0.00692260
0.00602630
0.00642060
0.00741490
0.00612340
0.00684160
0.00742150
0.00623770
0.00675770
0.00760170
0.00646810
0.00578220
0.00680320
0.00633010
0.00636940
0.00630220
0.00647760
0.00607930
0.00651730
0.00604400
0.00700480
0.00813700
0.00716970
0.00663260
0.00658430
0.00753720
0.00638900
0.00640850
0.00681630
0.00632770
0.00674770
0.00820040
0.00694420
0.00606120
0.00611270
0.00622060
0.00645570
0.00646510
0.00722630
0.00600620
0.00651750
0.00699990
0.00615370
0.00582360
0.00791110
0.00755740
0.00640010
0.00748550
0.00688010
0.00604610
0.00666520
0.00738870
0.00622340
0.00637220
0.00649670
0.00631160
0.00611040
0.00728030
0.00683360
0.00621380
0.00635610
0.00619990
0.00637770
0.00640360
0.00640460
0.00846820
0.00666250
0.00664390
0.00760530
0.00622570
0.00643630
0.00617910
0.00673800
0.00589670
0.00663730
0.00739780
0.00713510
0.00640270
0.00634760
0.00558200
0.00653810
0.00633710
0.00858050
0.00689240
0.00642980
0.00826730
0.00645590
0.00638410
0.00672460
0.00738860
0.00644690
0.00631990
0.00636920
0.00594360
0.00624240
0.00651310
0.00693510
0.00613620
0.00634640
0.00790110
0.00730790
0.00616520
0.00651990
0.00595240
0.00646010
0.00583020
0.00661370
0.00675500
0.00637000
0.00586070
0.00655050
0.00569010
0.00657810
0.00694720
0.00746750
0.00602410
0.00678820
0.00583040
0.00661400
0.00585750
0.00676440
0.00699720
0.00670110
0.00557490
0.00681140
0.00689580
0.00662540
0.00588600
0.00802690
0.00591630
0.00662650
0.00740280
0.00735680
0.00609730
0.00650740
0.00591300
0.00674530
0.00586730
0.00667200
0.00730160
0.00655030
0.00643770
0.00624500
0.00744810
0.00719800
0.00634270
0.00778380
0.00598200
0.00664450
0.00615950
0.00757860
0.00603060
0.00705780
0.00774160
0.00647420
0.00596570
0.00790480
0.00699660
0.00674280
0.00577600
0.00662760
0.00620850
0.00662780
0.00611520
0.00735330
0.00606350
0.00667570
0.00597000
0.00754200
0.00689650
0.00749640
0.00713810
0.00749050
0.00581210
0.00702130
0.00734950
0.00719670
0.00611750
0.00770060
0.00581710
0.00669760
0.00710900
0.00741250
0.00572060
0.00627240
0.00577480
0.00654000
0.00588240
0.00648920
0.00718280
0.00681150
0.00620430
0.00781030
0.00609280
0.00652350
0.00622750
0.00740280
0.00615350
0.00635080
0.00622210
0.00721490
0.00599580
0.00671330
0.00902260
0.00755530
0.00598490
0.00716390
0.00716060
0.00683040
0.00569910
0.00663020
0.00592070
0.00651970
0.00588160
0.00730240
0.00592710
0.00630560
0.00747770
0.00640770
0.00572930
0.00712150
0.00735060
0.00631450
0.00575760
0.00658530
0.00721390
0.00640180
0.00612510
0.00766020
0.00611040
0.00629230
0.00628840
0.00713260
0.00616180
0.00643640
0.00580270
0.00621580
0.00598650
0.00653370
0.00740980
0.00644600
0.00639780
0.00649660
0.00612410
0.00608700
0.00632900
0.00729580
0.00605000
0.00635330
0.00615830
0.00631620
0.00586970
0.00657060
0.00718560
0.00652400
0.00559500
0.00659770
0.00689720
0.00625660
0.00562600
0.00648410
0.00570600
0.00659530
0.00581820
0.00790050
0.00655870
0.00724530
0.00576730
0.00709230
0.00577390
0.00748280
0.00689540
0.00668890
0.00568920
0.00689520
0.00629650
0.00650160
0.00609440
0.00785970
0.00623810
0.00663670
0.00642340
0.00715080
0.00608820
0.00649390
0.00614020
0.00644630
0.00594420
0.00686390
0.00705970
0.00655550
0.00584120
0.00619650
0.00682570
0.00722590
0.00698090
0.00748820
0.00590410
0.00655910
0.00571240
0.00629890
0.00592250
0.00673190
0.00711410
0.00644650
0.00602990
0.00677040
0.00725200
0.00635360
0.00603410
0.00643040
0.00614790
0.00637700
0.00624280
0.00755920
0.00618170
0.00662950
0.00579330
0.00659550
0.00600380
0.00663070
0.00739120
0.00645590
0.00608980
0.00629060
0.00693710
0.00804970
0.00687700
0.00878890
0.00666930
0.00640450
0.00634380
0.00692780
0.00631900
0.00725120
0.00623600
0.00630480
0.00628370
0.00748780
0.00783790
0.00664950
0.00613750
0.00758270
0.00677100
0.00636560
0.00649970
0.00718540
0.00636510
0.00635810
0.00614400
0.00628400
0.00614040
0.00646800
0.00718700
0.00619670
0.00631840
0.00710760
0.00731360
0.00637680
0.00609480
0.00623410
0.00577290
0.00639920
0.00601870
0.00702190
0.00588320
0.00639130
0.00574090
0.00639940
0.00558900
0.00643100
0.00602470
0.00634000
0.00568490
0.00676050
0.00690840
0.00673620
0.00561270
0.00640810
0.00686010
0.00636840
0.00571090
0.00650150
0.00695580
0.00641850
0.00585060
0.01019280
0.00621820
0.00698320
0.00592470
0.00719400
0.00577510
0.00617980
0.00597570
0.00724670
0.00587420
0.00611930
0.00830010
0.00744110
0.00661490
0.00678330
0.00601480
0.00613740
0.00581120
0.00611050
0.00621300
0.00605570
0.00617540
0.00668920
0.00773170
0.00638410
0.00593280
0.00667130
0.00726540
0.00633700
0.00618030
0.00667240
0.00717760
0.00632510
0.00609140
0.00672840
0.00768110
0.00649550
0.00601810
0.00746170
0.00623690
0.00668070
0.00633640
0.00704260
0.00618980
0.00612890
0.00629070
0.00695350
0.00601890
0.00611200
0.00572440
0.00746680
0.00709180
0.00622900
0.00799550
0.00634740
0.00631580
0.00650830
0.00733020
0.00640990
0.00614050
0.00709950
0.00901670
0.00648580
0.00645380
0.00690180
0.00729630
0.00631390
0.00590500
0.00636890
0.00599240
0.00657730
0.00587160
0.00644110
0.00588260
0.00636400
0.00650720
0.00744600
0.00569450
0.00660210
0.00598000
0.00733260
0.00592570
0.00653710
0.00600520
0.00733480
0.00578870
0.00643310
0.00557100
0.00668160
0.00593060
0.00695670
0.00709920
0.00640770
0.00578810
0.00684910
0.00727110
0.00656350
0.00578290
0.00673140
0.00798750
0.00665300
0.00607690
0.00653510
0.00576240
0.00649860
0.00574130
0.00612350
0.00570860
0.00620810
0.00626770
0.00698330
0.00615070
0.00613710
0.00614780
0.00731080
0.00727550
0.00646430
0.00622730
0.00761990
0.00628440
0.00665010
0.00634670
0.00731180
0.00684720
0.00663410
0.00752650
0.00649570
0.00621580
0.00731090
0.00699240
0.00617500
0.00600720
0.00652290
0.00765470
0.00674670
0.00599100
0.00605010
0.00624050
0.00613950
0.00596730
0.00613990
0.00570690
0.00638150
0.00772850
0.00739030
0.00654520
0.00635870
0.00670600
0.00739230
0.00627760
0.00638870
0.00710940
0.00671500
0.00623100
0.00650110
0.00591050
0.00609760
0.00559320
0.00689420
0.00717260
0.00660870
0.00583520
0.00687720
0.00695120
0.00656310
0.00580820
0.00702940
0.00701310
0.00657630
0.00583290
0.00662840
0.00589410
0.00730140
0.00639520
0.00678230
0.00590240
0.00670530
0.00604030
0.00713800
