0.01051550 0
0.01150260 1
0.01217210 1
0.01097690 1
0.00835220 1
0.00785560 1
0.00638360 1
0.00633690 1
0.00604460 1
0.00645920 1
0.00578160 1
0.00678260 1
0.00717340 1
0.00651670 1
0.00756810 1
0.00814400 1
0.00638600 1
0.00649760 1
0.00756530 1
0.00630260 1
0.00658380 1
0.00702900 1
0.00630620 1
0.00663570 1
0.00746070 1
0.00638400 1
0.00620250 1
0.00643490 1
0.00639980 1
0.00641900 1
0.00995390 1
0.00671350 1
0.00683340 1
0.00678290 1
0.00774260 1
0.00705480 1
0.00643950 1
0.00706620 1
0.00622140 1
0.00720910 1
0.00771920 1
0.00692960 1
0.00661550 1
0.00804560 1
0.00715360 1
0.00716470 1
0.00743740 1
0.00714050 1
0.00630540 1
0.00703980 1
0.00613020 1
0.00698260 1
0.00623260 1
0.00757940 1
0.00625860 1
0.00699510 1
0.00611930 1
0.00710730 1
0.00631400 1
0.00763450 1
0.00633110 1
0.00705390 1
0.00744680 1
0.00694210 1
0.00628940 1
0.00755920 1
0.00622780 1
0.00722860 1
0.00765640 1
0.00724610 1
0.00613210 1
0.00699190 1
0.00602150 1
0.00702970 1
0.00626900 1
0.00710590 1
0.00625570 1
0.00737600 1
0.00755810 1
0.00693600 1
0.00719750 1
0.00793100 1
0.00682060 1
0.00738110 1
0.01065940 1
0.00809680 1
0.00656540 1
0.01020310 1
0.00682960 1
0.00788420 1
0.00752020 1
0.00744660 1
0.00660410 1
0.00970610 1
0.00705060 1
0.00756190 1
0.00870940 1
0.00782640 1
0.00784590 1
0.00788860 1
0.00783060 1
0.02598680 1
0.00784940 1
0.01952890 1
0.00611740 1
0.00767480 1
0.00676160 1
0.00738250 1
0.00598180 1
0.00698880 1
0.00575600 1
0.00745450 1
0.00723240 1
0.00689830 1
0.00633790 1
0.00735480 1
0.00604960 1
0.00677140 1
0.00609000 1
0.00666920 1
0.00610750 1
0.00645780 1
0.00603360 1
0.00644290 1
0.00650260 1
0.00634440 1
0.00656780 1
0.00689710 1
0.00748120 1
0.00751060 1
0.00637080 1
0.00759040 1
0.00591460 1
0.00711440 1
0.00735310 1
0.00722840 1
0.00702110 1
0.00817030 1
0.00621290 1
0.00730240 1
0.00811650 1
0.00713120 1
0.00620000 1
0.00673060 1
0.00626920 1
0.00714700 1
0.00618590 1
0.00688120 1
0.00603810 1
0.00687620 1
0.00612870 1
0.00708610 1
0.00656770 1
0.00791480 1
0.00622040 1
0.00729970 1
0.00739800 1
0.00706240 1
0.00842360 1
0.00739810 1
0.00688400 1
0.00681380 1
0.00810200 1
0.00654300 1
0.00626230 1
0.00637700 1
0.00631660 1
0.00622150 1
0.00606320 1
0.00613150 1
0.00589380 1
0.00622060 1
0.00731070 1
0.00634580 1
0.00617050 1
0.00705670 1
0.00593250 1
0.00762570 1
0.00735390 1
0.00646370 1
0.00601120 1
0.00725600 1
0.00636600 1
0.00674300 1
0.00734350 1
0.00642030 1
0.00619470 1
0.00797780 1
0.00629910 1
0.00644080 1
0.00597430 1
0.00634850 1
0.00584850 1
0.00635780 1
0.00586240 1
0.00650050 1
0.00583160 1
0.00790840 1
0.00621500 1
0.00685780 1
0.00785800 1
0.00739320 1
0.00626470 1
0.00715180 1
0.00596320 1
0.00669900 1
0.00736370 1
0.00670150 1
0.00650060 1
0.00730670 1
0.00618060 1
0.00700710 1
0.00644970 1
0.00833240 1
0.00927560 1
0.00793370 1
0.00695000 1
0.00863030 1
0.00867830 1
0.00800530 1
0.00639690 1
0.00777070 1
0.00790670 1
0.00711090 1
0.00940280 1
0.01242810 1
0.00767550 1
0.00864790 1
0.00870270 1
0.00925460 1
0.00882830 1
0.01252060 1
0.00890770 1
0.00911160 1
0.00851470 1
0.00813090 1
0.00873160 1
0.00788170 1
0.00765790 1
0.01247030 1
0.01100930 1
0.00905430 1
0.00960860 1
0.01113410 1
0.01226780 1
0.01118410 1
0.00959580 1
0.01388840 1
0.00716720 1
0.00833630 1
0.00854230 1
0.00902350 1
0.00761930 1
0.01032830 1
0.00628000 1
0.00712910 1
0.00775680 1
0.00711190 1
0.00681690 1
0.00668930 1
0.00625800 1
0.00660870 1
0.00806200 1
0.00759720 1
0.00616480 1
0.00675330 1
0.00722360 1
0.00715410 1
0.00622190 1
0.00745060 1
0.00602420 1
0.00797050 1
0.00723490 1
0.00703360 1
0.00700190 1
0.00766740 1
0.00612440 1
0.00720050 1
0.00714170 1
0.00654840 1
0.00587070 1
0.00778520 1
0.00593290 1
0.00645970 1
0.00589810 1
0.00666950 1
0.00560200 1
0.00750220 1
0.00584510 1
0.00643870 1
0.00662420 1
0.01034030 1
0.00613190 1
0.00763610 1
0.00685780 1
0.00628150 1
0.00589470 1
0.00726310 1
0.00599210 1
0.00657320 1
0.00727880 1
0.00618430 1
0.00621750 1
0.00697740 1
0.00833600 1
0.00675610 1
0.00655470 1
0.00646380 1
0.00631570 1
0.00646600 1
0.00611690 1
0.00661830 1
0.00699730 1
0.00657780 1
0.00584170 1
0.00742780 1
0.00719080 1
0.00656460 1
0.00643910 1
0.00844150 1
0.00657840 1
0.00660850 1
0.00745380 1
0.00644170 1
0.00624730 1
0.00731410 1
0.00678790 1
0.00627460 1
0.00627040 1
0.00631330 1
0.00639360 1
0.00639520 1
0.00687500 1
0.00610370 1
0.00571830 1
0.00721730 1
0.00617900 1
0.00654430 1
0.00784010 1
0.00629610 1
0.00617230 1
0.00732820 1
0.00649340 1
0.00689900 1
0.00713430 1
0.00649770 1
0.00644680 1
0.00729980 1
0.00625540 1
0.00659140 1
0.00732160 1
0.00709900 1
0.00626700 1
0.00642160 1
0.00629200 1
0.00607880 1
0.00557080 1
0.00621930 1
0.00568400 1
0.00663190 1
0.00585950 1
0.00658140 1
0.00773930 1
0.00711460 1
0.00767360 1
0.00681190 1
0.00783700 1
0.00657710 1
0.00740250 1
0.00690210 1
0.00627110 1
0.00674630 1
0.00730220 1
0.00649080 1
0.00599090 1
0.00623510 1
0.00567620 1
0.00628370 1
0.00559040 1
0.00664280 1
0.00586000 1
0.00660940 1
0.00559480 1
0.00663760 1
0.00585540 1
0.00806230 1
0.00601580 1
0.00684730 1
0.00710330 1
0.00666290 1
0.00609190 1
0.00755280 1
0.00597670 1
0.00748710 1
0.00740280 1
0.00648590 1
0.00622700 1
0.00971760 1
0.00623960 1
0.00654070 1
0.00597420 1
0.00712100 1
0.00582420 1
0.00670360 1
0.00571740 1
0.00687160 1
0.00572710 1
0.00653790 1
0.00584310 1
0.00698040 1
0.00717470 1
0.00699960 1
0.00583550 1
0.00807590 1
0.00593070 1
0.00741720 1
0.00710210 1
0.00665990 1
0.00591250 1
0.00758820 1
0.00568290 1
0.00667370 1
0.00576480 1
0.00663200 1
0.00559280 1
0.00854320 1
0.00599150 1
0.00695310 1
0.00588380 1
0.00681370 1
0.00590760 1
0.00704500 1
0.00716090 1
0.00666000 1
0.00738730 1
0.00723400 1
0.00656160 1
0.00674890 1
0.00705990 1
0.00689260 1
0.00625210 1
0.00737310 1
0.00599740 1
0.00692670 1
0.00730360 1
0.00685170 1
0.00592720 1
0.00657770 1
0.00567450 1
0.00650610 1
0.00570260 1
0.00731900 1
0.00599780 1
0.00687680 1
0.00689460 1
0.00656060 1
0.00605690 1
0.00750600 1
0.00578710 1
0.00647610 1
0.00696670 1
0.00627130 1
0.00622010 1
0.00680660 1
0.00596160 1
0.00662810 1
0.00771640 1
0.00697900 1
0.00632110 1
0.00644000 1
0.00590860 1
0.00637770 1
0.00605670 1
0.00637080 1
0.00608030 1
0.00619430 1
0.00627010 1
0.00643560 1
0.00638320 1
0.00716040 1
0.00632730 1
0.00743800 1
0.00735180 1
0.00657890 1
0.00636680 1
0.00780780 1
0.00661960 1
0.00707650 1
0.00740240 1
0.00638850 1
0.00628060 1
0.00741460 1
0.00605910 1
0.00639020 1
0.00592190 1
0.00618480 1
0.00597800 1
0.00741660 1
0.00696200 1
0.00628150 1
0.00611590 1
0.00748930 1
0.00628270 1
0.00641270 1
0.00714540 1
0.00629850 1
0.00624060 1
0.00703580 1
0.00606560 1
0.00651190 1
0.00705960 1
0.00621720 1
0.00631190 1
0.00786110 1
0.00629580 1
0.00674130 1
0.00622920 1
0.00662950 1
0.00626780 1
0.00768920 1
0.00631430 1
0.00652050 1
0.00599710 1
0.00639090 1
0.00610650 1
0.00679350 1
0.00734540 1
0.00647380 1
0.00770680 1
0.00708970 1
0.00691640 1
0.00671840 1
0.00737080 1
0.00608500 1
0.00700750 1
0.00702270 1
0.00645810 1
0.00689120 1
0.00744280 1
0.00653360 1
0.00606950 1
0.00627810 1
0.00616310 1
0.00643560 1
0.00796790 1
0.00776480 1
0.00646890 1
0.00657880 1
0.00794610 1
0.00641420 1
0.00665000 1
0.00721550 1
0.00704030 1
0.00685210 1
0.00728390 1
0.00664580 1
0.00667190 1
0.00762970 1
0.00592100 1
0.00702500 1
0.00697210 1
0.00682730 1
0.00584140 1
0.00655640 1
0.00600510 1
0.00643090 1
0.00574070 1
0.00633070 1
0.00598110 1
0.00654160 1
0.00582150 1
0.00731180 1
0.00727300 1
0.00789690 1
0.00620140 1
0.00650040 1
0.00710440 1
0.00641640 1
0.00606230 1
0.00702200 1
0.00621490 1
0.00791920 1
0.00734800 1
0.00665450 1
0.00592620 1
0.00656190 1
0.00591990 1
0.00639630 1
0.00587960 1
0.00628110 1
0.00601540 1
0.00658850 1
0.00840910 1
0.00775710 1
0.00623120 1
0.00840630 1
0.00608260 1
0.00685820 1
0.00699870 1
0.00648430 1
0.00615950 1
0.00722080 1
0.00613830 1
0.00683750 1
0.00764040 1
0.00838500 1
0.00605320 1
0.00845540 1
0.00614710 1
0.00672770 1
0.00606680 1
0.00659080 1
0.00584040 1
0.00680520 1
0.00592330 1
0.00653200 1
0.00568960 1
0.00692070 1
0.00573440 1
0.00726140 1
0.00674460 1
0.00636870 1
0.00607250 1
0.00744730 1
0.00590670 1
0.00784350 1
0.00712390 1
0.00670780 1
0.00607470 1
0.00750880 1
0.00616440 1
0.00669520 1
0.00599490 1
0.00693980 1
0.00616110 1
0.00677330 1
0.00605200 1
0.00642870 1
0.00585930 1
0.00621370 1
0.00625150 1
0.00667620 1
0.00768950 1
0.00641580 1
0.00633440 1
0.00692260 1
0.00602630 1
0.00642060 1
0.00741490 1
0.00612340 1
0.00684160 1
0.00742150 1
0.00623770 1
0.00675770 1
0.00760170 1
0.00646810 1
0.00578220 1
0.00680320 1
0.00633010 1
0.00636940 1
0.00630220 1
0.00647760 1
0.00607930 1
0.00651730 1
0.00604400 1
0.00700480 1
0.00813700 1
0.00716970 1
0.00663260 1
0.00658430 1
0.00753720 1
0.00638900 1
0.00640850 1
0.00681630 1
0.00632770 1
0.00674770 1
0.00820040 1
0.00694420 1
0.00606120 1
0.00611270 1
0.00622060 1
0.00645570 1
0.00646510 1
0.00722630 1
0.00600620 1
0.00651750 1
0.00699990 1
0.00615370 1
0.00582360 1
0.00791110 1
0.00755740 1
0.00640010 1
0.00748550 1
0.00688010 1
0.00604610 1
0.00666520 1
0.00738870 1
0.00622340 1
0.00637220 1
0.00649670 1
0.00631160 1
0.00611040 1
0.00728030 1
0.00683360 1
0.00621380 1
0.00635610 1
0.00619990 1
0.00637770 1
0.00640360 1
0.00640460 1
0.00846820 1
0.00666250 1
0.00664390 1
0.00760530 1
0.00622570 1
0.00643630 1
0.00617910 1
0.00673800 1
0.00589670 1
0.00663730 1
0.00739780 1
0.00713510 1
0.00640270 1
0.00634760 1
0.00558200 1
0.00653810 1
0.00633710 1
0.00858050 1
0.00689240 1
0.00642980 1
0.00826730 1
0.00645590 1
0.00638410 1
0.00672460 1
0.00738860 1
0.00644690 1
0.00631990 1
0.00636920 1
0.00594360 1
0.00624240 1
0.00651310 1
0.00693510 1
0.00613620 1
0.00634640 1
0.00790110 1
0.00730790 1
0.00616520 1
0.00651990 1
0.00595240 1
0.00646010 1
0.00583020 1
0.00661370 1
0.00675500 1
0.00637000 1
0.00586070 1
0.00655050 1
0.00569010 1
0.00657810 1
0.00694720 1
0.00746750 1
0.00602410 1
0.00678820 1
0.00583040 1
0.00661400 1
0.00585750 1
0.00676440 1
0.00699720 1
0.00670110 1
0.00557490 1
0.00681140 1
0.00689580 1
0.00662540 1
0.00588600 1
0.00802690 1
0.00591630 1
0.00662650 1
0.00740280 1
0.00735680 1
0.00609730 1
0.00650740 1
0.00591300 1
0.00674530 1
0.00586730 1
0.00667200 1
0.00730160 1
0.00655030 1
0.00643770 1
0.00624500 1
0.00744810 1
0.00719800 1
0.00634270 1
0.00778380 1
0.00598200 1
0.00664450 1
0.00615950 1
0.00757860 1
0.00603060 1
0.00705780 1
0.00774160 1
0.00647420 1
0.00596570 1
0.00790480 1
0.00699660 1
0.00674280 1
0.00577600 1
0.00662760 1
0.00620850 1
0.00662780 1
0.00611520 1
0.00735330 1
0.00606350 1
0.00667570 1
0.00597000 1
0.00754200 1
0.00689650 1
0.00749640 1
0.00713810 1
0.00749050 1
0.00581210 1
0.00702130 1
0.00734950 1
0.00719670 1
0.00611750 1
0.00770060 1
0.00581710 1
0.00669760 1
0.00710900 1
0.00741250 1
0.00572060 1
0.00627240 1
0.00577480 1
0.00654000 1
0.00588240 1
0.00648920 1
0.00718280 1
0.00681150 1
0.00620430 1
0.00781030 1
0.00609280 1
0.00652350 1
0.00622750 1
0.00740280 1
0.00615350 1
0.00635080 1
0.00622210 1
0.00721490 1
0.00599580 1
0.00671330 1
0.00902260 1
0.00755530 1
0.00598490 1
0.00716390 1
0.00716060 1
0.00683040 1
0.00569910 1
0.00663020 1
0.00592070 1
0.00651970 1
0.00588160 1
0.00730240 1
0.00592710 1
0.00630560 1
0.00747770 1
0.00640770 1
0.00572930 1
0.00712150 1
0.00735060 1
0.00631450 1
0.00575760 1
0.00658530 1
0.00721390 1
0.00640180 1
0.00612510 1
0.00766020 1
0.00611040 1
0.00629230 1
0.00628840 1
0.00713260 1
0.00616180 1
0.00643640 1
0.00580270 1
0.00621580 1
0.00598650 1
0.00653370 1
0.00740980 1
0.00644600 1
0.00639780 1
0.00649660 1
0.00612410 1
0.00608700 1
0.00632900 1
0.00729580 1
0.00605000 1
0.00635330 1
0.00615830 1
0.00631620 1
0.00586970 1
0.00657060 1
0.00718560 1
0.00652400 1
0.00559500 1
0.00659770 1
0.00689720 1
0.00625660 1
0.00562600 1
0.00648410 1
0.00570600 1
0.00659530 1
0.00581820 1
0.00790050 1
0.00655870 1
0.00724530 1
0.00576730 1
0.00709230 1
0.00577390 1
0.00748280 1
0.00689540 1
0.00668890 1
0.00568920 1
0.00689520 1
0.00629650 1
0.00650160 1
0.00609440 1
0.00785970 1
0.00623810 1
0.00663670 1
0.00642340 1
0.00715080 1
0.00608820 1
0.00649390 1
0.00614020 1
0.00644630 1
0.00594420 1
0.00686390 1
0.00705970 1
0.00655550 1
0.00584120 1
0.00619650 1
0.00682570 1
0.00722590 1
0.00698090 1
0.00748820 1
0.00590410 1
0.00655910 1
0.00571240 1
0.00629890 1
0.00592250 1
0.00673190 1
0.00711410 1
0.00644650 1
0.00602990 1
0.00677040 1
0.00725200 1
0.00635360 1
0.00603410 1
0.00643040 1
0.00614790 1
0.00637700 1
0.00624280 1
0.00755920 1
0.00618170 1
0.00662950 1
0.00579330 1
0.00659550 1
0.00600380 1
0.00663070 1
0.00739120 1
0.00645590 1
0.00608980 1
0.00629060 1
0.00693710 1
0.00804970 1
0.00687700 1
0.00878890 1
0.00666930 1
0.00640450 1
0.00634380 1
0.00692780 1
0.00631900 1
0.00725120 1
0.00623600 1
0.00630480 1
0.00628370 1
0.00748780 1
0.00783790 1
0.00664950 1
0.00613750 1
0.00758270 1
0.00677100 1
0.00636560 1
0.00649970 1
0.00718540 1
0.00636510 1
0.00635810 1
0.00614400 1
0.00628400 1
0.00614040 1
0.00646800 1
0.00718700 1
0.00619670 1
0.00631840 1
0.00710760 1
0.00731360 1
0.00637680 1
0.00609480 1
0.00623410 1
0.00577290 1
0.00639920 1
0.00601870 1
0.00702190 1
0.00588320 1
0.00639130 1
0.00574090 1
0.00639940 1
0.00558900 1
0.00643100 1
0.00602470 1
0.00634000 1
0.00568490 1
0.00676050 1
0.00690840 1
0.00673620 1
0.00561270 1
0.00640810 1
0.00686010 1
0.00636840 1
0.00571090 1
0.00650150 1
0.00695580 1
0.00641850 1
0.00585060 1
0.01019280 1
0.00621820 1
0.00698320 1
0.00592470 1
0.00719400 1
0.00577510 1
0.00617980 1
0.00597570 1
0.00724670 1
0.00587420 1
0.00611930 1
0.00830010 1
0.00744110 1
0.00661490 1
0.00678330 1
0.00601480 1
0.00613740 1
0.00581120 1
0.00611050 1
0.00621300 1
0.00605570 1
0.00617540 1
0.00668920 1
0.00773170 1
0.00638410 1
0.00593280 1
0.00667130 1
0.00726540 1
0.00633700 1
0.00618030 1
0.00667240 1
0.00717760 1
0.00632510 1
0.00609140 1
0.00672840 1
0.00768110 1
0.00649550 1
0.00601810 1
0.00746170 1
0.00623690 1
0.00668070 1
0.00633640 1
0.00704260 1
0.00618980 1
0.00612890 1
0.00629070 1
0.00695350 1
0.00601890 1
0.00611200 1
0.00572440 1
0.00746680 1
0.00709180 1
0.00622900 1
0.00799550 1
0.00634740 1
0.00631580 1
0.00650830 1
0.00733020 1
0.00640990 1
0.00614050 1
0.00709950 1
0.00901670 1
0.00648580 1
0.00645380 1
0.00690180 1
0.00729630 1
0.00631390 1
0.00590500 1
0.00636890 1
0.00599240 1
0.00657730 1
0.00587160 1
0.00644110 1
0.00588260 1
0.00636400 1
0.00650720 1
0.00744600 1
0.00569450 1
0.00660210 1
0.00598000 1
0.00733260 1
0.00592570 1
0.00653710 1
0.00600520 1
0.00733480 1
0.00578870 1
0.00643310 1
0.00557100 1
0.00668160 1
0.00593060 1
0.00695670 1
0.00709920 1
0.00640770 1
0.00578810 1
0.00684910 1
0.00727110 1
0.00656350 1
0.00578290 1
0.00673140 1
0.00798750 1
0.00665300 1
0.00607690 1
0.00653510 1
0.00576240 1
0.00649860 1
0.00574130 1
0.00612350 1
0.00570860 1
0.00620810 1
0.00626770 1
0.00698330 1
0.00615070 1
0.00613710 1
0.00614780 1
0.00731080 1
0.00727550 1
0.00646430 1
0.00622730 1
0.00761990 1
0.00628440 1
0.00665010 1
0.00634670 1
0.00731180 1
0.00684720 1
0.00663410 1
0.00752650 1
0.00649570 1
0.00621580 1
0.00731090 1
0.00699240 1
0.00617500 1
0.00600720 1
0.00652290 1
0.00765470 1
0.00674670 1
0.00599100 1
0.00605010 1
0.00624050 1
0.00613950 1
0.00596730 1
0.00613990 1
0.00570690 1
0.00638150 1
0.00772850 1
0.00739030 1
0.00654520 1
0.00635870 1
0.00670600 1
0.00739230 1
0.00627760 1
0.00638870 1
0.00710940 1
0.00671500 1
0.00623100 1
0.00650110 1
0.00591050 1
0.00609760 1
0.00559320 1
0.00689420 1
0.00717260 1
0.00660870 1
0.00583520 1
0.00687720 1
0.00695120 1
0.00656310 1
0.00580820 1
0.00702940 1
0.00701310 1
0.00657630 1
0.00583290 1
0.00662840 1
0.00589410 1
0.00730140 1
0.00639520 1
0.00678230 1
0.00590240 1
0.00670530 1
0.00604030 1
0.00713800 1
