1
385.50,142.50,106.00,92.00
385.50,142.50,106.00,92.00
379.50,135.50,106.00,92.00
379.50,135.50,106.00,92.00
379.50,135.50,106.00,92.00
376.50,128.50,106.00,92.00
376.50,128.50,106.00,92.00
376.50,128.50,106.00,92.00
370.50,120.50,106.00,92.00
370.50,120.50,106.00,92.00
370.50,120.50,106.00,92.00
364.50,113.50,106.00,92.00
364.50,113.50,106.00,92.00
364.50,113.50,106.00,92.00
359.50,107.50,106.00,92.00
359.50,107.50,106.00,92.00
359.50,107.50,106.00,92.00
355.50,102.50,106.00,92.00
355.50,102.50,106.00,92.00
355.50,102.50,106.00,92.00
350.50,97.50,106.00,92.00
350.50,97.50,106.00,92.00
350.50,97.50,106.00,92.00
344.50,92.50,106.00,92.00
344.50,92.50,106.00,92.00
344.50,92.50,106.00,92.00
338.50,89.50,106.00,92.00
338.50,89.50,106.00,92.00
338.50,89.50,106.00,92.00
333.50,86.50,106.00,92.00
333.50,86.50,106.00,92.00
333.50,86.50,106.00,92.00
327.50,83.50,106.00,92.00
327.50,83.50,106.00,92.00
327.50,83.50,106.00,92.00
320.50,79.50,106.00,92.00
320.50,79.50,106.00,92.00
320.50,79.50,106.00,92.00
313.50,75.50,106.00,92.00
313.50,75.50,106.00,92.00
313.50,75.50,106.00,92.00
307.50,71.50,106.00,92.00
307.50,71.50,106.00,92.00
307.50,71.50,106.00,92.00
301.50,68.50,106.00,92.00
301.50,68.50,106.00,92.00
301.50,68.50,106.00,92.00
293.50,66.50,106.00,92.00
293.50,66.50,106.00,92.00
293.50,66.50,106.00,92.00
286.50,64.50,106.00,92.00
286.50,64.50,106.00,92.00
286.50,64.50,106.00,92.00
279.50,62.50,106.00,92.00
279.50,62.50,106.00,92.00
279.50,62.50,106.00,92.00
275.50,62.50,106.00,92.00
275.50,62.50,106.00,92.00
275.50,62.50,106.00,92.00
275.50,62.50,106.00,92.00
275.50,62.50,106.00,92.00
275.50,62.50,106.00,92.00
275.50,62.50,106.00,92.00
275.50,62.50,106.00,92.00
275.50,62.50,106.00,92.00
275.50,62.50,106.00,92.00
275.50,62.50,106.00,92.00
275.50,62.50,106.00,92.00
275.50,62.50,106.00,92.00
275.50,62.50,106.00,92.00
275.50,62.50,106.00,92.00
275.50,62.50,106.00,92.00
275.50,62.50,106.00,92.00
275.50,62.50,106.00,92.00
275.50,62.50,106.00,92.00
275.50,62.50,106.00,92.00
275.50,62.50,106.00,92.00
275.50,62.50,106.00,92.00
275.50,62.50,106.00,92.00
275.50,62.50,106.00,92.00
275.50,62.50,106.00,92.00
275.50,62.50,106.00,92.00
275.50,62.50,106.00,92.00
275.50,62.50,106.00,92.00
275.50,62.50,106.00,92.00
275.50,62.50,106.00,92.00
275.50,62.50,106.00,92.00
275.50,62.50,106.00,92.00
275.50,62.50,106.00,92.00
275.50,62.50,106.00,92.00
275.50,62.50,106.00,92.00
275.50,62.50,106.00,92.00
275.50,62.50,106.00,92.00
275.50,62.50,106.00,92.00
275.50,62.50,106.00,92.00
275.50,62.50,106.00,92.00
275.50,62.50,106.00,92.00
275.50,62.50,106.00,92.00
275.50,62.50,106.00,92.00
275.50,62.50,106.00,92.00
275.50,62.50,106.00,92.00
275.50,62.50,106.00,92.00
275.50,62.50,106.00,92.00
275.50,62.50,106.00,92.00
275.50,62.50,106.00,92.00
275.50,62.50,106.00,92.00
275.50,62.50,106.00,92.00
275.50,62.50,106.00,92.00
275.50,62.50,106.00,92.00
275.50,62.50,106.00,92.00
275.50,62.50,106.00,92.00
275.50,62.50,106.00,92.00
275.50,62.50,106.00,92.00
275.50,62.50,106.00,92.00
275.50,62.50,106.00,92.00
275.50,62.50,106.00,92.00
275.50,62.50,106.00,92.00
275.50,62.50,106.00,92.00
275.50,62.50,106.00,92.00
275.50,62.50,106.00,92.00
275.50,62.50,106.00,92.00
275.50,62.50,106.00,92.00
276.50,62.50,106.00,92.00
276.50,62.50,106.00,92.00
276.50,62.50,106.00,92.00
277.50,62.50,106.00,92.00
277.50,62.50,106.00,92.00
277.50,62.50,106.00,92.00
278.50,63.50,106.00,92.00
278.50,63.50,106.00,92.00
278.50,63.50,106.00,92.00
280.50,63.50,106.00,92.00
280.50,63.50,106.00,92.00
280.50,63.50,106.00,92.00
282.50,64.50,106.00,92.00
282.50,64.50,106.00,92.00
282.50,64.50,106.00,92.00
284.50,65.50,106.00,92.00
284.50,65.50,106.00,92.00
284.50,65.50,106.00,92.00
286.50,66.50,106.00,92.00
286.50,66.50,106.00,92.00
286.50,66.50,106.00,92.00
288.50,67.50,106.00,92.00
288.50,67.50,106.00,92.00
288.50,67.50,106.00,92.00
290.50,68.50,106.00,92.00
290.50,68.50,106.00,92.00
290.50,68.50,106.00,92.00
292.50,70.50,106.00,92.00
292.50,70.50,106.00,92.00
292.50,70.50,106.00,92.00
293.50,71.50,106.00,92.00
293.50,71.50,106.00,92.00
293.50,71.50,106.00,92.00
295.50,73.50,106.00,92.00
295.50,73.50,106.00,92.00
295.50,73.50,106.00,92.00
295.50,74.50,106.00,92.00
295.50,74.50,106.00,92.00
295.50,74.50,106.00,92.00
296.50,76.50,106.00,92.00
296.50,76.50,106.00,92.00
296.50,76.50,106.00,92.00
297.50,77.50,106.00,92.00
297.50,77.50,106.00,92.00
297.50,77.50,106.00,92.00
298.50,79.50,106.00,92.00
298.50,79.50,106.00,92.00
298.50,79.50,106.00,92.00
298.50,81.50,106.00,92.00
298.50,81.50,106.00,92.00
298.50,81.50,106.00,92.00
298.50,82.50,106.00,92.00
298.50,82.50,106.00,92.00
298.50,82.50,106.00,92.00
298.50,83.50,106.00,92.00
298.50,83.50,106.00,92.00
298.50,83.50,106.00,92.00
298.50,84.50,106.00,92.00
298.50,84.50,106.00,92.00
298.50,84.50,106.00,92.00
297.50,86.50,106.00,92.00
297.50,86.50,106.00,92.00
297.50,86.50,106.00,92.00
296.50,88.50,106.00,92.00
296.50,88.50,106.00,92.00
296.50,88.50,106.00,92.00
295.50,90.50,106.00,92.00
295.50,90.50,106.00,92.00
295.50,90.50,106.00,92.00
294.50,93.50,106.00,92.00
294.50,93.50,106.00,92.00
294.50,93.50,106.00,92.00
292.50,97.50,106.00,92.00
292.50,97.50,106.00,92.00
292.50,97.50,106.00,92.00
291.50,100.50,106.00,92.00
291.50,100.50,106.00,92.00
290.50,100.50,106.00,92.00
288.50,104.50,106.00,92.00
288.50,104.50,106.00,92.00
288.50,104.50,106.00,92.00
285.50,108.50,106.00,92.00
285.50,108.50,106.00,92.00
285.50,108.50,106.00,92.00
281.50,112.50,106.00,92.00
281.50,112.50,106.00,92.00
281.50,112.50,106.00,92.00
277.50,117.50,106.00,92.00
277.50,117.50,106.00,92.00
277.50,117.50,106.00,92.00
272.50,123.50,106.00,92.00
272.50,123.50,106.00,92.00
272.50,123.50,106.00,92.00
265.50,130.50,106.00,92.00
265.50,130.50,106.00,92.00
265.50,130.50,106.00,92.00
258.50,137.50,106.00,92.00
258.50,137.50,106.00,92.00
258.50,137.50,106.00,92.00
249.50,145.50,106.00,92.00
249.50,145.50,106.00,92.00
249.50,145.50,106.00,92.00
240.50,153.50,106.00,92.00
240.50,153.50,106.00,92.00
240.50,153.50,106.00,92.00
231.50,159.50,106.00,92.00
231.50,159.50,106.00,92.00
231.50,159.50,106.00,92.00
220.50,166.50,106.00,92.00
220.50,166.50,106.00,92.00
220.50,166.50,106.00,92.00
216.50,179.50,106.00,92.00
216.50,179.50,106.00,92.00
216.50,179.50,106.00,92.00
204.50,188.50,106.00,92.00
203.50,188.50,106.00,92.00
203.50,188.50,106.00,92.00
194.50,193.50,106.00,92.00
194.50,193.50,106.00,92.00
194.50,193.50,106.00,92.00
188.50,198.50,106.00,92.00
188.50,198.50,106.00,92.00
188.50,198.50,106.00,92.00
181.50,205.50,106.00,92.00
181.50,205.50,106.00,92.00
181.50,205.50,106.00,92.00
176.50,210.50,106.00,92.00
176.50,210.50,106.00,92.00
176.50,210.50,106.00,92.00
173.50,213.50,106.00,92.00
173.50,213.50,106.00,92.00
173.50,213.50,106.00,92.00
183.50,211.50,106.00,92.00
183.50,211.50,106.00,92.00
183.50,211.50,106.00,92.00
182.50,212.50,106.00,92.00
182.50,212.50,106.00,92.00
182.50,212.50,106.00,92.00
182.50,212.50,106.00,92.00
182.50,212.50,106.00,92.00
182.50,212.50,106.00,92.00
182.50,211.50,106.00,92.00
182.50,211.50,106.00,92.00
182.50,211.50,106.00,92.00
182.50,211.50,106.00,92.00
182.50,211.50,106.00,92.00
182.50,211.50,106.00,92.00
182.50,211.50,106.00,92.00
182.50,211.50,106.00,92.00
182.50,211.50,106.00,92.00
182.50,211.50,106.00,92.00
182.50,211.50,106.00,92.00
182.50,211.50,106.00,92.00
182.50,211.50,106.00,92.00
182.50,211.50,106.00,92.00
182.50,211.50,106.00,92.00
182.50,211.50,106.00,92.00
182.50,211.50,106.00,92.00
182.50,211.50,106.00,92.00
182.50,211.50,106.00,92.00
182.50,211.50,106.00,92.00
182.50,211.50,106.00,92.00
182.50,211.50,106.00,92.00
182.50,211.50,106.00,92.00
182.50,211.50,106.00,92.00
182.50,211.50,106.00,92.00
182.50,211.50,106.00,92.00
182.50,211.50,106.00,92.00
182.50,211.50,106.00,92.00
182.50,211.50,106.00,92.00
182.50,211.50,106.00,92.00
182.50,211.50,106.00,92.00
182.50,211.50,106.00,92.00
182.50,211.50,106.00,92.00
182.50,211.50,106.00,92.00
182.50,211.50,106.00,92.00
182.50,211.50,106.00,92.00
182.50,211.50,106.00,92.00
182.50,211.50,106.00,92.00
182.50,211.50,106.00,92.00
182.50,211.50,106.00,92.00
182.50,211.50,106.00,92.00
182.50,211.50,106.00,92.00
183.50,211.50,106.00,92.00
183.50,211.50,106.00,92.00
183.50,211.50,106.00,92.00
184.50,210.50,106.00,92.00
184.50,210.50,106.00,92.00
184.50,210.50,106.00,92.00
186.50,209.50,106.00,92.00
186.50,209.50,106.00,92.00
186.50,209.50,106.00,92.00
189.50,207.50,106.00,92.00
189.50,207.50,106.00,92.00
189.50,207.50,106.00,92.00
192.50,199.50,106.00,92.00
192.50,199.50,106.00,92.00
192.50,199.50,106.00,92.00
193.50,198.50,106.00,92.00
193.50,198.50,106.00,92.00
193.50,198.50,106.00,92.00
192.50,200.50,106.00,92.00
192.50,200.50,106.00,92.00
192.50,200.50,106.00,92.00
191.50,204.50,106.00,92.00
191.50,204.50,106.00,92.00
191.50,204.50,106.00,92.00
191.50,204.50,106.00,92.00
191.50,204.50,106.00,92.00
191.50,204.50,106.00,92.00
191.50,203.50,106.00,92.00
191.50,203.50,106.00,92.00
191.50,203.50,106.00,92.00
191.50,203.50,106.00,92.00
191.50,203.50,106.00,92.00
191.50,203.50,106.00,92.00
191.50,204.50,106.00,92.00
191.50,204.50,106.00,92.00
191.50,204.50,106.00,92.00
191.50,205.50,106.00,92.00
191.50,205.50,106.00,92.00
191.50,205.50,106.00,92.00
191.50,204.50,106.00,92.00
191.50,204.50,106.00,92.00
191.50,204.50,106.00,92.00
191.50,204.50,106.00,92.00
191.50,204.50,106.00,92.00
191.50,204.50,106.00,92.00
191.50,204.50,106.00,92.00
191.50,204.50,106.00,92.00
191.50,204.50,106.00,92.00
191.50,204.50,106.00,92.00
191.50,204.50,106.00,92.00
191.50,204.50,106.00,92.00
191.50,204.50,106.00,92.00
191.50,204.50,106.00,92.00
191.50,204.50,106.00,92.00
191.50,204.50,106.00,92.00
191.50,204.50,106.00,92.00
191.50,204.50,106.00,92.00
191.50,204.50,106.00,92.00
191.50,204.50,106.00,92.00
191.50,204.50,106.00,92.00
191.50,204.50,106.00,92.00
191.50,204.50,106.00,92.00
191.50,204.50,106.00,92.00
191.50,204.50,106.00,92.00
191.50,204.50,106.00,92.00
191.50,204.50,106.00,92.00
191.50,204.50,106.00,92.00
191.50,204.50,106.00,92.00
191.50,204.50,106.00,92.00
191.50,204.50,106.00,92.00
191.50,204.50,106.00,92.00
191.50,204.50,106.00,92.00
191.50,204.50,106.00,92.00
191.50,204.50,106.00,92.00
191.50,204.50,106.00,92.00
191.50,204.50,106.00,92.00
191.50,204.50,106.00,92.00
191.50,204.50,106.00,92.00
191.50,204.50,106.00,92.00
191.50,204.50,106.00,92.00
191.50,204.50,106.00,92.00
191.50,204.50,106.00,92.00
191.50,204.50,106.00,92.00
191.50,204.50,106.00,92.00
191.50,204.50,106.00,92.00
191.50,204.50,106.00,92.00
191.50,204.50,106.00,92.00
191.50,204.50,106.00,92.00
191.50,204.50,106.00,92.00
191.50,204.50,106.00,92.00
190.50,205.50,106.00,92.00
190.50,205.50,106.00,92.00
190.50,205.50,106.00,92.00
189.50,205.50,106.00,92.00
189.50,205.50,106.00,92.00
189.50,205.50,106.00,92.00
188.50,206.50,106.00,92.00
188.50,206.50,106.00,92.00
188.50,206.50,106.00,92.00
186.50,208.50,106.00,92.00
186.50,208.50,106.00,92.00
186.50,208.50,106.00,92.00
184.50,210.50,106.00,92.00
184.50,210.50,106.00,92.00
184.50,210.50,106.00,92.00
181.50,213.50,106.00,92.00
181.50,213.50,106.00,92.00
181.50,213.50,106.00,92.00
178.50,217.50,106.00,92.00
178.50,217.50,106.00,92.00
178.50,217.50,106.00,92.00
177.50,220.50,106.00,92.00
177.50,220.50,106.00,92.00
177.50,220.50,106.00,92.00
177.50,220.50,106.00,92.00
177.50,220.50,106.00,92.00
177.50,220.50,106.00,92.00
178.50,218.50,106.00,92.00
178.50,218.50,106.00,92.00
178.50,218.50,106.00,92.00
179.50,217.50,106.00,92.00
179.50,217.50,106.00,92.00
179.50,217.50,106.00,92.00
178.50,217.50,106.00,92.00
178.50,217.50,106.00,92.00
178.50,217.50,106.00,92.00
178.50,217.50,106.00,92.00
178.50,217.50,106.00,92.00
178.50,217.50,106.00,92.00
178.50,217.50,106.00,92.00
178.50,217.50,106.00,92.00
178.50,217.50,106.00,92.00
178.50,217.50,106.00,92.00
178.50,217.50,106.00,92.00
178.50,217.50,106.00,92.00
178.50,217.50,106.00,92.00
178.50,217.50,106.00,92.00
178.50,217.50,106.00,92.00
178.50,217.50,106.00,92.00
178.50,217.50,106.00,92.00
178.50,217.50,106.00,92.00
178.50,217.50,106.00,92.00
178.50,217.50,106.00,92.00
178.50,217.50,106.00,92.00
178.50,217.50,106.00,92.00
178.50,217.50,106.00,92.00
178.50,217.50,106.00,92.00
178.50,217.50,106.00,92.00
178.50,217.50,106.00,92.00
178.50,217.50,106.00,92.00
178.50,217.50,106.00,92.00
178.50,217.50,106.00,92.00
178.50,217.50,106.00,92.00
178.50,217.50,106.00,92.00
178.50,217.50,106.00,92.00
178.50,217.50,106.00,92.00
178.50,217.50,106.00,92.00
178.50,217.50,106.00,92.00
178.50,217.50,106.00,92.00
178.50,217.50,106.00,92.00
178.50,217.50,106.00,92.00
178.50,217.50,106.00,92.00
178.50,217.50,106.00,92.00
178.50,217.50,106.00,92.00
178.50,217.50,106.00,92.00
178.50,217.50,106.00,92.00
178.50,217.50,106.00,92.00
178.50,217.50,106.00,92.00
178.50,217.50,106.00,92.00
178.50,217.50,106.00,92.00
178.50,217.50,106.00,92.00
178.50,217.50,106.00,92.00
178.50,217.50,106.00,92.00
178.50,217.50,106.00,92.00
178.50,217.50,106.00,92.00
178.50,217.50,106.00,92.00
178.50,217.50,106.00,92.00
178.50,217.50,106.00,92.00
178.50,217.50,106.00,92.00
178.50,217.50,106.00,92.00
178.50,217.50,106.00,92.00
178.50,217.50,106.00,92.00
178.50,217.50,106.00,92.00
178.50,217.50,106.00,92.00
178.50,217.50,106.00,92.00
178.50,217.50,106.00,92.00
178.50,217.50,106.00,92.00
178.50,217.50,106.00,92.00
178.50,217.50,106.00,92.00
178.50,217.50,106.00,92.00
178.50,217.50,106.00,92.00
178.50,217.50,106.00,92.00
178.50,217.50,106.00,92.00
178.50,217.50,106.00,92.00
178.50,217.50,106.00,92.00
178.50,217.50,106.00,92.00
178.50,217.50,106.00,92.00
178.50,217.50,106.00,92.00
178.50,217.50,106.00,92.00
178.50,217.50,106.00,92.00
178.50,217.50,106.00,92.00
178.50,217.50,106.00,92.00
178.50,217.50,106.00,92.00
178.50,217.50,106.00,92.00
178.50,217.50,106.00,92.00
178.50,217.50,106.00,92.00
178.50,217.50,106.00,92.00
178.50,217.50,106.00,92.00
178.50,217.50,106.00,92.00
178.50,217.50,106.00,92.00
178.50,217.50,106.00,92.00
178.50,217.50,106.00,92.00
178.50,217.50,106.00,92.00
178.50,217.50,106.00,92.00
178.50,217.50,106.00,92.00
178.50,217.50,106.00,92.00
178.50,217.50,106.00,92.00
178.50,217.50,106.00,92.00
178.50,217.50,106.00,92.00
178.50,217.50,106.00,92.00
178.50,217.50,106.00,92.00
178.50,217.50,106.00,92.00
178.50,217.50,106.00,92.00
178.50,217.50,106.00,92.00
178.50,217.50,106.00,92.00
178.50,217.50,106.00,92.00
178.50,217.50,106.00,92.00
178.50,217.50,106.00,92.00
178.50,217.50,106.00,92.00
178.50,217.50,106.00,92.00
178.50,217.50,106.00,92.00
178.50,217.50,106.00,92.00
178.50,217.50,106.00,92.00
178.50,217.50,106.00,92.00
181.50,215.50,106.00,92.00
181.50,215.50,106.00,92.00
181.50,215.50,106.00,92.00
183.50,211.50,106.00,92.00
183.50,211.50,106.00,92.00
184.50,211.50,106.00,92.00
188.50,208.50,106.00,92.00
188.50,208.50,106.00,92.00
188.50,208.50,106.00,92.00
193.50,202.50,106.00,92.00
193.50,202.50,106.00,92.00
193.50,202.50,106.00,92.00
193.50,202.50,106.00,92.00
193.50,202.50,106.00,92.00
193.50,202.50,106.00,92.00
194.50,202.50,106.00,92.00
194.50,202.50,106.00,92.00
194.50,202.50,106.00,92.00
201.50,201.50,106.00,92.00
201.50,201.50,106.00,92.00
201.50,201.50,106.00,92.00
208.50,206.50,106.00,92.00
208.50,206.50,106.00,92.00
208.50,206.50,106.00,92.00
217.50,210.50,106.00,92.00
217.50,210.50,106.00,92.00
217.50,210.50,106.00,92.00
229.50,218.50,106.00,92.00
229.50,218.50,106.00,92.00
229.50,218.50,106.00,92.00
241.50,228.50,106.00,92.00
241.50,228.50,106.00,92.00
241.50,228.50,106.00,92.00
229.50,216.50,106.00,92.00
229.50,216.50,106.00,92.00
229.50,216.50,106.00,92.00
229.50,216.50,106.00,92.00
229.50,216.50,106.00,92.00
229.50,216.50,106.00,92.00
229.50,216.50,106.00,92.00
229.50,216.50,106.00,92.00
229.50,216.50,106.00,92.00
229.50,216.50,106.00,92.00
229.50,216.50,106.00,92.00
229.50,216.50,106.00,92.00
229.50,216.50,106.00,92.00
229.50,216.50,106.00,92.00
229.50,216.50,106.00,92.00
229.50,216.50,106.00,92.00
229.50,216.50,106.00,92.00
229.50,216.50,106.00,92.00
229.50,216.50,106.00,92.00
229.50,216.50,106.00,92.00
229.50,216.50,106.00,92.00
229.50,216.50,106.00,92.00
229.50,216.50,106.00,92.00
229.50,216.50,106.00,92.00
229.50,216.50,106.00,92.00
229.50,216.50,106.00,92.00
229.50,216.50,106.00,92.00
229.50,216.50,106.00,92.00
229.50,216.50,106.00,92.00
229.50,216.50,106.00,92.00
229.50,216.50,106.00,92.00
229.50,216.50,106.00,92.00
229.50,216.50,106.00,92.00
229.50,216.50,106.00,92.00
229.50,216.50,106.00,92.00
229.50,216.50,106.00,92.00
229.50,216.50,106.00,92.00
229.50,216.50,106.00,92.00
229.50,216.50,106.00,92.00
229.50,216.50,106.00,92.00
229.50,216.50,106.00,92.00
229.50,216.50,106.00,92.00
229.50,216.50,106.00,92.00
229.50,216.50,106.00,92.00
229.50,216.50,106.00,92.00
229.50,216.50,106.00,92.00
229.50,216.50,106.00,92.00
229.50,216.50,106.00,92.00
229.50,216.50,106.00,92.00
229.50,216.50,106.00,92.00
229.50,216.50,106.00,92.00
228.50,216.50,106.00,92.00
228.50,216.50,106.00,92.00
228.50,216.50,106.00,92.00
228.50,217.50,106.00,92.00
228.50,217.50,106.00,92.00
228.50,217.50,106.00,92.00
228.50,217.50,106.00,92.00
228.50,217.50,106.00,92.00
228.50,217.50,106.00,92.00
228.50,217.50,106.00,92.00
228.50,217.50,106.00,92.00
228.50,217.50,106.00,92.00
228.50,217.50,106.00,92.00
228.50,217.50,106.00,92.00
228.50,217.50,106.00,92.00
228.50,217.50,106.00,92.00
228.50,217.50,106.00,92.00
228.50,217.50,106.00,92.00
228.50,217.50,106.00,92.00
228.50,217.50,106.00,92.00
228.50,217.50,106.00,92.00
228.50,217.50,106.00,92.00
228.50,217.50,106.00,92.00
228.50,217.50,106.00,92.00
228.50,217.50,106.00,92.00
228.50,217.50,106.00,92.00
228.50,217.50,106.00,92.00
228.50,217.50,106.00,92.00
228.50,217.50,106.00,92.00
228.50,217.50,106.00,92.00
228.50,217.50,106.00,92.00
228.50,217.50,106.00,92.00
228.50,217.50,106.00,92.00
228.50,217.50,106.00,92.00
228.50,217.50,106.00,92.00
228.50,217.50,106.00,92.00
228.50,217.50,106.00,92.00
228.50,217.50,106.00,92.00
228.50,217.50,106.00,92.00
228.50,217.50,106.00,92.00
228.50,217.50,106.00,92.00
228.50,217.50,106.00,92.00
228.50,217.50,106.00,92.00
228.50,217.50,106.00,92.00
228.50,217.50,106.00,92.00
228.50,217.50,106.00,92.00
228.50,217.50,106.00,92.00
228.50,217.50,106.00,92.00
228.50,217.50,106.00,92.00
228.50,217.50,106.00,92.00
228.50,217.50,106.00,92.00
228.50,217.50,106.00,92.00
228.50,217.50,106.00,92.00
228.50,217.50,106.00,92.00
228.50,217.50,106.00,92.00
228.50,217.50,106.00,92.00
228.50,217.50,106.00,92.00
228.50,217.50,106.00,92.00
228.50,217.50,106.00,92.00
228.50,217.50,106.00,92.00
228.50,217.50,106.00,92.00
228.50,217.50,106.00,92.00
228.50,217.50,106.00,92.00
228.50,217.50,106.00,92.00
228.50,217.50,106.00,92.00
228.50,217.50,106.00,92.00
228.50,217.50,106.00,92.00
228.50,217.50,106.00,92.00
228.50,217.50,106.00,92.00
228.50,217.50,106.00,92.00
228.50,217.50,106.00,92.00
228.50,217.50,106.00,92.00
228.50,217.50,106.00,92.00
228.50,217.50,106.00,92.00
228.50,217.50,106.00,92.00
228.50,217.50,106.00,92.00
228.50,217.50,106.00,92.00
228.50,217.50,106.00,92.00
228.50,217.50,106.00,92.00
228.50,217.50,106.00,92.00
228.50,217.50,106.00,92.00
228.50,217.50,106.00,92.00
228.50,217.50,106.00,92.00
228.50,217.50,106.00,92.00
228.50,217.50,106.00,92.00
228.50,217.50,106.00,92.00
228.50,217.50,106.00,92.00
228.50,217.50,106.00,92.00
228.50,217.50,106.00,92.00
228.50,217.50,106.00,92.00
228.50,217.50,106.00,92.00
228.50,217.50,106.00,92.00
228.50,217.50,106.00,92.00
228.50,217.50,106.00,92.00
228.50,217.50,106.00,92.00
228.50,217.50,106.00,92.00
228.50,217.50,106.00,92.00
228.50,217.50,106.00,92.00
228.50,217.50,106.00,92.00
228.50,217.50,106.00,92.00
228.50,217.50,106.00,92.00
228.50,217.50,106.00,92.00
228.50,217.50,106.00,92.00
228.50,217.50,106.00,92.00
228.50,217.50,106.00,92.00
228.50,217.50,106.00,92.00
228.50,217.50,106.00,92.00
228.50,217.50,106.00,92.00
228.50,217.50,106.00,92.00
228.50,217.50,106.00,92.00
228.50,217.50,106.00,92.00
228.50,217.50,106.00,92.00
228.50,217.50,106.00,92.00
228.50,217.50,106.00,92.00
228.50,217.50,106.00,92.00
228.50,217.50,106.00,92.00
228.50,217.50,106.00,92.00
228.50,217.50,106.00,92.00
228.50,217.50,106.00,92.00
228.50,217.50,106.00,92.00
228.50,217.50,106.00,92.00
228.50,217.50,106.00,92.00
228.50,217.50,106.00,92.00
228.50,217.50,106.00,92.00
228.50,217.50,106.00,92.00
228.50,217.50,106.00,92.00
228.50,217.50,106.00,92.00
228.50,217.50,106.00,92.00
228.50,217.50,106.00,92.00
228.50,217.50,106.00,92.00
228.50,217.50,106.00,92.00
228.50,217.50,106.00,92.00
228.50,217.50,106.00,92.00
228.50,217.50,106.00,92.00
228.50,217.50,106.00,92.00
228.50,217.50,106.00,92.00
228.50,217.50,106.00,92.00
228.50,217.50,106.00,92.00
228.50,217.50,106.00,92.00
228.50,217.50,106.00,92.00
228.50,217.50,106.00,92.00
228.50,217.50,106.00,92.00
228.50,217.50,106.00,92.00
228.50,217.50,106.00,92.00
228.50,217.50,106.00,92.00
228.50,217.50,106.00,92.00
228.50,217.50,106.00,92.00
228.50,217.50,106.00,92.00
228.50,217.50,106.00,92.00
228.50,217.50,106.00,92.00
228.50,217.50,106.00,92.00
228.50,217.50,106.00,92.00
228.50,217.50,106.00,92.00
228.50,217.50,106.00,92.00
228.50,217.50,106.00,92.00
228.50,217.50,106.00,92.00
228.50,217.50,106.00,92.00
228.50,217.50,106.00,92.00
228.50,217.50,106.00,92.00
228.50,217.50,106.00,92.00
228.50,217.50,106.00,92.00
228.50,217.50,106.00,92.00
228.50,217.50,106.00,92.00
228.50,217.50,106.00,92.00
228.50,217.50,106.00,92.00
228.50,217.50,106.00,92.00
228.50,217.50,106.00,92.00
228.50,217.50,106.00,92.00
229.50,217.50,106.00,92.00
229.50,217.50,106.00,92.00
229.50,217.50,106.00,92.00
230.50,219.50,106.00,92.00
230.50,219.50,106.00,92.00
230.50,219.50,106.00,92.00
232.50,221.50,106.00,92.00
232.50,221.50,106.00,92.00
232.50,222.50,106.00,92.00
235.50,227.50,106.00,92.00
235.50,227.50,106.00,92.00
235.50,228.50,106.00,92.00
236.50,231.50,106.00,92.00
236.50,231.50,106.00,92.00
236.50,231.50,106.00,92.00
239.50,233.50,106.00,92.00
239.50,233.50,106.00,92.00
239.50,233.50,106.00,92.00
241.50,236.50,106.00,92.00
241.50,236.50,106.00,92.00
241.50,236.50,106.00,92.00
245.50,240.50,106.00,92.00
245.50,240.50,106.00,92.00
245.50,240.50,106.00,92.00
249.50,245.50,106.00,92.00
249.50,245.50,106.00,92.00
250.50,246.50,106.00,92.00
252.50,248.50,106.00,92.00
252.50,248.50,106.00,92.00
252.50,248.50,106.00,92.00
256.50,251.50,106.00,92.00
256.50,251.50,106.00,92.00
256.50,251.50,106.00,92.00
259.50,255.50,106.00,92.00
259.50,255.50,106.00,92.00
259.50,255.50,106.00,92.00
262.50,260.50,106.00,92.00
262.50,260.50,106.00,92.00
262.50,260.50,106.00,92.00
266.50,263.50,106.00,92.00
266.50,263.50,106.00,92.00
267.50,264.50,106.00,92.00
269.50,266.50,106.00,92.00
269.50,266.50,106.00,92.00
269.50,266.50,106.00,92.00
272.50,269.50,106.00,92.00
272.50,269.50,106.00,92.00
272.50,269.50,106.00,92.00
276.50,273.50,106.00,92.00
276.50,273.50,106.00,92.00
276.50,273.50,106.00,92.00
278.50,278.50,106.00,92.00
278.50,278.50,106.00,92.00
279.50,278.50,106.00,92.00
281.50,280.50,106.00,92.00
281.50,280.50,106.00,92.00
282.50,281.50,106.00,92.00
285.50,283.50,106.00,92.00
285.50,283.50,106.00,92.00
285.50,283.50,106.00,92.00
291.50,287.50,106.00,92.00
291.50,287.50,106.00,92.00
291.50,287.50,106.00,92.00
297.50,289.50,106.00,92.00
297.50,289.50,106.00,92.00
297.50,289.50,106.00,92.00
304.50,296.50,106.00,92.00
304.50,296.50,106.00,92.00
304.50,296.50,106.00,92.00
313.50,300.50,106.00,92.00
313.50,300.50,106.00,92.00
314.50,300.50,106.00,92.00
325.50,306.50,106.00,92.00
325.50,306.50,106.00,92.00
325.50,306.50,106.00,92.00
338.50,313.50,106.00,92.00
338.50,313.50,106.00,92.00
338.50,313.50,106.00,92.00
354.50,320.50,106.00,92.00
354.50,320.50,106.00,92.00
354.50,320.50,106.00,92.00
369.50,328.50,106.00,92.00
369.50,328.50,106.00,92.00
369.50,328.50,106.00,92.00
378.50,327.50,106.00,92.00
378.50,327.50,106.00,92.00
378.50,327.50,106.00,92.00
377.50,327.50,106.00,92.00
377.50,327.50,106.00,92.00
377.50,327.50,106.00,92.00
378.50,327.50,106.00,92.00
378.50,327.50,106.00,92.00
378.50,327.50,106.00,92.00
379.50,327.50,106.00,92.00
379.50,327.50,106.00,92.00
379.50,327.50,106.00,92.00
379.50,327.50,106.00,92.00
379.50,327.50,106.00,92.00
379.50,327.50,106.00,92.00
379.50,327.50,106.00,92.00
379.50,327.50,106.00,92.00
379.50,327.50,106.00,92.00
379.50,327.50,106.00,92.00
379.50,327.50,106.00,92.00
379.50,327.50,106.00,92.00
379.50,327.50,106.00,92.00
379.50,327.50,106.00,92.00
379.50,327.50,106.00,92.00
379.50,327.50,106.00,92.00
379.50,327.50,106.00,92.00
379.50,327.50,106.00,92.00
379.50,327.50,106.00,92.00
379.50,327.50,106.00,92.00
379.50,327.50,106.00,92.00
379.50,327.50,106.00,92.00
379.50,327.50,106.00,92.00
379.50,327.50,106.00,92.00
379.50,327.50,106.00,92.00
379.50,327.50,106.00,92.00
379.50,327.50,106.00,92.00
379.50,327.50,106.00,92.00
379.50,327.50,106.00,92.00
379.50,327.50,106.00,92.00
379.50,327.50,106.00,92.00
379.50,327.50,106.00,92.00
379.50,327.50,106.00,92.00
379.50,327.50,106.00,92.00
379.50,327.50,106.00,92.00
379.50,327.50,106.00,92.00
379.50,327.50,106.00,92.00
379.50,327.50,106.00,92.00
379.50,327.50,106.00,92.00
379.50,327.50,106.00,92.00
379.50,327.50,106.00,92.00
379.50,327.50,106.00,92.00
379.50,327.50,106.00,92.00
379.50,327.50,106.00,92.00
379.50,327.50,106.00,92.00
379.50,327.50,106.00,92.00
379.50,327.50,106.00,92.00
379.50,327.50,106.00,92.00
379.50,327.50,106.00,92.00
379.50,327.50,106.00,92.00
379.50,327.50,106.00,92.00
379.50,327.50,106.00,92.00
379.50,327.50,106.00,92.00
379.50,327.50,106.00,92.00
379.50,327.50,106.00,92.00
379.50,327.50,106.00,92.00
379.50,327.50,106.00,92.00
379.50,327.50,106.00,92.00
379.50,327.50,106.00,92.00
379.50,327.50,106.00,92.00
379.50,327.50,106.00,92.00
379.50,327.50,106.00,92.00
379.50,327.50,106.00,92.00
379.50,327.50,106.00,92.00
379.50,327.50,106.00,92.00
379.50,327.50,106.00,92.00
379.50,327.50,106.00,92.00
379.50,327.50,106.00,92.00
379.50,327.50,106.00,92.00
379.50,327.50,106.00,92.00
379.50,327.50,106.00,92.00
379.50,327.50,106.00,92.00
379.50,327.50,106.00,92.00
379.50,327.50,106.00,92.00
379.50,327.50,106.00,92.00
379.50,327.50,106.00,92.00
379.50,327.50,106.00,92.00
379.50,327.50,106.00,92.00
379.50,327.50,106.00,92.00
379.50,327.50,106.00,92.00
379.50,327.50,106.00,92.00
379.50,327.50,106.00,92.00
379.50,327.50,106.00,92.00
379.50,327.50,106.00,92.00
379.50,327.50,106.00,92.00
379.50,327.50,106.00,92.00
379.50,327.50,106.00,92.00
379.50,327.50,106.00,92.00
379.50,327.50,106.00,92.00
379.50,327.50,106.00,92.00
379.50,327.50,106.00,92.00
379.50,327.50,106.00,92.00
379.50,327.50,106.00,92.00
379.50,327.50,106.00,92.00
379.50,327.50,106.00,92.00
379.50,327.50,106.00,92.00
379.50,327.50,106.00,92.00
379.50,327.50,106.00,92.00
379.50,327.50,106.00,92.00
379.50,327.50,106.00,92.00
379.50,327.50,106.00,92.00
379.50,327.50,106.00,92.00
379.50,327.50,106.00,92.00
379.50,327.50,106.00,92.00
379.50,327.50,106.00,92.00
379.50,327.50,106.00,92.00
379.50,327.50,106.00,92.00
379.50,327.50,106.00,92.00
379.50,327.50,106.00,92.00
379.50,327.50,106.00,92.00
379.50,327.50,106.00,92.00
379.50,327.50,106.00,92.00
379.50,327.50,106.00,92.00
379.50,327.50,106.00,92.00
379.50,327.50,106.00,92.00
379.50,327.50,106.00,92.00
379.50,327.50,106.00,92.00
379.50,327.50,106.00,92.00
379.50,327.50,106.00,92.00
379.50,327.50,106.00,92.00
379.50,327.50,106.00,92.00
379.50,327.50,106.00,92.00
379.50,327.50,106.00,92.00
379.50,327.50,106.00,92.00
379.50,327.50,106.00,92.00
379.50,327.50,106.00,92.00
379.50,327.50,106.00,92.00
379.50,327.50,106.00,92.00
379.50,327.50,106.00,92.00
379.50,327.50,106.00,92.00
379.50,327.50,106.00,92.00
378.50,327.50,106.00,92.00
378.50,327.50,106.00,92.00
378.50,327.50,106.00,92.00
377.50,327.50,106.00,92.00
377.50,327.50,106.00,92.00
377.50,327.50,106.00,92.00
374.50,327.50,106.00,92.00
374.50,327.50,106.00,92.00
374.50,327.50,106.00,92.00
371.50,327.50,106.00,92.00
371.50,327.50,106.00,92.00
371.50,327.50,106.00,92.00
369.50,326.50,106.00,92.00
367.50,326.50,106.00,92.00
367.50,326.50,106.00,92.00
364.50,326.50,106.00,92.00
363.50,326.50,106.00,92.00
363.50,326.50,106.00,92.00
357.50,326.50,106.00,92.00
357.50,326.50,106.00,92.00
357.50,326.50,106.00,92.00
350.50,319.50,106.00,92.00
350.50,319.50,106.00,92.00
350.50,319.50,106.00,92.00
341.50,312.50,106.00,92.00
341.50,312.50,106.00,92.00
341.50,312.50,106.00,92.00
341.50,312.50,106.00,92.00
333.50,305.50,106.00,92.00
333.50,305.50,106.00,92.00
333.50,305.50,106.00,92.00
333.50,305.50,106.00,92.00
333.50,305.50,106.00,92.00
333.50,304.50,106.00,92.00
333.50,303.50,106.00,92.00
333.50,303.50,106.00,92.00
333.50,304.50,106.00,92.00
333.50,304.50,106.00,92.00
333.50,304.50,106.00,92.00
333.50,305.50,106.00,92.00
333.50,306.50,106.00,92.00
333.50,306.50,106.00,92.00
333.50,306.50,106.00,92.00
333.50,307.50,106.00,92.00
333.50,307.50,106.00,92.00
333.50,307.50,106.00,92.00
333.50,307.50,106.00,92.00
333.50,307.50,106.00,92.00
333.50,306.50,106.00,92.00
333.50,306.50,106.00,92.00
333.50,306.50,106.00,92.00
333.50,306.50,106.00,92.00
333.50,306.50,106.00,92.00
333.50,306.50,106.00,92.00
333.50,306.50,106.00,92.00
333.50,306.50,106.00,92.00
333.50,306.50,106.00,92.00
333.50,306.50,106.00,92.00
333.50,306.50,106.00,92.00
333.50,306.50,106.00,92.00
333.50,306.50,106.00,92.00
333.50,306.50,106.00,92.00
333.50,306.50,106.00,92.00
333.50,306.50,106.00,92.00
333.50,306.50,106.00,92.00
333.50,306.50,106.00,92.00
333.50,306.50,106.00,92.00
333.50,306.50,106.00,92.00
333.50,306.50,106.00,92.00
333.50,306.50,106.00,92.00
333.50,306.50,106.00,92.00
333.50,306.50,106.00,92.00
333.50,306.50,106.00,92.00
333.50,306.50,106.00,92.00
333.50,306.50,106.00,92.00
332.50,306.50,106.00,92.00
332.50,306.50,106.00,92.00
332.50,306.50,106.00,92.00
331.50,305.50,106.00,92.00
330.50,305.50,106.00,92.00
330.50,305.50,106.00,92.00
328.50,304.50,106.00,92.00
328.50,304.50,106.00,92.00
328.50,304.50,106.00,92.00
327.50,303.50,106.00,92.00
325.50,302.50,106.00,92.00
325.50,302.50,106.00,92.00
322.50,300.50,106.00,92.00
321.50,299.50,106.00,92.00
321.50,299.50,106.00,92.00
317.50,296.50,106.00,92.00
316.50,295.50,106.00,92.00
316.50,295.50,106.00,92.00
316.50,291.50,106.00,92.00
316.50,291.50,106.00,92.00
316.50,291.50,106.00,92.00
313.50,288.50,106.00,92.00
312.50,288.50,106.00,92.00
312.50,288.50,106.00,92.00
312.50,288.50,106.00,92.00
303.50,283.50,106.00,92.00
303.50,283.50,106.00,92.00
299.50,279.50,106.00,92.00
298.50,278.50,106.00,92.00
298.50,278.50,106.00,92.00
297.50,276.50,106.00,92.00
296.50,275.50,106.00,92.00
296.50,275.50,106.00,92.00
293.50,271.50,106.00,92.00
292.50,270.50,106.00,92.00
292.50,270.50,106.00,92.00
293.50,266.50,106.00,92.00
293.50,266.50,106.00,92.00
293.50,266.50,106.00,92.00
293.50,266.50,106.00,92.00
295.50,268.50,106.00,92.00
295.50,268.50,106.00,92.00
294.50,269.50,106.00,92.00
293.50,273.50,106.00,92.00
293.50,273.50,106.00,92.00
293.50,273.50,106.00,92.00
293.50,272.50,106.00,92.00
293.50,272.50,106.00,92.00
293.50,271.50,106.00,92.00
293.50,271.50,106.00,92.00
293.50,271.50,106.00,92.00
293.50,271.50,106.00,92.00
293.50,271.50,106.00,92.00
293.50,271.50,106.00,92.00
293.50,271.50,106.00,92.00
293.50,271.50,106.00,92.00
293.50,271.50,106.00,92.00
293.50,271.50,106.00,92.00
293.50,271.50,106.00,92.00
293.50,271.50,106.00,92.00
293.50,271.50,106.00,92.00
293.50,271.50,106.00,92.00
293.50,271.50,106.00,92.00
293.50,271.50,106.00,92.00
293.50,271.50,106.00,92.00
293.50,271.50,106.00,92.00
293.50,271.50,106.00,92.00
293.50,271.50,106.00,92.00
293.50,271.50,106.00,92.00
293.50,271.50,106.00,92.00
293.50,271.50,106.00,92.00
293.50,271.50,106.00,92.00
293.50,271.50,106.00,92.00
293.50,271.50,106.00,92.00
293.50,271.50,106.00,92.00
293.50,272.50,106.00,92.00
294.50,272.50,106.00,92.00
294.50,272.50,106.00,92.00
295.50,273.50,106.00,92.00
295.50,273.50,106.00,92.00
295.50,273.50,106.00,92.00
297.50,275.50,106.00,92.00
297.50,275.50,106.00,92.00
297.50,275.50,106.00,92.00
298.50,276.50,106.00,92.00
300.50,277.50,106.00,92.00
300.50,277.50,106.00,92.00
302.50,278.50,106.00,92.00
304.50,279.50,106.00,92.00
304.50,279.50,106.00,92.00
309.50,282.50,106.00,92.00
310.50,283.50,106.00,92.00
310.50,283.50,106.00,92.00
315.50,287.50,106.00,92.00
315.50,287.50,106.00,92.00
315.50,287.50,106.00,92.00
321.50,291.50,106.00,92.00
321.50,291.50,106.00,92.00
321.50,291.50,106.00,92.00
321.50,291.50,106.00,92.00
329.50,295.50,106.00,92.00
329.50,295.50,106.00,92.00
329.50,295.50,106.00,92.00
337.50,301.50,106.00,92.00
337.50,301.50,106.00,92.00
347.50,308.50,106.00,92.00
347.50,308.50,106.00,92.00
347.50,308.50,106.00,92.00
359.50,316.50,106.00,92.00
360.50,316.50,106.00,92.00
360.50,316.50,106.00,92.00
374.50,326.50,106.00,92.00
374.50,326.50,106.00,92.00
374.50,326.50,106.00,92.00
374.50,326.50,106.00,92.00
384.50,327.50,106.00,92.00
384.50,327.50,106.00,92.00
384.50,327.50,106.00,92.00
384.50,327.50,106.00,92.00
